Datetime,Open,High,Low,Close,Adj Close,Volume
2021-07-15-04-27-00 GMT-0400,62.86,62.87,62.86,62.87,62.87,0
2021-07-15-04-33-00 GMT-0400,62.87,62.87,62.87,62.87,62.87,0
2021-07-15-04-42-00 GMT-0400,62.66,62.66,62.62,62.62,62.62,0
2021-07-15-05-23-00 GMT-0400,62.78,62.78,62.78,62.78,62.78,0
2021-07-15-05-55-00 GMT-0400,62.8,63.06,62.8,63.06,63.06,0
2021-07-15-05-58-00 GMT-0400,63.04,63.04,63.04,63.04,63.04,0
2021-07-15-06-07-00 GMT-0400,63.06,63.06,63.06,63.06,63.06,0
2021-07-15-07-00-00 GMT-0400,62.97,62.97,62.97,62.97,62.97,0
2021-07-15-07-06-00 GMT-0400,62.76,62.76,62.73,62.73,62.73,0
2021-07-15-07-15-00 GMT-0400,62.73,62.73,62.72,62.72,62.72,0
2021-07-15-07-16-00 GMT-0400,62.72,62.76,62.63,62.63,62.63,0
2021-07-15-07-20-00 GMT-0400,62.53,62.56,62.5,62.56,62.56,0
2021-07-15-07-21-00 GMT-0400,62.52,62.52,62.48,62.48,62.48,0
2021-07-15-07-22-00 GMT-0400,62.41,62.41,62.41,62.41,62.41,0
2021-07-15-07-28-00 GMT-0400,62.39,62.5,62.39,62.41,62.41,0
2021-07-15-07-29-00 GMT-0400,62.39,62.5,62.39,62.5,62.5,0
2021-07-15-07-44-00 GMT-0400,62.49,62.5,62.49,62.49,62.49,0
2021-07-15-07-50-00 GMT-0400,62.47,62.55,62.47,62.55,62.55,0
2021-07-15-07-58-00 GMT-0400,62.61,62.61,62.61,62.61,62.61,0
2021-07-15-08-00-00 GMT-0400,62.8999,62.9,62.2,62.25,62.25,0
2021-07-15-08-05-00 GMT-0400,62.26,62.5,62.26,62.49,62.49,0
2021-07-15-08-13-00 GMT-0400,62.69,62.69,62.58,62.58,62.58,0
2021-07-15-08-14-00 GMT-0400,62.69,62.69,62.69,62.69,62.69,0
2021-07-15-08-19-00 GMT-0400,62.59,62.61,62.59,62.61,62.61,0
2021-07-15-08-20-00 GMT-0400,62.46,62.49,62.26,62.26,62.26,0
2021-07-15-08-22-00 GMT-0400,62.4,62.4,62.4,62.4,62.4,0
2021-07-15-08-27-00 GMT-0400,62.47,62.48,62.47,62.47,62.47,0
2021-07-15-08-28-00 GMT-0400,62.45,62.47,62.45,62.47,62.47,0
2021-07-15-08-33-00 GMT-0400,62.42,62.42,62.26,62.26,62.26,0
2021-07-15-08-35-00 GMT-0400,62.47,62.5,62.45,62.45,62.45,0
2021-07-15-08-41-00 GMT-0400,62.46,62.53,62.46,62.53,62.53,0
2021-07-15-08-42-00 GMT-0400,62.46,62.53,62.45,62.45,62.45,0
2021-07-15-08-45-00 GMT-0400,62.53,62.53,62.53,62.53,62.53,0
2021-07-15-08-47-00 GMT-0400,62.4499,62.45,62.4499,62.45,62.45,0
2021-07-15-08-58-00 GMT-0400,62.4,62.4,62.31,62.4,62.4,0
2021-07-15-08-59-00 GMT-0400,62.3,62.31,62.3,62.31,62.31,0
2021-07-15-09-00-00 GMT-0400,62.3,62.4,62.3,62.35,62.35,0
2021-07-15-09-01-00 GMT-0400,62.4,62.4,62.3999,62.3999,62.3999,0
2021-07-15-09-02-00 GMT-0400,62.35,62.4,62.3,62.35,62.35,0
2021-07-15-09-03-00 GMT-0400,62.3,62.4,62.3,62.4,62.4,0
2021-07-15-09-04-00 GMT-0400,62.4,62.4,62.35,62.4,62.4,0
2021-07-15-09-06-00 GMT-0400,62.4,62.4,62.33,62.4,62.4,0
2021-07-15-09-07-00 GMT-0400,62.28,62.4,62.28,62.33,62.33,0
2021-07-15-09-08-00 GMT-0400,62.4,62.4,62.33,62.33,62.33,0
2021-07-15-09-09-00 GMT-0400,62.383,62.4,62.26,62.33,62.33,0
2021-07-15-09-10-00 GMT-0400,62.4,62.4,62.26,62.26,62.26,0
2021-07-15-09-11-00 GMT-0400,62.4,62.4,62.26,62.4,62.4,0
2021-07-15-09-12-00 GMT-0400,62.33,62.33,62.26,62.33,62.33,0
2021-07-15-09-13-00 GMT-0400,62.26,62.33,62.25,62.285,62.285,0
2021-07-15-09-14-00 GMT-0400,62.3,62.4,62.25,62.25,62.25,0
2021-07-15-09-30-00 GMT-0400,61.25,61.33000183105469,61.20000076293945,61.33000183105469,61.33000183105469,248516
2021-07-15-09-31-00 GMT-0400,61.33000183105469,61.70000076293945,61.310001373291016,61.60599899291992,61.60599899291992,54121
2021-07-15-09-32-00 GMT-0400,61.560001373291016,61.619998931884766,61.369998931884766,61.51499938964844,61.51499938964844,87664
2021-07-15-09-33-00 GMT-0400,61.540000915527344,61.7400016784668,61.310001373291016,61.400001525878906,61.400001525878906,64385
2021-07-15-09-34-00 GMT-0400,61.375,61.41999816894531,61.220001220703125,61.22999954223633,61.22999954223633,39984
2021-07-15-09-35-00 GMT-0400,61.20000076293945,61.2400016784668,60.86000061035156,61.14039993286133,61.14039993286133,107267
2021-07-15-09-36-00 GMT-0400,61.13999938964844,61.369998931884766,61.13999938964844,61.25849914550781,61.25849914550781,49088
2021-07-15-09-37-00 GMT-0400,61.209999084472656,61.380001068115234,61.13999938964844,61.13999938964844,61.13999938964844,41874
2021-07-15-09-38-00 GMT-0400,61.11000061035156,61.16999816894531,60.880001068115234,60.97999954223633,60.97999954223633,61047
2021-07-15-09-39-00 GMT-0400,60.975399017333984,60.99079895019531,60.7599983215332,60.88999938964844,60.88999938964844,45067
2021-07-15-09-40-00 GMT-0400,60.86880111694336,61.16999816894531,60.79999923706055,61.130001068115234,61.130001068115234,65541
2021-07-15-09-41-00 GMT-0400,61.09000015258789,61.37260055541992,61.09000015258789,61.25,61.25,75966
2021-07-15-09-42-00 GMT-0400,61.27000045776367,61.349998474121094,61.119998931884766,61.185001373291016,61.185001373291016,51402
2021-07-15-09-43-00 GMT-0400,61.189998626708984,61.45000076293945,61.1775016784668,61.439998626708984,61.439998626708984,42689
2021-07-15-09-44-00 GMT-0400,61.40999984741211,61.529998779296875,61.38999938964844,61.5099983215332,61.5099983215332,31164
2021-07-15-09-45-00 GMT-0400,61.4900016784668,61.65999984741211,61.470001220703125,61.63999938964844,61.63999938964844,31190
2021-07-15-09-46-00 GMT-0400,61.63999938964844,61.70000076293945,61.56999969482422,61.70000076293945,61.70000076293945,28947
2021-07-15-09-47-00 GMT-0400,61.68000030517578,61.79999923706055,61.58000183105469,61.6150016784668,61.6150016784668,52461
2021-07-15-09-48-00 GMT-0400,61.599998474121094,61.599998474121094,61.52000045776367,61.529998779296875,61.529998779296875,46234
2021-07-15-09-49-00 GMT-0400,61.52000045776367,61.81999969482422,61.5,61.81999969482422,61.81999969482422,31757
2021-07-15-09-50-00 GMT-0400,61.86000061035156,61.95989990234375,61.79999923706055,61.79999923706055,61.79999923706055,20502
2021-07-15-09-51-00 GMT-0400,61.849998474121094,61.93000030517578,61.79499816894531,61.8400993347168,61.8400993347168,43398
2021-07-15-09-52-00 GMT-0400,61.86000061035156,61.970001220703125,61.79999923706055,61.81999969482422,61.81999969482422,31016
2021-07-15-09-53-00 GMT-0400,61.81999969482422,61.83000183105469,61.61000061035156,61.72999954223633,61.72999954223633,27672
2021-07-15-09-54-00 GMT-0400,61.72999954223633,61.93000030517578,61.720001220703125,61.93000030517578,61.93000030517578,17914
2021-07-15-09-55-00 GMT-0400,61.935001373291016,62.150001525878906,61.935001373291016,62.099998474121094,62.099998474121094,38734
2021-07-15-09-56-00 GMT-0400,62.03499984741211,62.340999603271484,62.029998779296875,62.34000015258789,62.34000015258789,52386
2021-07-15-09-57-00 GMT-0400,62.33000183105469,62.36000061035156,62.220001220703125,62.29999923706055,62.29999923706055,24507
2021-07-15-09-58-00 GMT-0400,62.29999923706055,62.41999816894531,62.2599983215332,62.29499816894531,62.29499816894531,27559
2021-07-15-09-59-00 GMT-0400,62.28499984741211,62.43000030517578,62.28499984741211,62.39500045776367,62.39500045776367,18391
2021-07-15-10-00-00 GMT-0400,62.39099884033203,62.439998626708984,62.27009963989258,62.38999938964844,62.38999938964844,44068
2021-07-15-10-01-00 GMT-0400,62.400001525878906,62.45000076293945,62.33000183105469,62.43000030517578,62.43000030517578,40144
2021-07-15-10-02-00 GMT-0400,62.44990158081055,62.54999923706055,62.40999984741211,62.480098724365234,62.480098724365234,48150
2021-07-15-10-03-00 GMT-0400,62.47999954223633,62.47999954223633,62.369998931884766,62.470001220703125,62.470001220703125,32767
2021-07-15-10-04-00 GMT-0400,62.45000076293945,62.459999084472656,62.369998931884766,62.369998931884766,62.369998931884766,26558
2021-07-15-10-05-00 GMT-0400,62.349998474121094,62.400001525878906,62.27000045776367,62.348201751708984,62.348201751708984,29022
2021-07-15-10-06-00 GMT-0400,62.369998931884766,62.5,62.369998931884766,62.42499923706055,62.42499923706055,21357
2021-07-15-10-07-00 GMT-0400,62.40999984741211,62.540000915527344,62.375,62.5,62.5,33458
2021-07-15-10-08-00 GMT-0400,62.45009994506836,62.4807014465332,62.349998474121094,62.400001525878906,62.400001525878906,9372
2021-07-15-10-09-00 GMT-0400,62.400001525878906,62.52000045776367,62.345001220703125,62.52000045776367,62.52000045776367,18020
2021-07-15-10-10-00 GMT-0400,62.51499938964844,62.61000061035156,62.470001220703125,62.5099983215332,62.5099983215332,12386
2021-07-15-10-11-00 GMT-0400,62.470001220703125,62.619998931884766,62.400001525878906,62.58000183105469,62.58000183105469,36953
2021-07-15-10-12-00 GMT-0400,62.57500076293945,62.59000015258789,62.42940139770508,62.499900817871094,62.499900817871094,32508
2021-07-15-10-13-00 GMT-0400,62.4900016784668,62.56999969482422,62.470001220703125,62.505001068115234,62.505001068115234,22191
2021-07-15-10-14-00 GMT-0400,62.4900016784668,62.4900016784668,62.43009948730469,62.45000076293945,62.45000076293945,19730
2021-07-15-10-15-00 GMT-0400,62.42499923706055,62.5,62.3849983215332,62.459999084472656,62.459999084472656,13436
2021-07-15-10-16-00 GMT-0400,62.470001220703125,62.630001068115234,62.45000076293945,62.4900016784668,62.4900016784668,40035
2021-07-15-10-17-00 GMT-0400,62.5099983215332,62.52000045776367,62.27009963989258,62.27009963989258,62.27009963989258,31785
2021-07-15-10-18-00 GMT-0400,62.27000045776367,62.279998779296875,62.150001525878906,62.19499969482422,62.19499969482422,29311
2021-07-15-10-19-00 GMT-0400,62.19390106201172,62.20000076293945,61.95000076293945,62.0,62.0,59756
2021-07-15-10-20-00 GMT-0400,61.97999954223633,62.060001373291016,61.93000030517578,61.970001220703125,61.970001220703125,43139
2021-07-15-10-21-00 GMT-0400,61.95500183105469,61.994998931884766,61.939998626708984,61.989898681640625,61.989898681640625,11123
2021-07-15-10-22-00 GMT-0400,61.94499969482422,61.95000076293945,61.816200256347656,61.83000183105469,61.83000183105469,16657
2021-07-15-10-23-00 GMT-0400,61.83000183105469,62.06999969482422,61.810001373291016,62.04499816894531,62.04499816894531,33991
2021-07-15-10-24-00 GMT-0400,62.04499816894531,62.130001068115234,62.02000045776367,62.029998779296875,62.029998779296875,11766
2021-07-15-10-25-00 GMT-0400,62.0099983215332,62.04999923706055,61.86000061035156,61.86000061035156,61.86000061035156,19896
2021-07-15-10-26-00 GMT-0400,61.88999938964844,61.88999938964844,61.72999954223633,61.7599983215332,61.7599983215332,43669
2021-07-15-10-27-00 GMT-0400,61.70000076293945,61.7400016784668,61.599998474121094,61.619998931884766,61.619998931884766,55700
2021-07-15-10-28-00 GMT-0400,61.599998474121094,61.63610076904297,61.459999084472656,61.459999084472656,61.459999084472656,39985
2021-07-15-10-29-00 GMT-0400,61.470001220703125,61.54999923706055,61.459999084472656,61.540000915527344,61.540000915527344,23773
2021-07-15-10-30-00 GMT-0400,61.54499816894531,61.54999923706055,61.41999816894531,61.54999923706055,61.54999923706055,51476
2021-07-15-10-31-00 GMT-0400,61.540000915527344,61.54999923706055,61.36009979248047,61.38999938964844,61.38999938964844,44789
2021-07-15-10-32-00 GMT-0400,61.369998931884766,61.41999816894531,61.29999923706055,61.33000183105469,61.33000183105469,33788
2021-07-15-10-33-00 GMT-0400,61.33000183105469,61.33000183105469,61.20000076293945,61.209999084472656,61.209999084472656,23600
2021-07-15-10-34-00 GMT-0400,61.20000076293945,61.220001220703125,61.09000015258789,61.150001525878906,61.150001525878906,39881
2021-07-15-10-35-00 GMT-0400,61.150001525878906,61.150001525878906,61.04999923706055,61.099998474121094,61.099998474121094,53988
2021-07-15-10-36-00 GMT-0400,61.099998474121094,61.130001068115234,61.08000183105469,61.09000015258789,61.09000015258789,40124
2021-07-15-10-37-00 GMT-0400,61.09000015258789,61.099998474121094,61.029998779296875,61.029998779296875,61.029998779296875,31931
2021-07-15-10-38-00 GMT-0400,61.04499816894531,61.06999969482422,61.0099983215332,61.060001373291016,61.060001373291016,68960
2021-07-15-10-39-00 GMT-0400,61.06999969482422,61.189998626708984,61.04999923706055,61.150001525878906,61.150001525878906,51520
2021-07-15-10-40-00 GMT-0400,61.130001068115234,61.13850021362305,60.86000061035156,60.88050079345703,60.88050079345703,87563
2021-07-15-10-41-00 GMT-0400,60.880001068115234,60.886199951171875,60.790000915527344,60.849998474121094,60.849998474121094,60393
2021-07-15-10-42-00 GMT-0400,60.849998474121094,60.849998474121094,60.73500061035156,60.73500061035156,60.73500061035156,45648
2021-07-15-10-43-00 GMT-0400,60.7400016784668,60.849998474121094,60.669898986816406,60.66999816894531,60.66999816894531,56389
2021-07-15-10-44-00 GMT-0400,60.66999816894531,60.77000045776367,60.630001068115234,60.650001525878906,60.650001525878906,38736
2021-07-15-10-45-00 GMT-0400,60.650001525878906,60.709999084472656,60.56999969482422,60.58000183105469,60.58000183105469,117792
2021-07-15-10-46-00 GMT-0400,60.560001373291016,60.720001220703125,60.540000915527344,60.6150016784668,60.6150016784668,57145
2021-07-15-10-47-00 GMT-0400,60.61000061035156,60.650001525878906,60.560001373291016,60.58000183105469,60.58000183105469,60444
2021-07-15-10-48-00 GMT-0400,60.58000183105469,60.689998626708984,60.564998626708984,60.56999969482422,60.56999969482422,59360
2021-07-15-10-49-00 GMT-0400,60.560001373291016,60.61000061035156,60.439998626708984,60.459999084472656,60.459999084472656,96604
2021-07-15-10-50-00 GMT-0400,60.47999954223633,60.56999969482422,60.45000076293945,60.489898681640625,60.489898681640625,40536
2021-07-15-10-51-00 GMT-0400,60.47999954223633,60.66999816894531,60.47999954223633,60.65999984741211,60.65999984741211,99617
2021-07-15-10-52-00 GMT-0400,60.650001525878906,60.685001373291016,60.56999969482422,60.63999938964844,60.63999938964844,56417
2021-07-15-10-53-00 GMT-0400,60.61040115356445,60.630001068115234,60.5,60.529998779296875,60.529998779296875,40944
2021-07-15-10-54-00 GMT-0400,60.52000045776367,60.560001373291016,60.40999984741211,60.465999603271484,60.465999603271484,47735
2021-07-15-10-55-00 GMT-0400,60.45000076293945,60.470001220703125,60.310001373291016,60.45500183105469,60.45500183105469,126873
2021-07-15-10-56-00 GMT-0400,60.45500183105469,60.599998474121094,60.42499923706055,60.56850051879883,60.56850051879883,82350
2021-07-15-10-57-00 GMT-0400,60.56999969482422,60.68000030517578,60.560001373291016,60.599998474121094,60.599998474121094,124053
2021-07-15-10-58-00 GMT-0400,60.599998474121094,60.66999816894531,60.52579879760742,60.529998779296875,60.529998779296875,61480
2021-07-15-10-59-00 GMT-0400,60.52000045776367,60.540000915527344,60.470001220703125,60.494998931884766,60.494998931884766,32801
2021-07-15-11-00-00 GMT-0400,60.470001220703125,60.650001525878906,60.46009826660156,60.61970138549805,60.61970138549805,36200
2021-07-15-11-01-00 GMT-0400,60.599998474121094,60.665000915527344,60.560001373291016,60.56060028076172,60.56060028076172,38171
2021-07-15-11-02-00 GMT-0400,60.54999923706055,60.58000183105469,60.459999084472656,60.459999084472656,60.459999084472656,51716
2021-07-15-11-03-00 GMT-0400,60.45500183105469,60.4900016784668,60.36000061035156,60.3849983215332,60.3849983215332,47375
2021-07-15-11-04-00 GMT-0400,60.38999938964844,60.525001525878906,60.380001068115234,60.40999984741211,60.40999984741211,29129
2021-07-15-11-05-00 GMT-0400,60.4119987487793,60.58000183105469,60.4119987487793,60.54999923706055,60.54999923706055,30067
2021-07-15-11-06-00 GMT-0400,60.53499984741211,60.72999954223633,60.53499984741211,60.709999084472656,60.709999084472656,48567
2021-07-15-11-08-00 GMT-0400,60.68989944458008,60.71620178222656,60.65999984741211,60.709999084472656,60.709999084472656,98367
2021-07-15-11-09-00 GMT-0400,60.70009994506836,60.71989822387695,60.56999969482422,60.619998931884766,60.619998931884766,19052
2021-07-15-11-11-00 GMT-0400,60.61000061035156,60.6161994934082,60.59000015258789,60.60499954223633,60.60499954223633,38637
2021-07-15-11-12-00 GMT-0400,60.619998931884766,60.63999938964844,60.599998474121094,60.630001068115234,60.630001068115234,22068
2021-07-15-11-13-00 GMT-0400,60.63999938964844,60.720001220703125,60.63600158691406,60.71540069580078,60.71540069580078,20926
2021-07-15-11-14-00 GMT-0400,60.720001220703125,60.939998626708984,60.670101165771484,60.915000915527344,60.915000915527344,72909
2021-07-15-11-15-00 GMT-0400,60.93000030517578,60.93539810180664,60.830101013183594,60.849998474121094,60.849998474121094,62863
2021-07-15-11-16-00 GMT-0400,60.83000183105469,60.86000061035156,60.77000045776367,60.790000915527344,60.790000915527344,32604
2021-07-15-11-17-00 GMT-0400,60.779998779296875,60.779998779296875,60.689998626708984,60.724998474121094,60.724998474121094,76234
2021-07-15-11-18-00 GMT-0400,60.72999954223633,60.72999954223633,60.61000061035156,60.66999816894531,60.66999816894531,63877
2021-07-15-11-19-00 GMT-0400,60.65999984741211,60.72819900512695,60.630001068115234,60.709999084472656,60.709999084472656,54266
2021-07-15-11-20-00 GMT-0400,60.70000076293945,60.77000045776367,60.689998626708984,60.70000076293945,60.70000076293945,71317
2021-07-15-11-21-00 GMT-0400,60.7599983215332,60.7599983215332,60.70000076293945,60.709999084472656,60.709999084472656,54717
2021-07-15-11-22-00 GMT-0400,60.709999084472656,60.77000045776367,60.70000076293945,60.7599983215332,60.7599983215332,36130
2021-07-15-11-23-00 GMT-0400,60.7599983215332,60.82740020751953,60.7599983215332,60.81999969482422,60.81999969482422,22138
2021-07-15-11-24-00 GMT-0400,60.83000183105469,60.88999938964844,60.79999923706055,60.81999969482422,60.81999969482422,31955
2021-07-15-11-25-00 GMT-0400,60.810001373291016,60.810001373291016,60.755001068115234,60.779998779296875,60.779998779296875,21790
2021-07-15-11-26-00 GMT-0400,60.790000915527344,60.790000915527344,60.70000076293945,60.7599983215332,60.7599983215332,58925
2021-07-15-11-27-00 GMT-0400,60.75,60.77000045776367,60.71500015258789,60.72990036010742,60.72990036010742,18318
2021-07-15-11-28-00 GMT-0400,60.72999954223633,60.75,60.68000030517578,60.70000076293945,60.70000076293945,28331
2021-07-15-11-29-00 GMT-0400,60.70000076293945,60.72819900512695,60.59000015258789,60.59000015258789,60.59000015258789,28074
2021-07-15-11-30-00 GMT-0400,60.59000015258789,60.61000061035156,60.560001373291016,60.584999084472656,60.584999084472656,34481
2021-07-15-11-31-00 GMT-0400,60.599998474121094,60.61000061035156,60.53499984741211,60.542301177978516,60.542301177978516,13965
2021-07-15-11-32-00 GMT-0400,60.53499984741211,60.59000015258789,60.52000045776367,60.54999923706055,60.54999923706055,31583
2021-07-15-11-33-00 GMT-0400,60.560001373291016,60.69129943847656,60.54999923706055,60.670101165771484,60.670101165771484,37095
2021-07-15-11-34-00 GMT-0400,60.70000076293945,60.7599983215332,60.65999984741211,60.74150085449219,60.74150085449219,11637
2021-07-15-11-35-00 GMT-0400,60.7599983215332,60.7599983215332,60.70000076293945,60.72999954223633,60.72999954223633,19727
2021-07-15-11-36-00 GMT-0400,60.75,60.81999969482422,60.67499923706055,60.810001373291016,60.810001373291016,20212
2021-07-15-11-37-00 GMT-0400,60.79999923706055,60.81999969482422,60.72999954223633,60.775001525878906,60.775001525878906,28121
2021-07-15-11-38-00 GMT-0400,60.779998779296875,60.939998626708984,60.7400016784668,60.91999816894531,60.91999816894531,37538
2021-07-15-11-39-00 GMT-0400,60.91270065307617,60.94839859008789,60.88999938964844,60.90999984741211,60.90999984741211,47318
2021-07-15-11-40-00 GMT-0400,60.900001525878906,60.900001525878906,60.82149887084961,60.880001068115234,60.880001068115234,34467
2021-07-15-11-41-00 GMT-0400,60.880001068115234,60.891998291015625,60.81999969482422,60.82500076293945,60.82500076293945,13268
2021-07-15-11-42-00 GMT-0400,60.83000183105469,60.83000183105469,60.7599983215332,60.76499938964844,60.76499938964844,32774
2021-07-15-11-43-00 GMT-0400,60.7599983215332,60.79999923706055,60.720001220703125,60.77000045776367,60.77000045776367,35734
2021-07-15-11-44-00 GMT-0400,60.77000045776367,60.84659957885742,60.76380157470703,60.84659957885742,60.84659957885742,10818
2021-07-15-11-45-00 GMT-0400,60.849998474121094,60.875,60.779998779296875,60.779998779296875,60.779998779296875,15859
2021-07-15-11-46-00 GMT-0400,60.810001373291016,60.83000183105469,60.72010040283203,60.72010040283203,60.72010040283203,25324
2021-07-15-11-47-00 GMT-0400,60.73149871826172,60.790000915527344,60.72999954223633,60.75,60.75,21570
2021-07-15-11-48-00 GMT-0400,60.75,60.75,60.59000015258789,60.599998474121094,60.599998474121094,25549
2021-07-15-11-49-00 GMT-0400,60.59000015258789,60.709999084472656,60.584999084472656,60.70669937133789,60.70669937133789,42429
2021-07-15-11-50-00 GMT-0400,60.709999084472656,60.7400016784668,60.68000030517578,60.689998626708984,60.689998626708984,26154
2021-07-15-11-51-00 GMT-0400,60.69990158081055,60.7599983215332,60.69990158081055,60.73500061035156,60.73500061035156,45321
2021-07-15-11-52-00 GMT-0400,60.7400016784668,60.77000045776367,60.70500183105469,60.70500183105469,60.70500183105469,23184
2021-07-15-11-53-00 GMT-0400,60.70000076293945,60.70000076293945,60.650001525878906,60.650001525878906,60.650001525878906,13759
2021-07-15-11-54-00 GMT-0400,60.650001525878906,60.66849899291992,60.54999923706055,60.54999923706055,60.54999923706055,25554
2021-07-15-11-55-00 GMT-0400,60.54199981689453,60.599998474121094,60.540000915527344,60.57500076293945,60.57500076293945,22388
2021-07-15-11-56-00 GMT-0400,60.56999969482422,60.59000015258789,60.525001525878906,60.54999923706055,60.54999923706055,16843
2021-07-15-11-57-00 GMT-0400,60.560001373291016,60.59000015258789,60.529998779296875,60.58000183105469,60.58000183105469,34599
2021-07-15-11-58-00 GMT-0400,60.58000183105469,60.58000183105469,60.560001373291016,60.58000183105469,60.58000183105469,36311
2021-07-15-11-59-00 GMT-0400,60.57500076293945,60.58399963378906,60.4900016784668,60.529998779296875,60.529998779296875,24617
2021-07-15-12-00-00 GMT-0400,60.52000045776367,60.58000183105469,60.4900016784668,60.54999923706055,60.54999923706055,16189
2021-07-15-12-01-00 GMT-0400,60.540000915527344,60.560001373291016,60.44990158081055,60.45500183105469,60.45500183105469,31243
2021-07-15-12-02-00 GMT-0400,60.45989990234375,60.54999923706055,60.45000076293945,60.52000045776367,60.52000045776367,19940
2021-07-15-12-03-00 GMT-0400,60.5,60.5,60.41999816894531,60.46989822387695,60.46989822387695,19458
2021-07-15-12-04-00 GMT-0400,60.45000076293945,60.459999084472656,60.429901123046875,60.435001373291016,60.435001373291016,11706
2021-07-15-12-05-00 GMT-0400,60.43000030517578,60.459999084472656,60.38999938964844,60.448001861572266,60.448001861572266,20845
2021-07-15-12-06-00 GMT-0400,60.44340133666992,60.529998779296875,60.41999816894531,60.459999084472656,60.459999084472656,19717
2021-07-15-12-07-00 GMT-0400,60.459999084472656,60.4900016784668,60.45000076293945,60.4900016784668,60.4900016784668,15473
2021-07-15-12-08-00 GMT-0400,60.4900016784668,60.525001525878906,60.33000183105469,60.334999084472656,60.334999084472656,25201
2021-07-15-12-09-00 GMT-0400,60.34000015258789,60.345001220703125,60.26459884643555,60.32500076293945,60.32500076293945,31034
2021-07-15-12-10-00 GMT-0400,60.31999969482422,60.44499969482422,60.31019973754883,60.41999816894531,60.41999816894531,20117
2021-07-15-12-11-00 GMT-0400,60.41999816894531,60.41999816894531,60.310001373291016,60.31999969482422,60.31999969482422,25260
2021-07-15-12-12-00 GMT-0400,60.314998626708984,60.4099006652832,60.28379821777344,60.400001525878906,60.400001525878906,35755
2021-07-15-12-13-00 GMT-0400,60.38999938964844,60.499900817871094,60.380001068115234,60.499900817871094,60.499900817871094,13812
2021-07-15-12-14-00 GMT-0400,60.48500061035156,60.52000045776367,60.44020080566406,60.505001068115234,60.505001068115234,33357
2021-07-15-12-15-00 GMT-0400,60.47999954223633,60.494998931884766,60.439998626708984,60.45000076293945,60.45000076293945,23913
2021-07-15-12-16-00 GMT-0400,60.41999816894531,60.48500061035156,60.38999938964844,60.48500061035156,60.48500061035156,22710
2021-07-15-12-17-00 GMT-0400,60.47999954223633,60.52000045776367,60.470001220703125,60.4900016784668,60.4900016784668,37226
2021-07-15-12-18-00 GMT-0400,60.499698638916016,60.53499984741211,60.470001220703125,60.53499984741211,60.53499984741211,35053
2021-07-15-12-19-00 GMT-0400,60.53499984741211,60.630001068115234,60.529998779296875,60.59000015258789,60.59000015258789,21418
2021-07-15-12-20-00 GMT-0400,60.58000183105469,60.58000183105469,60.5,60.560001373291016,60.560001373291016,24042
2021-07-15-12-21-00 GMT-0400,60.55009841918945,60.55009841918945,60.4900016784668,60.5099983215332,60.5099983215332,15811
2021-07-15-12-22-00 GMT-0400,60.505001068115234,60.52000045776367,60.4900016784668,60.5,60.5,13144
2021-07-15-12-23-00 GMT-0400,60.4900016784668,60.540000915527344,60.4900016784668,60.537498474121094,60.537498474121094,18704
2021-07-15-12-24-00 GMT-0400,60.529998779296875,60.560001373291016,60.4901008605957,60.55500030517578,60.55500030517578,22225
2021-07-15-12-25-00 GMT-0400,60.55500030517578,60.6349983215332,60.52000045776367,60.630001068115234,60.630001068115234,22275
2021-07-15-12-26-00 GMT-0400,60.63999938964844,60.63999938964844,60.61000061035156,60.63999938964844,60.63999938964844,16265
2021-07-15-12-27-00 GMT-0400,60.650001525878906,60.689998626708984,60.619998931884766,60.619998931884766,60.619998931884766,32137
2021-07-15-12-28-00 GMT-0400,60.61000061035156,60.61000061035156,60.59000015258789,60.599998474121094,60.599998474121094,11318
2021-07-15-12-29-00 GMT-0400,60.599998474121094,60.630001068115234,60.59000015258789,60.630001068115234,60.630001068115234,20519
2021-07-15-12-30-00 GMT-0400,60.633201599121094,60.650001525878906,60.56999969482422,60.59000015258789,60.59000015258789,24565
2021-07-15-12-31-00 GMT-0400,60.584999084472656,60.6349983215332,60.58000183105469,60.60499954223633,60.60499954223633,25808
2021-07-15-12-32-00 GMT-0400,60.599998474121094,60.625,60.59000015258789,60.625,60.625,34312
2021-07-15-12-33-00 GMT-0400,60.630001068115234,60.650001525878906,60.625,60.6349983215332,60.6349983215332,20111
2021-07-15-12-34-00 GMT-0400,60.63999938964844,60.720001220703125,60.630001068115234,60.630001068115234,60.630001068115234,30527
2021-07-15-12-35-00 GMT-0400,60.625,60.689998626708984,60.625,60.68000030517578,60.68000030517578,15945
2021-07-15-12-36-00 GMT-0400,60.689998626708984,60.849998474121094,60.685001373291016,60.84000015258789,60.84000015258789,34947
2021-07-15-12-37-00 GMT-0400,60.81999969482422,60.88999938964844,60.81999969482422,60.869998931884766,60.869998931884766,32504
2021-07-15-12-38-00 GMT-0400,60.880001068115234,60.88999938964844,60.84000015258789,60.869998931884766,60.869998931884766,24314
2021-07-15-12-39-00 GMT-0400,60.869998931884766,60.939998626708984,60.83000183105469,60.83000183105469,60.83000183105469,26986
2021-07-15-12-40-00 GMT-0400,60.81999969482422,60.88999938964844,60.81999969482422,60.849998474121094,60.849998474121094,22519
2021-07-15-12-41-00 GMT-0400,60.84989929199219,60.90999984741211,60.810001373291016,60.87260055541992,60.87260055541992,32863
2021-07-15-12-42-00 GMT-0400,60.880001068115234,60.900001525878906,60.869998931884766,60.900001525878906,60.900001525878906,12136
2021-07-15-12-43-00 GMT-0400,60.88999938964844,60.900001525878906,60.849998474121094,60.8650016784668,60.8650016784668,17937
2021-07-15-12-44-00 GMT-0400,60.86000061035156,61.040000915527344,60.849998474121094,61.029998779296875,61.029998779296875,37930
2021-07-15-12-45-00 GMT-0400,61.040000915527344,61.05670166015625,61.0,61.03499984741211,61.03499984741211,34656
2021-07-15-12-46-00 GMT-0400,61.03139877319336,61.040000915527344,61.0099983215332,61.029998779296875,61.029998779296875,24186
2021-07-15-12-47-00 GMT-0400,61.02000045776367,61.03499984741211,60.98099899291992,61.02000045776367,61.02000045776367,29844
2021-07-15-12-48-00 GMT-0400,61.0099983215332,61.06999969482422,61.0099983215332,61.05500030517578,61.05500030517578,24106
2021-07-15-12-49-00 GMT-0400,61.05910110473633,61.06999969482422,60.97999954223633,61.0,61.0,52430
2021-07-15-12-50-00 GMT-0400,60.994998931884766,61.0,60.970001220703125,60.97999954223633,60.97999954223633,23872
2021-07-15-12-51-00 GMT-0400,60.9900016784668,61.00870132446289,60.970001220703125,60.994998931884766,60.994998931884766,33443
2021-07-15-12-52-00 GMT-0400,60.994998931884766,61.02000045776367,60.970001220703125,60.970001220703125,60.970001220703125,21197
2021-07-15-12-53-00 GMT-0400,60.974998474121094,60.974998474121094,60.8400993347168,60.847999572753906,60.847999572753906,26796
2021-07-15-12-54-00 GMT-0400,60.85499954223633,60.86000061035156,60.68000030517578,60.70000076293945,60.70000076293945,28154
2021-07-15-12-55-00 GMT-0400,60.70800018310547,60.70800018310547,60.54999923706055,60.54999923706055,60.54999923706055,23349
2021-07-15-12-56-00 GMT-0400,60.560001373291016,60.58000183105469,60.5099983215332,60.529998779296875,60.529998779296875,30619
2021-07-15-12-57-00 GMT-0400,60.53499984741211,60.599998474121094,60.53499984741211,60.56999969482422,60.56999969482422,26317
2021-07-15-12-58-00 GMT-0400,60.58000183105469,60.599998474121094,60.53499984741211,60.53499984741211,60.53499984741211,18945
2021-07-15-12-59-00 GMT-0400,60.53499984741211,60.560001373291016,60.5099983215332,60.5099983215332,60.5099983215332,29151
2021-07-15-13-00-00 GMT-0400,60.51499938964844,60.52000045776367,60.439998626708984,60.44369888305664,60.44369888305664,25740
2021-07-15-13-01-00 GMT-0400,60.459999084472656,60.46500015258789,60.40999984741211,60.40999984741211,60.40999984741211,19447
2021-07-15-13-02-00 GMT-0400,60.40999984741211,60.46500015258789,60.380001068115234,60.46500015258789,60.46500015258789,28112
2021-07-15-13-03-00 GMT-0400,60.46500015258789,60.470001220703125,60.41999816894531,60.439998626708984,60.439998626708984,118502
2021-07-15-13-04-00 GMT-0400,60.43000030517578,60.4900016784668,60.43000030517578,60.474998474121094,60.474998474121094,21424
2021-07-15-13-05-00 GMT-0400,60.47999954223633,60.507301330566406,60.45000076293945,60.4900016784668,60.4900016784668,32206
2021-07-15-13-06-00 GMT-0400,60.4900016784668,60.577999114990234,60.470001220703125,60.55500030517578,60.55500030517578,21444
2021-07-15-13-07-00 GMT-0400,60.560001373291016,60.560001373291016,60.470001220703125,60.47999954223633,60.47999954223633,22233
2021-07-15-13-08-00 GMT-0400,60.4900016784668,60.619998931884766,60.474998474121094,60.619998931884766,60.619998931884766,61321
2021-07-15-13-09-00 GMT-0400,60.619998931884766,60.6349983215332,60.53499984741211,60.564998626708984,60.564998626708984,24657
2021-07-15-13-10-00 GMT-0400,60.57500076293945,60.6150016784668,60.55009841918945,60.599998474121094,60.599998474121094,21503
2021-07-15-13-11-00 GMT-0400,60.59000015258789,60.60499954223633,60.47999954223633,60.501800537109375,60.501800537109375,24787
2021-07-15-13-12-00 GMT-0400,60.505001068115234,60.59989929199219,60.505001068115234,60.560001373291016,60.560001373291016,13993
2021-07-15-13-13-00 GMT-0400,60.564998626708984,60.564998626708984,60.4901008605957,60.5,60.5,38473
2021-07-15-13-14-00 GMT-0400,60.5,60.500099182128906,60.45000076293945,60.470001220703125,60.470001220703125,36220
2021-07-15-13-15-00 GMT-0400,60.47999954223633,60.5099983215332,60.44459915161133,60.5,60.5,19593
2021-07-15-13-16-00 GMT-0400,60.505001068115234,60.66999816894531,60.5,60.66999816894531,60.66999816894531,36067
2021-07-15-13-17-00 GMT-0400,60.68000030517578,60.75,60.65999984741211,60.66999816894531,60.66999816894531,19211
2021-07-15-13-18-00 GMT-0400,60.65999984741211,60.66999816894531,60.58000183105469,60.58000183105469,60.58000183105469,20273
2021-07-15-13-19-00 GMT-0400,60.560001373291016,60.59000015258789,60.45000076293945,60.5098991394043,60.5098991394043,25904
2021-07-15-13-20-00 GMT-0400,60.5,60.6150016784668,60.47999954223633,60.61000061035156,60.61000061035156,15598
2021-07-15-13-21-00 GMT-0400,60.61000061035156,60.7599983215332,60.5900993347168,60.71500015258789,60.71500015258789,20625
2021-07-15-13-22-00 GMT-0400,60.70009994506836,60.7599983215332,60.689998626708984,60.7400016784668,60.7400016784668,38583
2021-07-15-13-23-00 GMT-0400,60.7400016784668,60.849998474121094,60.7400016784668,60.779998779296875,60.779998779296875,27426
2021-07-15-13-24-00 GMT-0400,60.779998779296875,60.790000915527344,60.68000030517578,60.709999084472656,60.709999084472656,17579
2021-07-15-13-25-00 GMT-0400,60.720001220703125,60.75,60.619998931884766,60.619998931884766,60.619998931884766,23706
2021-07-15-13-26-00 GMT-0400,60.619998931884766,60.650001525878906,60.599998474121094,60.64500045776367,60.64500045776367,11104
2021-07-15-13-27-00 GMT-0400,60.65999984741211,60.67499923706055,60.5526008605957,60.59000015258789,60.59000015258789,24423
2021-07-15-13-28-00 GMT-0400,60.595001220703125,60.61000061035156,60.58000183105469,60.58000183105469,60.58000183105469,8789
2021-07-15-13-29-00 GMT-0400,60.58000183105469,60.619998931884766,60.56999969482422,60.58000183105469,60.58000183105469,8544
2021-07-15-13-30-00 GMT-0400,60.560001373291016,60.560001373291016,60.41999816894531,60.439998626708984,60.439998626708984,11612
2021-07-15-13-31-00 GMT-0400,60.43000030517578,60.439998626708984,60.310001373291016,60.33000183105469,60.33000183105469,22307
2021-07-15-13-32-00 GMT-0400,60.31999969482422,60.339900970458984,60.290000915527344,60.29999923706055,60.29999923706055,23840
2021-07-15-13-33-00 GMT-0400,60.31999969482422,60.33000183105469,60.28010177612305,60.29999923706055,60.29999923706055,15941
2021-07-15-13-34-00 GMT-0400,60.30609893798828,60.30609893798828,60.27000045776367,60.283199310302734,60.283199310302734,12115
2021-07-15-13-35-00 GMT-0400,60.290000915527344,60.33140182495117,60.279998779296875,60.279998779296875,60.279998779296875,28544
2021-07-15-13-36-00 GMT-0400,60.279998779296875,60.32500076293945,60.224998474121094,60.224998474121094,60.224998474121094,27013
2021-07-15-13-37-00 GMT-0400,60.224998474121094,60.25,60.224998474121094,60.22999954223633,60.22999954223633,24998
2021-07-15-13-38-00 GMT-0400,60.22999954223633,60.25,60.15999984741211,60.165000915527344,60.165000915527344,34091
2021-07-15-13-39-00 GMT-0400,60.160099029541016,60.189998626708984,60.150001525878906,60.185001373291016,60.185001373291016,40943
2021-07-15-13-40-00 GMT-0400,60.18000030517578,60.209999084472656,60.150001525878906,60.150001525878906,60.150001525878906,67397
2021-07-15-13-41-00 GMT-0400,60.14500045776367,60.18000030517578,60.130001068115234,60.17499923706055,60.17499923706055,21104
2021-07-15-13-42-00 GMT-0400,60.16999816894531,60.279998779296875,60.15999984741211,60.165000915527344,60.165000915527344,26772
2021-07-15-13-43-00 GMT-0400,60.150001525878906,60.200801849365234,60.13999938964844,60.165000915527344,60.165000915527344,53251
2021-07-15-13-44-00 GMT-0400,60.165000915527344,60.16999816894531,60.099998474121094,60.1349983215332,60.1349983215332,79785
2021-07-15-13-45-00 GMT-0400,60.130001068115234,60.150001525878906,60.060001373291016,60.09000015258789,60.09000015258789,46643
2021-07-15-13-46-00 GMT-0400,60.09000015258789,60.099998474121094,60.0099983215332,60.025001525878906,60.025001525878906,32681
2021-07-15-13-47-00 GMT-0400,60.02000045776367,60.08000183105469,59.974998474121094,60.02000045776367,60.02000045776367,96225
2021-07-15-13-48-00 GMT-0400,60.023101806640625,60.029998779296875,59.970001220703125,60.02000045776367,60.02000045776367,87419
2021-07-15-13-49-00 GMT-0400,60.029998779296875,60.15999984741211,60.02560043334961,60.08000183105469,60.08000183105469,33578
2021-07-15-13-50-00 GMT-0400,60.08580017089844,60.08580017089844,59.974998474121094,59.97999954223633,59.97999954223633,25780
2021-07-15-13-51-00 GMT-0400,59.97999954223633,60.040000915527344,59.970001220703125,60.0,60.0,20401
2021-07-15-13-52-00 GMT-0400,59.9901008605957,60.0098991394043,59.939998626708984,59.94499969482422,59.94499969482422,17591
2021-07-15-13-53-00 GMT-0400,59.94499969482422,59.95500183105469,59.88999938964844,59.88999938964844,59.88999938964844,47043
2021-07-15-13-54-00 GMT-0400,59.88999938964844,59.91999816894531,59.83000183105469,59.83000183105469,59.83000183105469,30375
2021-07-15-13-55-00 GMT-0400,59.83000183105469,59.84000015258789,59.790000915527344,59.79010009765625,59.79010009765625,43737
2021-07-15-13-56-00 GMT-0400,59.79499816894531,59.810001373291016,59.75189971923828,59.7598991394043,59.7598991394043,36036
2021-07-15-13-57-00 GMT-0400,59.755001068115234,59.83000183105469,59.75,59.83000183105469,59.83000183105469,45173
2021-07-15-13-58-00 GMT-0400,59.83000183105469,59.880001068115234,59.810001373291016,59.869998931884766,59.869998931884766,10407
2021-07-15-13-59-00 GMT-0400,59.880001068115234,59.89500045776367,59.77000045776367,59.77000045776367,59.77000045776367,14951
2021-07-15-14-00-00 GMT-0400,59.77000045776367,59.900001525878906,59.7599983215332,59.88999938964844,59.88999938964844,25194
2021-07-15-14-01-00 GMT-0400,59.900001525878906,60.060001373291016,59.900001525878906,60.0,60.0,42898
2021-07-15-14-02-00 GMT-0400,60.0,60.04999923706055,59.95000076293945,60.0,60.0,58029
2021-07-15-14-03-00 GMT-0400,60.02000045776367,60.040000915527344,59.970001220703125,59.97999954223633,59.97999954223633,38349
2021-07-15-14-04-00 GMT-0400,60.0,60.08000183105469,59.9900016784668,60.08000183105469,60.08000183105469,22627
2021-07-15-14-05-00 GMT-0400,60.07350158691406,60.099998474121094,60.040000915527344,60.099998474121094,60.099998474121094,25751
2021-07-15-14-06-00 GMT-0400,60.09000015258789,60.11709976196289,60.06999969482422,60.09000015258789,60.09000015258789,19759
2021-07-15-14-07-00 GMT-0400,60.09000015258789,60.09000015258789,60.029998779296875,60.040000915527344,60.040000915527344,18395
2021-07-15-14-08-00 GMT-0400,60.04999923706055,60.150001525878906,60.040000915527344,60.150001525878906,60.150001525878906,21344
2021-07-15-14-09-00 GMT-0400,60.12289810180664,60.13999938964844,60.0099983215332,60.040000915527344,60.040000915527344,29900
2021-07-15-14-10-00 GMT-0400,60.04999923706055,60.099998474121094,60.01499938964844,60.084999084472656,60.084999084472656,31747
2021-07-15-14-11-00 GMT-0400,60.08000183105469,60.099998474121094,60.02000045776367,60.09000015258789,60.09000015258789,23069
2021-07-15-14-12-00 GMT-0400,60.08000183105469,60.09000015258789,60.060001373291016,60.06999969482422,60.06999969482422,14689
2021-07-15-14-13-00 GMT-0400,60.09000015258789,60.150001525878906,60.06999969482422,60.11000061035156,60.11000061035156,28525
2021-07-15-14-14-00 GMT-0400,60.11000061035156,60.11000061035156,60.0099983215332,60.040000915527344,60.040000915527344,21397
2021-07-15-14-15-00 GMT-0400,60.040000915527344,60.119998931884766,59.959999084472656,60.1083984375,60.1083984375,34409
2021-07-15-14-16-00 GMT-0400,60.119998931884766,60.2400016784668,60.1150016784668,60.16999816894531,60.16999816894531,29892
2021-07-15-14-17-00 GMT-0400,60.15999984741211,60.15999984741211,60.11000061035156,60.11000061035156,60.11000061035156,9605
2021-07-15-14-18-00 GMT-0400,60.10499954223633,60.13990020751953,60.099998474121094,60.1349983215332,60.1349983215332,14361
2021-07-15-14-19-00 GMT-0400,60.130001068115234,60.150001525878906,60.11000061035156,60.130001068115234,60.130001068115234,17683
2021-07-15-14-20-00 GMT-0400,60.130001068115234,60.15999984741211,60.119998931884766,60.14500045776367,60.14500045776367,15639
2021-07-15-14-21-00 GMT-0400,60.140098571777344,60.16659927368164,60.119998931884766,60.1349983215332,60.1349983215332,25056
2021-07-15-14-22-00 GMT-0400,60.1349983215332,60.13999938964844,60.11000061035156,60.1150016784668,60.1150016784668,17358
2021-07-15-14-23-00 GMT-0400,60.11289978027344,60.1349983215332,60.04999923706055,60.04999923706055,60.04999923706055,30594
2021-07-15-14-24-00 GMT-0400,60.05500030517578,60.125,60.04999923706055,60.119998931884766,60.119998931884766,27408
2021-07-15-14-25-00 GMT-0400,60.11000061035156,60.130001068115234,60.084999084472656,60.11000061035156,60.11000061035156,9930
2021-07-15-14-26-00 GMT-0400,60.100101470947266,60.119998931884766,60.060001373291016,60.07500076293945,60.07500076293945,15657
2021-07-15-14-27-00 GMT-0400,60.06999969482422,60.09000015258789,60.040000915527344,60.084999084472656,60.084999084472656,15614
2021-07-15-14-28-00 GMT-0400,60.084999084472656,60.125,60.064998626708984,60.07500076293945,60.07500076293945,14896
2021-07-15-14-29-00 GMT-0400,60.06999969482422,60.13999938964844,60.060001373291016,60.13719940185547,60.13719940185547,14834
2021-07-15-14-30-00 GMT-0400,60.130001068115234,60.13999938964844,60.060001373291016,60.08000183105469,60.08000183105469,19287
2021-07-15-14-31-00 GMT-0400,60.08000183105469,60.1150016784668,60.06999969482422,60.099998474121094,60.099998474121094,13593
2021-07-15-14-32-00 GMT-0400,60.11000061035156,60.33000183105469,60.11000061035156,60.2599983215332,60.2599983215332,33099
2021-07-15-14-33-00 GMT-0400,60.266700744628906,60.266700744628906,60.220001220703125,60.220001220703125,60.220001220703125,14416
2021-07-15-14-34-00 GMT-0400,60.2400016784668,60.2599983215332,60.220001220703125,60.2599983215332,60.2599983215332,20478
2021-07-15-14-35-00 GMT-0400,60.255001068115234,60.279998779296875,60.25,60.275001525878906,60.275001525878906,30151
2021-07-15-14-36-00 GMT-0400,60.27000045776367,60.33000183105469,60.255001068115234,60.33000183105469,60.33000183105469,78124
2021-07-15-14-37-00 GMT-0400,60.33000183105469,60.369998931884766,60.303199768066406,60.34000015258789,60.34000015258789,15335
2021-07-15-14-38-00 GMT-0400,60.31999969482422,60.345001220703125,60.310001373291016,60.34000015258789,60.34000015258789,17391
2021-07-15-14-39-00 GMT-0400,60.33000183105469,60.349998474121094,60.279998779296875,60.32500076293945,60.32500076293945,27854
2021-07-15-14-40-00 GMT-0400,60.33000183105469,60.33000183105469,60.290000915527344,60.31999969482422,60.31999969482422,22436
2021-07-15-14-41-00 GMT-0400,60.33000183105469,60.33000183105469,60.25419998168945,60.31999969482422,60.31999969482422,14799
2021-07-15-14-42-00 GMT-0400,60.334999084472656,60.369998931884766,60.290000915527344,60.369998931884766,60.369998931884766,15974
2021-07-15-14-43-00 GMT-0400,60.380001068115234,60.380001068115234,60.334999084472656,60.369998931884766,60.369998931884766,11500
2021-07-15-14-44-00 GMT-0400,60.380001068115234,60.43000030517578,60.36000061035156,60.41999816894531,60.41999816894531,17470
2021-07-15-14-45-00 GMT-0400,60.40999984741211,60.40999984741211,60.349998474121094,60.349998474121094,60.349998474121094,22377
2021-07-15-14-46-00 GMT-0400,60.36000061035156,60.43000030517578,60.36000061035156,60.39500045776367,60.39500045776367,34706
2021-07-15-14-47-00 GMT-0400,60.39500045776367,60.404998779296875,60.279998779296875,60.29499816894531,60.29499816894531,36162
2021-07-15-14-48-00 GMT-0400,60.290000915527344,60.38999938964844,60.27000045776367,60.36000061035156,60.36000061035156,30481
2021-07-15-14-49-00 GMT-0400,60.36000061035156,60.4900016784668,60.359901428222656,60.45000076293945,60.45000076293945,44980
2021-07-15-14-50-00 GMT-0400,60.45000076293945,60.46500015258789,60.439998626708984,60.459999084472656,60.459999084472656,4538
2021-07-15-14-51-00 GMT-0400,60.59000015258789,60.59000015258789,60.47999954223633,60.5,60.5,49859
2021-07-15-14-52-00 GMT-0400,60.4900016784668,60.56999969482422,60.4900016784668,60.525001525878906,60.525001525878906,22557
2021-07-15-14-53-00 GMT-0400,60.540000915527344,60.810001373291016,60.510101318359375,60.810001373291016,60.810001373291016,148291
2021-07-15-14-54-00 GMT-0400,60.810001373291016,60.810001373291016,60.65650177001953,60.709999084472656,60.709999084472656,71221
2021-07-15-14-55-00 GMT-0400,60.689998626708984,60.720001220703125,60.66999816894531,60.679901123046875,60.679901123046875,53009
2021-07-15-14-56-00 GMT-0400,60.68000030517578,60.689998626708984,60.61000061035156,60.65999984741211,60.65999984741211,31773
2021-07-15-14-57-00 GMT-0400,60.665000915527344,60.66999816894531,60.5,60.52899932861328,60.52899932861328,51450
2021-07-15-14-58-00 GMT-0400,60.529998779296875,60.54999923706055,60.48500061035156,60.4900016784668,60.4900016784668,41494
2021-07-15-14-59-00 GMT-0400,60.4900016784668,60.5,60.439998626708984,60.45009994506836,60.45009994506836,32066
2021-07-15-15-00-00 GMT-0400,60.459999084472656,60.619998931884766,60.459999084472656,60.595001220703125,60.595001220703125,17549
2021-07-15-15-01-00 GMT-0400,60.630001068115234,60.650001525878906,60.59000015258789,60.619998931884766,60.619998931884766,13485
2021-07-15-15-02-00 GMT-0400,60.599998474121094,60.65999984741211,60.599998474121094,60.650001525878906,60.650001525878906,109872
2021-07-15-15-03-00 GMT-0400,60.63999938964844,60.68000030517578,60.619998931884766,60.64500045776367,60.64500045776367,19844
2021-07-15-15-04-00 GMT-0400,60.64500045776367,60.65999984741211,60.599998474121094,60.6150016784668,60.6150016784668,18287
2021-07-15-15-05-00 GMT-0400,60.61000061035156,60.639801025390625,60.59000015258789,60.59000015258789,60.59000015258789,8394
2021-07-15-15-06-00 GMT-0400,60.599998474121094,60.72999954223633,60.59000015258789,60.72999954223633,60.72999954223633,79583
2021-07-15-15-07-00 GMT-0400,60.724998474121094,60.7400016784668,60.709999084472656,60.72999954223633,60.72999954223633,31675
2021-07-15-15-08-00 GMT-0400,60.720001220703125,60.7400016784668,60.709999084472656,60.720001220703125,60.720001220703125,30207
2021-07-15-15-09-00 GMT-0400,60.72999954223633,60.779998779296875,60.71500015258789,60.722900390625,60.722900390625,31707
2021-07-15-15-10-00 GMT-0400,60.72999954223633,60.7400016784668,60.709999084472656,60.71009826660156,60.71009826660156,14468
2021-07-15-15-11-00 GMT-0400,60.720001220703125,60.72999954223633,60.630001068115234,60.650001525878906,60.650001525878906,16938
2021-07-15-15-12-00 GMT-0400,60.619998931884766,60.66999816894531,60.61000061035156,60.625,60.625,16159
2021-07-15-15-13-00 GMT-0400,60.630001068115234,60.720001220703125,60.61000061035156,60.63999938964844,60.63999938964844,29486
2021-07-15-15-14-00 GMT-0400,60.6150016784668,60.619998931884766,60.57500076293945,60.619998931884766,60.619998931884766,28633
2021-07-15-15-15-00 GMT-0400,60.619998931884766,60.630001068115234,60.56999969482422,60.58000183105469,60.58000183105469,30649
2021-07-15-15-16-00 GMT-0400,60.58000183105469,60.58000183105469,60.44499969482422,60.470001220703125,60.470001220703125,32258
2021-07-15-15-17-00 GMT-0400,60.46500015258789,60.47999954223633,60.435001373291016,60.45000076293945,60.45000076293945,31987
2021-07-15-15-18-00 GMT-0400,60.45500183105469,60.47999954223633,60.437801361083984,60.470001220703125,60.470001220703125,15367
2021-07-15-15-19-00 GMT-0400,60.459999084472656,60.54999923706055,60.459999084472656,60.529998779296875,60.529998779296875,15018
2021-07-15-15-20-00 GMT-0400,60.52000045776367,60.59000015258789,60.494998931884766,60.58000183105469,60.58000183105469,27873
2021-07-15-15-21-00 GMT-0400,60.56999969482422,60.58570098876953,60.4900016784668,60.4900016784668,60.4900016784668,17705
2021-07-15-15-22-00 GMT-0400,60.47999954223633,60.5,60.43000030517578,60.43000030517578,60.43000030517578,20947
2021-07-15-15-23-00 GMT-0400,60.42499923706055,60.47010040283203,60.409000396728516,60.435001373291016,60.435001373291016,29920
2021-07-15-15-24-00 GMT-0400,60.43000030517578,60.47999954223633,60.43000030517578,60.47010040283203,60.47010040283203,17887
2021-07-15-15-25-00 GMT-0400,60.4900016784668,60.59000015258789,60.4900016784668,60.58000183105469,60.58000183105469,10433
2021-07-15-15-26-00 GMT-0400,60.56999969482422,60.619998931884766,60.5099983215332,60.60499954223633,60.60499954223633,19712
2021-07-15-15-27-00 GMT-0400,60.599998474121094,60.599998474121094,60.529998779296875,60.560001373291016,60.560001373291016,11187
2021-07-15-15-28-00 GMT-0400,60.564998626708984,60.58000183105469,60.560001373291016,60.58000183105469,60.58000183105469,20369
2021-07-15-15-29-00 GMT-0400,60.57500076293945,60.630001068115234,60.57500076293945,60.58000183105469,60.58000183105469,17794
2021-07-15-15-30-00 GMT-0400,60.58000183105469,60.689998626708984,60.58000183105469,60.689998626708984,60.689998626708984,20135
2021-07-15-15-31-00 GMT-0400,60.689998626708984,60.720001220703125,60.68000030517578,60.689998626708984,60.689998626708984,26825
2021-07-15-15-32-00 GMT-0400,60.70000076293945,60.720001220703125,60.66999816894531,60.66999816894531,60.66999816894531,19891
2021-07-15-15-33-00 GMT-0400,60.66999816894531,60.68560028076172,60.619998931884766,60.63999938964844,60.63999938964844,61239
2021-07-15-15-34-00 GMT-0400,60.64500045776367,60.70000076293945,60.61000061035156,60.65999984741211,60.65999984741211,47438
2021-07-15-15-35-00 GMT-0400,60.65999984741211,60.709999084472656,60.59000015258789,60.59000015258789,60.59000015258789,50665
2021-07-15-15-36-00 GMT-0400,60.584999084472656,60.59000015258789,60.53010177612305,60.57500076293945,60.57500076293945,34586
2021-07-15-15-37-00 GMT-0400,60.56999969482422,60.58000183105469,60.5,60.529998779296875,60.529998779296875,50173
2021-07-15-15-38-00 GMT-0400,60.52000045776367,60.529998779296875,60.45000076293945,60.52000045776367,60.52000045776367,24948
2021-07-15-15-39-00 GMT-0400,60.529998779296875,60.540000915527344,60.5,60.525001525878906,60.525001525878906,14203
2021-07-15-15-40-00 GMT-0400,60.529998779296875,60.59000015258789,60.52000045776367,60.57500076293945,60.57500076293945,23285
2021-07-15-15-41-00 GMT-0400,60.58000183105469,60.59000015258789,60.435001373291016,60.439998626708984,60.439998626708984,26665
2021-07-15-15-42-00 GMT-0400,60.439998626708984,60.439998626708984,60.40999984741211,60.41999816894531,60.41999816894531,36686
2021-07-15-15-43-00 GMT-0400,60.40999984741211,60.415000915527344,60.36000061035156,60.393798828125,60.393798828125,44833
2021-07-15-15-44-00 GMT-0400,60.400001525878906,60.40999984741211,60.345001220703125,60.380001068115234,60.380001068115234,26619
2021-07-15-15-45-00 GMT-0400,60.380001068115234,60.45000076293945,60.380001068115234,60.43000030517578,60.43000030517578,46832
2021-07-15-15-46-00 GMT-0400,60.43000030517578,60.45000076293945,60.34199905395508,60.349998474121094,60.349998474121094,47997
2021-07-15-15-47-00 GMT-0400,60.36000061035156,60.380001068115234,60.334999084472656,60.380001068115234,60.380001068115234,37100
2021-07-15-15-48-00 GMT-0400,60.375,60.439998626708984,60.375,60.400001525878906,60.400001525878906,48370
2021-07-15-15-49-00 GMT-0400,60.400001525878906,60.560001373291016,60.400001525878906,60.47999954223633,60.47999954223633,43595
2021-07-15-15-50-00 GMT-0400,60.47999954223633,60.599998474121094,60.470001220703125,60.540000915527344,60.540000915527344,46526
2021-07-15-15-51-00 GMT-0400,60.540000915527344,60.55500030517578,60.47999954223633,60.47999954223633,60.47999954223633,27869
2021-07-15-15-52-00 GMT-0400,60.47999954223633,60.53499984741211,60.46009826660156,60.4900016784668,60.4900016784668,37181
2021-07-15-15-53-00 GMT-0400,60.494998931884766,60.529998779296875,60.459999084472656,60.52000045776367,60.52000045776367,58402
2021-07-15-15-54-00 GMT-0400,60.529998779296875,60.560001373291016,60.52000045776367,60.52000045776367,60.52000045776367,49765
2021-07-15-15-55-00 GMT-0400,60.52000045776367,60.599998474121094,60.52000045776367,60.54010009765625,60.54010009765625,76667
2021-07-15-15-56-00 GMT-0400,60.529998779296875,60.540000915527344,60.44499969482422,60.45500183105469,60.45500183105469,85602
2021-07-15-15-57-00 GMT-0400,60.459999084472656,60.5,60.439998626708984,60.439998626708984,60.439998626708984,108740
2021-07-15-15-58-00 GMT-0400,60.439998626708984,60.45000076293945,60.369998931884766,60.400001525878906,60.400001525878906,159664
2021-07-15-15-59-00 GMT-0400,60.39500045776367,60.5,60.36000061035156,60.5,60.5,261976
2021-07-15-16-00-00 GMT-0400,60.485,60.6,60.2,60.5,60.5,420412
2021-07-15-16-01-00 GMT-0400,60.5,60.5,60.2,60.5,60.5,0
2021-07-15-16-02-00 GMT-0400,60.4999,60.55,60.2,60.5499,60.5499,0
2021-07-15-16-03-00 GMT-0400,60.5,60.54,60.5,60.54,60.54,0
2021-07-15-16-04-00 GMT-0400,60.5,60.5,60.42,60.5,60.5,0
2021-07-15-16-05-00 GMT-0400,60.5,60.5,60.4,60.4,60.4,0
2021-07-15-16-06-00 GMT-0400,60.49,60.5,60.49,60.5,60.5,0
2021-07-15-16-07-00 GMT-0400,60.49,60.5,60.43,60.465,60.465,0
2021-07-15-16-08-00 GMT-0400,60.465,60.5,60.43,60.465,60.465,0
2021-07-15-16-09-00 GMT-0400,60.5,60.5,60.43,60.45,60.45,0
2021-07-15-16-10-00 GMT-0400,60.49,60.49,60.44,60.44,60.44,0
2021-07-15-16-12-00 GMT-0400,60.45,60.45,60.45,60.45,60.45,0
2021-07-15-16-13-00 GMT-0400,60.49,60.49,60.45,60.47,60.47,0
2021-07-15-16-15-00 GMT-0400,60.47,60.47,60.43,60.445,60.445,0
2021-07-15-16-17-00 GMT-0400,60.44,60.44,60.4,60.4,60.4,0
2021-07-15-16-18-00 GMT-0400,60.4,60.4,60.375,60.38,60.38,0
2021-07-15-16-19-00 GMT-0400,60.4,60.4,60.38,60.4,60.4,0
2021-07-15-16-20-00 GMT-0400,60.38,60.4,60.33,60.365,60.365,0
2021-07-15-16-21-00 GMT-0400,60.365,60.41,60.365,60.41,60.41,0
2021-07-15-16-22-00 GMT-0400,60.41,60.41,60.41,60.41,60.41,0
2021-07-15-16-23-00 GMT-0400,60.33,60.45,60.33,60.39,60.39,0
2021-07-15-16-25-00 GMT-0400,60.39,60.45,60.33,60.35,60.35,0
2021-07-15-16-26-00 GMT-0400,60.33,60.45,60.33,60.415,60.415,0
2021-07-15-16-27-00 GMT-0400,60.4,60.45,60.4,60.4,60.4,0
2021-07-15-16-28-00 GMT-0400,60.415,60.45,60.38,60.45,60.45,0
2021-07-15-16-29-00 GMT-0400,60.415,60.45,60.38,60.415,60.415,0
2021-07-15-16-30-00 GMT-0400,60.415,60.45,60.415,60.44,60.44,0
2021-07-15-16-32-00 GMT-0400,60.41,60.45,60.33,60.45,60.45,0
2021-07-15-16-33-00 GMT-0400,60.44,60.45,60.44,60.45,60.45,0
2021-07-15-16-34-00 GMT-0400,60.4,60.44,60.35,60.35,60.35,0
2021-07-15-16-35-00 GMT-0400,60.4,60.45,60.4,60.45,60.45,0
2021-07-15-16-36-00 GMT-0400,60.4,60.4,60.4,60.4,60.4,0
2021-07-15-16-37-00 GMT-0400,60.4,60.45,60.4,60.425,60.425,0
2021-07-15-16-38-00 GMT-0400,60.425,60.43,60.41,60.425,60.425,0
2021-07-15-16-39-00 GMT-0400,60.425,60.425,60.4,60.4,60.4,0
2021-07-15-16-40-00 GMT-0400,60.4,60.425,60.4,60.425,60.425,0
2021-07-15-16-41-00 GMT-0400,60.5,60.5,60.5,60.5,60.5,0
2021-07-15-16-42-00 GMT-0400,60.41,60.5,60.41,60.5,60.5,0
2021-07-15-16-45-00 GMT-0400,60.4,60.45,60.4,60.41,60.41,0
2021-07-15-16-46-00 GMT-0400,60.4,60.43,60.4,60.425,60.425,0
2021-07-15-16-47-00 GMT-0400,60.45,60.45,60.425,60.425,60.425,0
2021-07-15-16-48-00 GMT-0400,60.42,60.425,60.4,60.4,60.4,0
2021-07-15-16-49-00 GMT-0400,60.4,60.49,60.4,60.49,60.49,0
2021-07-15-16-50-00 GMT-0400,60.44,60.44,60.44,60.44,60.44,0
2021-07-15-16-51-00 GMT-0400,60.445,60.45,60.4,60.445,60.445,0
2021-07-15-16-52-00 GMT-0400,60.5,60.5,60.4,60.49,60.49,0
2021-07-15-16-53-00 GMT-0400,60.4,60.45,60.35,60.35,60.35,0
2021-07-15-16-54-00 GMT-0400,60.35,60.5,60.2,60.5,60.5,0
2021-07-15-16-55-00 GMT-0400,60.41,60.49,60.41,60.49,60.49,0
2021-07-15-16-56-00 GMT-0400,60.49,60.49,60.33,60.33,60.33,0
2021-07-15-16-57-00 GMT-0400,60.33,60.49,60.33,60.49,60.49,0
2021-07-15-16-58-00 GMT-0400,60.47,60.47,60.35,60.35,60.35,0
2021-07-15-16-59-00 GMT-0400,60.49,60.49,60.34,60.34,60.34,0
2021-07-15-17-00-00 GMT-0400,60.49,60.49,60.33,60.34,60.34,0
2021-07-15-17-01-00 GMT-0400,60.34,60.34,60.325,60.325,60.325,0
2021-07-15-17-02-00 GMT-0400,60.2,60.33,60.2,60.33,60.33,0
2021-07-15-17-03-00 GMT-0400,60.39,60.45,60.39,60.45,60.45,0
2021-07-15-17-04-00 GMT-0400,60.39,60.4,60.33,60.39,60.39,0
2021-07-15-17-05-00 GMT-0400,60.39,60.39,60.39,60.39,60.39,0
2021-07-15-17-06-00 GMT-0400,60.37,60.37,60.355,60.355,60.355,0
2021-07-15-17-07-00 GMT-0400,60.36,60.36,60.355,60.355,60.355,0
2021-07-15-17-09-00 GMT-0400,60.35,60.38,60.23,60.3,60.3,0
2021-07-15-17-10-00 GMT-0400,60.28,60.3,60.28,60.3,60.3,0
2021-07-15-17-11-00 GMT-0400,60.41,60.41,60.355,60.355,60.355,0
2021-07-15-17-12-00 GMT-0400,60.355,60.41,60.31,60.31,60.31,0
2021-07-15-17-16-00 GMT-0400,60.41,60.41,60.31,60.41,60.41,0
2021-07-15-17-17-00 GMT-0400,60.41,60.41,60.3,60.355,60.355,0
2021-07-15-17-19-00 GMT-0400,60.4,60.4,60.3,60.355,60.355,0
2021-07-15-17-20-00 GMT-0400,60.41,60.41,60.4,60.4,60.4,0
2021-07-15-17-21-00 GMT-0400,60.31,60.41,60.3,60.355,60.355,0
2021-07-15-17-22-00 GMT-0400,60.41,60.41,60.29,60.3,60.3,0
2021-07-15-17-23-00 GMT-0400,60.3,60.4,60.3,60.4,60.4,0
2021-07-15-17-24-00 GMT-0400,60.28,60.28,60.28,60.28,60.28,0
2021-07-15-17-25-00 GMT-0400,60.4,60.41,60.28,60.41,60.41,0
2021-07-15-17-26-00 GMT-0400,60.345,60.345,60.345,60.345,60.345,0
2021-07-15-17-27-00 GMT-0400,60.41,60.41,60.345,60.345,60.345,0
2021-07-15-17-28-00 GMT-0400,60.345,60.4,60.3,60.3,60.3,0
2021-07-15-17-31-00 GMT-0400,60.29,60.4,60.29,60.4,60.4,0
2021-07-15-17-32-00 GMT-0400,60.29,60.35,60.29,60.29,60.29,0
2021-07-15-17-33-00 GMT-0400,60.41,60.41,60.35,60.4,60.4,0
2021-07-15-17-34-00 GMT-0400,60.29,60.29,60.29,60.29,60.29,0
2021-07-15-17-36-00 GMT-0400,60.35,60.41,60.35,60.41,60.41,0
2021-07-15-17-38-00 GMT-0400,60.41,60.41,60.29,60.29,60.29,0
2021-07-15-17-39-00 GMT-0400,60.36,60.41,60.36,60.36,60.36,0
2021-07-15-17-40-00 GMT-0400,60.4,60.41,60.4,60.41,60.41,0
2021-07-15-17-41-00 GMT-0400,60.36,60.41,60.34,60.4,60.4,0
2021-07-15-17-44-00 GMT-0400,60.41,60.41,60.33,60.33,60.33,0
2021-07-15-17-45-00 GMT-0400,60.33,60.33,60.33,60.33,60.33,0
2021-07-15-17-46-00 GMT-0400,60.41,60.41,60.37,60.37,60.37,0
2021-07-15-17-47-00 GMT-0400,60.34,60.41,60.33,60.33,60.33,0
2021-07-15-17-48-00 GMT-0400,60.33,60.41,60.33,60.41,60.41,0
2021-07-15-17-50-00 GMT-0400,60.37,60.37,60.34,60.34,60.34,0
2021-07-15-17-51-00 GMT-0400,60.41,60.41,60.34,60.41,60.41,0
2021-07-15-17-53-00 GMT-0400,60.34,60.4,60.34,60.4,60.4,0
2021-07-15-17-54-00 GMT-0400,60.37,60.37,60.37,60.37,60.37,0
2021-07-15-17-57-00 GMT-0400,60.37,60.37,60.35,60.37,60.37,0
2021-07-15-17-58-00 GMT-0400,60.37,60.41,60.35,60.37,60.37,0
2021-07-15-17-59-00 GMT-0400,60.37,60.41,60.37,60.41,60.41,0
2021-07-15-18-03-00 GMT-0400,60.35,60.35,60.35,60.35,60.35,0
2021-07-15-18-11-00 GMT-0400,60.35,60.38,60.35,60.38,60.38,0
2021-07-15-18-23-00 GMT-0400,60.42,60.42,60.4,60.4,60.4,0
2021-07-15-18-30-00 GMT-0400,60.43,60.43,60.42,60.42,60.42,0
2021-07-15-18-38-00 GMT-0400,60.38,60.38,60.35,60.35,60.35,0
2021-07-15-18-49-00 GMT-0400,60.36,60.36,60.35,60.35,60.35,0
2021-07-15-19-10-00 GMT-0400,60.35,60.35,60.34,60.34,60.34,0
2021-07-15-19-28-00 GMT-0400,60.35,60.36,60.35,60.36,60.36,0
2021-07-15-19-43-00 GMT-0400,60.375,60.375,60.31,60.31,60.31,0
2021-07-15-19-44-00 GMT-0400,60.29,60.29,60.23,60.23,60.23,0
2021-07-15-19-45-00 GMT-0400,60.23,60.23,60.23,60.23,60.23,0
2021-07-15-19-50-00 GMT-0400,60.24,60.24,60.24,60.24,60.24,0
2021-07-15-19-53-00 GMT-0400,60.24,60.24,60.21,60.21,60.21,0
2021-07-15-19-54-00 GMT-0400,60.21,60.3,60.21,60.21,60.21,0
2021-07-15-19-55-00 GMT-0400,60.21,60.21,60.2,60.2,60.2,0
2021-07-15-19-56-00 GMT-0400,60.21,60.21,60.21,60.21,60.21,0
2021-07-15-19-57-00 GMT-0400,60.3,60.3,60.3,60.3,60.3,0
