Datetime,Open,High,Low,Close,Adj Close,Volume
2021-04-12-04-00-00 GMT-0400,62.78,63.22,62.78,63.22,63.22,0
2021-04-12-04-01-00 GMT-0400,63.0,63.0,63.0,63.0,63.0,0
2021-04-12-04-08-00 GMT-0400,63.17,63.17,63.17,63.17,63.17,0
2021-04-12-04-14-00 GMT-0400,63.2,63.2,63.15,63.2,63.2,0
2021-04-12-04-17-00 GMT-0400,63.04,63.04,63.02,63.02,63.02,0
2021-04-12-04-20-00 GMT-0400,63.02,63.02,63.02,63.02,63.02,0
2021-04-12-04-21-00 GMT-0400,63.04,63.26,63.04,63.21,63.21,0
2021-04-12-04-25-00 GMT-0400,63.13,63.13,63.13,63.13,63.13,0
2021-04-12-04-26-00 GMT-0400,63.18,63.18,63.18,63.18,63.18,0
2021-04-12-04-34-00 GMT-0400,63.13,63.13,63.04,63.04,63.04,0
2021-04-12-04-35-00 GMT-0400,63.12,63.14,63.12,63.14,63.14,0
2021-04-12-04-36-00 GMT-0400,63.14,63.17,63.14,63.17,63.17,0
2021-04-12-04-39-00 GMT-0400,63.16,63.16,63.16,63.16,63.16,0
2021-04-12-04-42-00 GMT-0400,63.12,63.12,63.12,63.12,63.12,0
2021-04-12-04-43-00 GMT-0400,63.07,63.08,63.07,63.08,63.08,0
2021-04-12-04-44-00 GMT-0400,63.08,63.08,63.08,63.08,63.08,0
2021-04-12-05-04-00 GMT-0400,63.08,63.08,63.08,63.08,63.08,0
2021-04-12-05-08-00 GMT-0400,63.14,63.14,63.14,63.14,63.14,0
2021-04-12-05-19-00 GMT-0400,63.08,63.08,63.08,63.08,63.08,0
2021-04-12-05-21-00 GMT-0400,63.09,63.09,63.09,63.09,63.09,0
2021-04-12-05-24-00 GMT-0400,63.09,63.09,63.09,63.09,63.09,0
2021-04-12-05-26-00 GMT-0400,63.17,63.17,63.17,63.17,63.17,0
2021-04-12-05-27-00 GMT-0400,63.09,63.09,63.09,63.09,63.09,0
2021-04-12-05-32-00 GMT-0400,63.1,63.1,63.1,63.1,63.1,0
2021-04-12-05-35-00 GMT-0400,63.18,63.18,63.18,63.18,63.18,0
2021-04-12-05-37-00 GMT-0400,63.1,63.1,63.1,63.1,63.1,0
2021-04-12-05-38-00 GMT-0400,63.1,63.1,63.07,63.07,63.07,0
2021-04-12-05-47-00 GMT-0400,63.04,63.04,63.04,63.04,63.04,0
2021-04-12-05-53-00 GMT-0400,63.18,63.19,63.18,63.19,63.19,0
2021-04-12-05-57-00 GMT-0400,63.19,63.21,63.19,63.21,63.21,0
2021-04-12-05-59-00 GMT-0400,63.15,63.15,63.15,63.15,63.15,0
2021-04-12-06-04-00 GMT-0400,63.15,63.15,63.15,63.15,63.15,0
2021-04-12-06-07-00 GMT-0400,63.16,63.16,63.15,63.15,63.15,0
2021-04-12-06-08-00 GMT-0400,63.15,63.15,63.15,63.15,63.15,0
2021-04-12-06-09-00 GMT-0400,63.14,63.14,63.14,63.14,63.14,0
2021-04-12-06-17-00 GMT-0400,63.09,63.11,63.09,63.09,63.09,0
2021-04-12-06-18-00 GMT-0400,63.09,63.09,63.09,63.09,63.09,0
2021-04-12-06-19-00 GMT-0400,63.09,63.17,63.01,63.07,63.07,0
2021-04-12-06-20-00 GMT-0400,63.01,63.05,62.96,62.96,62.96,0
2021-04-12-06-23-00 GMT-0400,62.68,62.68,62.68,62.68,62.68,0
2021-04-12-06-24-00 GMT-0400,62.86,62.86,62.86,62.86,62.86,0
2021-04-12-06-31-00 GMT-0400,62.82,62.82,62.82,62.82,62.82,0
2021-04-12-06-43-00 GMT-0400,62.85,62.89,62.85,62.89,62.89,0
2021-04-12-06-44-00 GMT-0400,62.89,62.89,62.89,62.89,62.89,0
2021-04-12-06-48-00 GMT-0400,62.77,62.85,62.77,62.85,62.85,0
2021-04-12-07-00-00 GMT-0400,62.9,63.01,62.78,62.78,62.78,0
2021-04-12-07-01-00 GMT-0400,62.85,62.85,62.85,62.85,62.85,0
2021-04-12-07-02-00 GMT-0400,62.87,62.87,62.84,62.85,62.85,0
2021-04-12-07-05-00 GMT-0400,62.85,62.94,62.84,62.93,62.93,0
2021-04-12-07-11-00 GMT-0400,62.92,62.92,62.92,62.92,62.92,0
2021-04-12-07-14-00 GMT-0400,62.88,62.88,62.88,62.88,62.88,0
2021-04-12-07-15-00 GMT-0400,62.9,62.9,62.9,62.9,62.9,0
2021-04-12-07-16-00 GMT-0400,62.95,62.96,62.95,62.96,62.96,0
2021-04-12-07-17-00 GMT-0400,62.9,62.9,62.88,62.89,62.89,0
2021-04-12-07-18-00 GMT-0400,62.89,62.89,62.89,62.89,62.89,0
2021-04-12-07-19-00 GMT-0400,62.98,62.98,62.98,62.98,62.98,0
2021-04-12-07-20-00 GMT-0400,62.98,62.98,62.98,62.98,62.98,0
2021-04-12-07-21-00 GMT-0400,62.98,63.01,62.98,63.0,63.0,0
2021-04-12-07-22-00 GMT-0400,62.98,62.98,62.98,62.98,62.98,0
2021-04-12-07-26-00 GMT-0400,63.02,63.11,63.02,63.11,63.11,0
2021-04-12-07-28-00 GMT-0400,63.12,63.12,63.1,63.1,63.1,0
2021-04-12-07-30-00 GMT-0400,63.11,63.15,63.11,63.15,63.15,0
2021-04-12-07-33-00 GMT-0400,63.1,63.1,63.05,63.05,63.05,0
2021-04-12-07-37-00 GMT-0400,63.05,63.05,63.05,63.05,63.05,0
2021-04-12-07-38-00 GMT-0400,63.03,63.05,62.99,62.99,62.99,0
2021-04-12-07-39-00 GMT-0400,62.98,62.98,62.98,62.98,62.98,0
2021-04-12-07-43-00 GMT-0400,63.09,63.1,62.99,62.99,62.99,0
2021-04-12-07-46-00 GMT-0400,62.99,62.99,62.99,62.99,62.99,0
2021-04-12-07-48-00 GMT-0400,62.99,62.99,62.99,62.99,62.99,0
2021-04-12-07-52-00 GMT-0400,62.99,62.99,62.99,62.99,62.99,0
2021-04-12-07-56-00 GMT-0400,63.0,63.0,63.0,63.0,63.0,0
2021-04-12-08-00-00 GMT-0400,62.99,63.12,62.86,62.98,62.98,0
2021-04-12-08-02-00 GMT-0400,63.02,63.02,62.98,62.98,62.98,0
2021-04-12-08-03-00 GMT-0400,63.11,63.11,63.1,63.1,63.1,0
2021-04-12-08-05-00 GMT-0400,63.02,63.02,63.02,63.02,63.02,0
2021-04-12-08-07-00 GMT-0400,63.0,63.0,63.0,63.0,63.0,0
2021-04-12-08-08-00 GMT-0400,62.98,62.98,62.98,62.98,62.98,0
2021-04-12-08-09-00 GMT-0400,63.02,63.02,62.97,62.97,62.97,0
2021-04-12-08-10-00 GMT-0400,62.95,62.95,62.93,62.93,62.93,0
2021-04-12-08-11-00 GMT-0400,62.93,62.93,62.86,62.86,62.86,0
2021-04-12-08-12-00 GMT-0400,62.86,62.86,62.85,62.85,62.85,0
2021-04-12-08-13-00 GMT-0400,62.98,62.98,62.98,62.98,62.98,0
2021-04-12-08-14-00 GMT-0400,62.96,62.96,62.96,62.96,62.96,0
2021-04-12-08-15-00 GMT-0400,62.86,62.86,62.85,62.85,62.85,0
2021-04-12-08-16-00 GMT-0400,62.85,62.85,62.85,62.85,62.85,0
2021-04-12-08-17-00 GMT-0400,62.85,62.87,62.85,62.87,62.87,0
2021-04-12-08-18-00 GMT-0400,62.87,62.89,62.76,62.76,62.76,0
2021-04-12-08-19-00 GMT-0400,62.7622,62.7622,62.76,62.76,62.76,0
2021-04-12-08-20-00 GMT-0400,62.9799,62.9799,62.81,62.81,62.81,0
2021-04-12-08-21-00 GMT-0400,63.0,63.0,62.94,62.94,62.94,0
2021-04-12-08-22-00 GMT-0400,62.85,62.92,62.8101,62.82,62.82,0
2021-04-12-08-23-00 GMT-0400,62.8101,62.9,62.8101,62.86,62.86,0
2021-04-12-08-24-00 GMT-0400,62.9,62.9,62.81,62.81,62.81,0
2021-04-12-08-25-00 GMT-0400,62.9,62.9,62.8108,62.8108,62.8108,0
2021-04-12-08-26-00 GMT-0400,62.95,62.95,62.95,62.95,62.95,0
2021-04-12-08-27-00 GMT-0400,62.95,62.9999,62.9,62.9,62.9,0
2021-04-12-08-28-00 GMT-0400,62.95,62.99,62.91,62.99,62.99,0
2021-04-12-08-31-00 GMT-0400,62.92,62.97,62.91,62.97,62.97,0
2021-04-12-08-32-00 GMT-0400,62.97,62.97,62.97,62.97,62.97,0
2021-04-12-08-33-00 GMT-0400,62.91,62.91,62.91,62.91,62.91,0
2021-04-12-08-34-00 GMT-0400,62.91,62.91,62.91,62.91,62.91,0
2021-04-12-08-36-00 GMT-0400,62.92,62.92,62.91,62.91,62.91,0
2021-04-12-08-38-00 GMT-0400,62.97,62.97,62.97,62.97,62.97,0
2021-04-12-08-39-00 GMT-0400,62.91,62.98,62.91,62.91,62.91,0
2021-04-12-08-40-00 GMT-0400,62.98,62.98,62.91,62.92,62.92,0
2021-04-12-08-41-00 GMT-0400,62.9799,62.9799,62.9799,62.9799,62.9799,0
2021-04-12-08-43-00 GMT-0400,62.98,63.27,62.98,63.27,63.27,0
2021-04-12-08-44-00 GMT-0400,62.95,62.98,62.95,62.97,62.97,0
2021-04-12-08-45-00 GMT-0400,62.98,62.98,62.97,62.97,62.97,0
2021-04-12-08-46-00 GMT-0400,62.96,63.0,62.96,63.0,63.0,0
2021-04-12-08-47-00 GMT-0400,62.98,62.99,62.98,62.99,62.99,0
2021-04-12-08-50-00 GMT-0400,62.93,62.99,62.93,62.99,62.99,0
2021-04-12-08-51-00 GMT-0400,62.99,63.06,62.99,63.0,63.0,0
2021-04-12-08-52-00 GMT-0400,63.0,63.07,63.0,63.07,63.07,0
2021-04-12-08-53-00 GMT-0400,63.0,63.07,63.0,63.07,63.07,0
2021-04-12-08-54-00 GMT-0400,63.0,63.01,63.0,63.01,63.01,0
2021-04-12-08-55-00 GMT-0400,63.0,63.0,63.0,63.0,63.0,0
2021-04-12-08-57-00 GMT-0400,63.01,63.0499,63.0,63.0499,63.0499,0
2021-04-12-08-58-00 GMT-0400,63.0,63.05,62.95,62.95,62.95,0
2021-04-12-08-59-00 GMT-0400,62.99,62.99,62.93,62.93,62.93,0
2021-04-12-09-00-00 GMT-0400,62.95,62.95,62.91,62.91,62.91,0
2021-04-12-09-01-00 GMT-0400,62.91,62.93,62.91,62.92,62.92,0
2021-04-12-09-02-00 GMT-0400,62.92,62.93,62.91,62.93,62.93,0
2021-04-12-09-03-00 GMT-0400,62.95,63.0,62.91,63.0,63.0,0
2021-04-12-09-04-00 GMT-0400,63.0,63.0,62.91,62.91,62.91,0
2021-04-12-09-05-00 GMT-0400,62.955,63.02,62.91,63.02,63.02,0
2021-04-12-09-06-00 GMT-0400,62.99,63.05,62.99,63.02,63.02,0
2021-04-12-09-07-00 GMT-0400,63.05,63.05,62.99,63.05,63.05,0
2021-04-12-09-08-00 GMT-0400,63.05,63.1,62.99,62.99,62.99,0
2021-04-12-09-09-00 GMT-0400,63.08,63.1,62.99,63.05,63.05,0
2021-04-12-09-10-00 GMT-0400,63.05,63.075,62.91,63.03,63.03,0
2021-04-12-09-11-00 GMT-0400,63.0,63.03,62.91,62.91,62.91,0
2021-04-12-09-12-00 GMT-0400,62.91,63.03,62.91,62.955,62.955,0
2021-04-12-09-13-00 GMT-0400,62.99,63.0,62.92,62.9201,62.9201,0
2021-04-12-09-14-00 GMT-0400,63.0,63.0,62.95,62.99,62.99,0
2021-04-12-09-30-00 GMT-0400,62.810001373291016,62.816001892089844,62.369998931884766,62.790000915527344,62.790000915527344,295394
2021-04-12-09-31-00 GMT-0400,62.7400016784668,62.95000076293945,62.63999938964844,62.68000030517578,62.68000030517578,59088
2021-04-12-09-32-00 GMT-0400,62.68000030517578,63.09000015258789,62.54999923706055,63.06999969482422,63.06999969482422,95299
2021-04-12-09-33-00 GMT-0400,63.0,63.31999969482422,62.987998962402344,63.064701080322266,63.064701080322266,121992
2021-04-12-09-34-00 GMT-0400,63.07120132446289,63.18000030517578,62.88999938964844,63.0,63.0,46769
2021-04-12-09-35-00 GMT-0400,63.0099983215332,63.09000015258789,62.84000015258789,62.869998931884766,62.869998931884766,61010
2021-04-12-09-36-00 GMT-0400,62.88999938964844,63.0,62.779998779296875,62.84000015258789,62.84000015258789,57928
2021-04-12-09-37-00 GMT-0400,62.81100082397461,62.86000061035156,62.46659851074219,62.519901275634766,62.519901275634766,68760
2021-04-12-09-38-00 GMT-0400,62.519500732421875,62.62099838256836,62.47439956665039,62.57500076293945,62.57500076293945,59228
2021-04-12-09-39-00 GMT-0400,62.56340026855469,62.66999816894531,62.29999923706055,62.349998474121094,62.349998474121094,75180
2021-04-12-09-40-00 GMT-0400,62.380001068115234,62.43000030517578,62.18600082397461,62.25,62.25,62484
2021-04-12-09-41-00 GMT-0400,62.22999954223633,62.53990173339844,62.18000030517578,62.47990036010742,62.47990036010742,85311
2021-04-12-09-42-00 GMT-0400,62.4390983581543,62.52989959716797,62.380001068115234,62.43000030517578,62.43000030517578,43472
2021-04-12-09-43-00 GMT-0400,62.44139862060547,62.45000076293945,62.310001373291016,62.34000015258789,62.34000015258789,25816
2021-04-12-09-44-00 GMT-0400,62.334999084472656,62.439998626708984,62.209999084472656,62.2599983215332,62.2599983215332,66233
2021-04-12-09-45-00 GMT-0400,62.27000045776367,62.290000915527344,61.900001525878906,61.935001373291016,61.935001373291016,122386
2021-04-12-09-46-00 GMT-0400,61.91999816894531,62.084999084472656,61.86000061035156,61.935001373291016,61.935001373291016,97491
2021-04-12-09-47-00 GMT-0400,61.935001373291016,61.95000076293945,61.849998474121094,61.906700134277344,61.906700134277344,69935
2021-04-12-09-48-00 GMT-0400,61.900001525878906,61.93000030517578,61.81999969482422,61.83000183105469,61.83000183105469,52373
2021-04-12-09-49-00 GMT-0400,61.81999969482422,61.83000183105469,61.560001373291016,61.625,61.625,103013
2021-04-12-09-50-00 GMT-0400,61.600101470947266,61.72999954223633,61.45000076293945,61.470001220703125,61.470001220703125,109440
2021-04-12-09-51-00 GMT-0400,61.40999984741211,61.6599006652832,61.311500549316406,61.54999923706055,61.54999923706055,132745
2021-04-12-09-52-00 GMT-0400,61.56999969482422,61.61000061035156,61.5,61.61000061035156,61.61000061035156,59147
2021-04-12-09-53-00 GMT-0400,61.602699279785156,61.67110061645508,61.43880081176758,61.45000076293945,61.45000076293945,46586
2021-04-12-09-54-00 GMT-0400,61.43320083618164,61.47990036010742,61.31999969482422,61.38999938964844,61.38999938964844,72649
2021-04-12-09-55-00 GMT-0400,61.41999816894531,61.529998779296875,61.31999969482422,61.40999984741211,61.40999984741211,57182
2021-04-12-09-56-00 GMT-0400,61.415000915527344,61.54999923706055,61.349998474121094,61.5,61.5,53145
2021-04-12-09-57-00 GMT-0400,61.50419998168945,61.63999938964844,61.470001220703125,61.596900939941406,61.596900939941406,41048
2021-04-12-09-58-00 GMT-0400,61.599998474121094,61.61000061035156,61.43000030517578,61.52000045776367,61.52000045776367,27942
2021-04-12-09-59-00 GMT-0400,61.560001373291016,61.560001373291016,61.41999816894531,61.5099983215332,61.5099983215332,32957
2021-04-12-10-00-00 GMT-0400,61.5099983215332,61.599998474121094,61.5,61.59000015258789,61.59000015258789,41524
2021-04-12-10-01-00 GMT-0400,61.59000015258789,61.81999969482422,61.56999969482422,61.654998779296875,61.654998779296875,111205
2021-04-12-10-02-00 GMT-0400,61.66999816894531,61.71500015258789,61.59000015258789,61.67430114746094,61.67430114746094,34040
2021-04-12-10-03-00 GMT-0400,61.68000030517578,61.7599983215332,61.66170120239258,61.73440170288086,61.73440170288086,21955
2021-04-12-10-04-00 GMT-0400,61.7400016784668,61.794898986816406,61.709999084472656,61.72999954223633,61.72999954223633,54306
2021-04-12-10-05-00 GMT-0400,61.709999084472656,61.779998779296875,61.68000030517578,61.7599983215332,61.7599983215332,16869
2021-04-12-10-06-00 GMT-0400,61.779998779296875,61.810001373291016,61.61009979248047,61.63999938964844,61.63999938964844,36503
2021-04-12-10-07-00 GMT-0400,61.630001068115234,61.65999984741211,61.56999969482422,61.630001068115234,61.630001068115234,36211
2021-04-12-10-08-00 GMT-0400,61.600101470947266,61.810001373291016,61.600101470947266,61.76499938964844,61.76499938964844,75510
2021-04-12-10-09-00 GMT-0400,61.76499938964844,61.81990051269531,61.650001525878906,61.81990051269531,61.81990051269531,31018
2021-04-12-10-10-00 GMT-0400,61.79999923706055,61.809898376464844,61.650001525878906,61.650001525878906,61.650001525878906,24013
2021-04-12-10-11-00 GMT-0400,61.650001525878906,61.68000030517578,61.40999984741211,61.480098724365234,61.480098724365234,43955
2021-04-12-10-12-00 GMT-0400,61.47999954223633,61.54990005493164,61.43000030517578,61.5,61.5,30291
2021-04-12-10-13-00 GMT-0400,61.51620101928711,61.51620101928711,61.369998931884766,61.43009948730469,61.43009948730469,26915
2021-04-12-10-14-00 GMT-0400,61.43339920043945,61.47999954223633,61.34000015258789,61.47999954223633,61.47999954223633,45264
2021-04-12-10-15-00 GMT-0400,61.470001220703125,61.53990173339844,61.40999984741211,61.51860046386719,61.51860046386719,26489
2021-04-12-10-16-00 GMT-0400,61.4901008605957,61.650001525878906,61.4900016784668,61.540000915527344,61.540000915527344,39757
2021-04-12-10-17-00 GMT-0400,61.54999923706055,61.65999984741211,61.5,61.65999984741211,61.65999984741211,23402
2021-04-12-10-18-00 GMT-0400,61.66569900512695,61.70000076293945,61.56999969482422,61.63679885864258,61.63679885864258,38044
2021-04-12-10-19-00 GMT-0400,61.654998779296875,61.81999969482422,61.619998931884766,61.790000915527344,61.790000915527344,37735
2021-04-12-10-20-00 GMT-0400,61.790000915527344,61.790000915527344,61.654998779296875,61.709999084472656,61.709999084472656,30913
2021-04-12-10-21-00 GMT-0400,61.73139953613281,61.810001373291016,61.689998626708984,61.78499984741211,61.78499984741211,50577
2021-04-12-10-22-00 GMT-0400,61.810001373291016,61.86989974975586,61.779998779296875,61.834999084472656,61.834999084472656,48557
2021-04-12-10-23-00 GMT-0400,61.83000183105469,61.86000061035156,61.790000915527344,61.79999923706055,61.79999923706055,28213
2021-04-12-10-24-00 GMT-0400,61.80500030517578,61.939998626708984,61.79999923706055,61.90999984741211,61.90999984741211,50424
2021-04-12-10-25-00 GMT-0400,61.90999984741211,62.029998779296875,61.86000061035156,61.93349838256836,61.93349838256836,96046
2021-04-12-10-26-00 GMT-0400,61.90010070800781,61.95000076293945,61.869998931884766,61.8849983215332,61.8849983215332,39077
2021-04-12-10-27-00 GMT-0400,61.8849983215332,61.8849983215332,61.72010040283203,61.78499984741211,61.78499984741211,44182
2021-04-12-10-28-00 GMT-0400,61.78499984741211,61.78499984741211,61.599998474121094,61.619998931884766,61.619998931884766,37703
2021-04-12-10-29-00 GMT-0400,61.61899948120117,61.62990188598633,61.52000045776367,61.6150016784668,61.6150016784668,45109
2021-04-12-10-30-00 GMT-0400,61.630001068115234,61.630001068115234,61.529998779296875,61.560001373291016,61.560001373291016,14375
2021-04-12-10-31-00 GMT-0400,61.54999923706055,61.56060028076172,61.5,61.529998779296875,61.529998779296875,28033
2021-04-12-10-32-00 GMT-0400,61.5,61.52000045776367,61.400001525878906,61.459999084472656,61.459999084472656,43709
2021-04-12-10-33-00 GMT-0400,61.470001220703125,61.4900016784668,61.41999816894531,61.43000030517578,61.43000030517578,22600
2021-04-12-10-34-00 GMT-0400,61.439998626708984,61.599998474121094,61.400001525878906,61.599998474121094,61.599998474121094,35578
2021-04-12-10-35-00 GMT-0400,61.60499954223633,61.70000076293945,61.58000183105469,61.58000183105469,61.58000183105469,56487
2021-04-12-10-36-00 GMT-0400,61.58000183105469,61.58000183105469,61.42770004272461,61.44990158081055,61.44990158081055,18259
2021-04-12-10-37-00 GMT-0400,61.41999816894531,61.459999084472656,61.380001068115234,61.43000030517578,61.43000030517578,25511
2021-04-12-10-38-00 GMT-0400,61.43000030517578,61.470001220703125,61.380001068115234,61.38999938964844,61.38999938964844,20612
2021-04-12-10-39-00 GMT-0400,61.38800048828125,61.40250015258789,61.31999969482422,61.33380126953125,61.33380126953125,24382
2021-04-12-10-40-00 GMT-0400,61.320098876953125,61.43000030517578,61.2599983215332,61.400001525878906,61.400001525878906,67208
2021-04-12-10-41-00 GMT-0400,61.380001068115234,61.38290023803711,61.2599983215332,61.29999923706055,61.29999923706055,31255
2021-04-12-10-42-00 GMT-0400,61.2599983215332,61.27000045776367,61.13999938964844,61.140098571777344,61.140098571777344,54288
2021-04-12-10-43-00 GMT-0400,61.119998931884766,61.130001068115234,60.93000030517578,60.9900016784668,60.9900016784668,121618
2021-04-12-10-44-00 GMT-0400,60.97600173950195,61.06999969482422,60.97600173950195,61.04990005493164,61.04990005493164,67621
2021-04-12-10-45-00 GMT-0400,61.027801513671875,61.06999969482422,60.91999816894531,60.93199920654297,60.93199920654297,51112
2021-04-12-10-46-00 GMT-0400,60.920101165771484,61.11000061035156,60.920101165771484,61.0968017578125,61.0968017578125,36375
2021-04-12-10-47-00 GMT-0400,61.095001220703125,61.2494010925293,61.040000915527344,61.2400016784668,61.2400016784668,35458
2021-04-12-10-48-00 GMT-0400,61.25,61.279998779296875,61.20000076293945,61.25,61.25,20658
2021-04-12-10-49-00 GMT-0400,61.25,61.29999923706055,61.219398498535156,61.29999923706055,61.29999923706055,14722
2021-04-12-10-50-00 GMT-0400,61.38999938964844,61.439998626708984,61.369998931884766,61.415401458740234,61.415401458740234,60698
2021-04-12-10-51-00 GMT-0400,61.419898986816406,61.419898986816406,61.349998474121094,61.38249969482422,61.38249969482422,13847
2021-04-12-10-52-00 GMT-0400,61.380001068115234,61.406700134277344,61.33000183105469,61.34000015258789,61.34000015258789,22616
2021-04-12-10-53-00 GMT-0400,61.339900970458984,61.415000915527344,61.279998779296875,61.415000915527344,61.415000915527344,33021
2021-04-12-10-54-00 GMT-0400,61.425498962402344,61.45000076293945,61.349998474121094,61.36000061035156,61.36000061035156,16963
2021-04-12-10-55-00 GMT-0400,61.375,61.540000915527344,61.375,61.45800018310547,61.45800018310547,29698
2021-04-12-10-56-00 GMT-0400,61.45500183105469,61.489898681640625,61.349998474121094,61.350101470947266,61.350101470947266,27614
2021-04-12-10-57-00 GMT-0400,61.36000061035156,61.399898529052734,61.330101013183594,61.369998931884766,61.369998931884766,13595
2021-04-12-10-58-00 GMT-0400,61.3583984375,61.3583984375,61.220001220703125,61.22999954223633,61.22999954223633,33358
2021-04-12-10-59-00 GMT-0400,61.209999084472656,61.27000045776367,61.15999984741211,61.20000076293945,61.20000076293945,27599
2021-04-12-11-00-00 GMT-0400,61.22999954223633,61.25,61.150001525878906,61.185001373291016,61.185001373291016,11847
2021-04-12-11-01-00 GMT-0400,61.19990158081055,61.279998779296875,61.189998626708984,61.20000076293945,61.20000076293945,22919
2021-04-12-11-02-00 GMT-0400,61.209999084472656,61.290000915527344,61.209999084472656,61.25,61.25,10889
2021-04-12-11-03-00 GMT-0400,61.2400016784668,61.349998474121094,61.22999954223633,61.349998474121094,61.349998474121094,20182
2021-04-12-11-04-00 GMT-0400,61.369998931884766,61.41999816894531,61.30009841918945,61.37990188598633,61.37990188598633,5811
2021-04-12-11-05-00 GMT-0400,61.36000061035156,61.380001068115234,61.2599983215332,61.2599983215332,61.2599983215332,10812
2021-04-12-11-06-00 GMT-0400,61.25,61.269901275634766,61.185001373291016,61.25,61.25,14448
2021-04-12-11-07-00 GMT-0400,61.2599983215332,61.36000061035156,61.2598991394043,61.310298919677734,61.310298919677734,15107
2021-04-12-11-08-00 GMT-0400,61.33449935913086,61.3849983215332,61.33000183105469,61.3400993347168,61.3400993347168,14720
2021-04-12-11-09-00 GMT-0400,61.36000061035156,61.37990188598633,61.29999923706055,61.31850051879883,61.31850051879883,19982
2021-04-12-11-10-00 GMT-0400,61.31629943847656,61.33000183105469,61.20000076293945,61.220001220703125,61.220001220703125,26950
2021-04-12-11-11-00 GMT-0400,61.21500015258789,61.36000061035156,61.209999084472656,61.36000061035156,61.36000061035156,18426
2021-04-12-11-12-00 GMT-0400,61.369998931884766,61.560001373291016,61.349998474121094,61.5,61.5,44884
2021-04-12-11-13-00 GMT-0400,61.5,61.50870132446289,61.42499923706055,61.44729995727539,61.44729995727539,25120
2021-04-12-11-14-00 GMT-0400,61.45000076293945,61.58000183105469,61.45000076293945,61.54499816894531,61.54499816894531,34996
2021-04-12-11-15-00 GMT-0400,61.55500030517578,61.650001525878906,61.529998779296875,61.599998474121094,61.599998474121094,32161
2021-04-12-11-16-00 GMT-0400,61.59000015258789,61.70000076293945,61.540000915527344,61.679901123046875,61.679901123046875,32694
2021-04-12-11-17-00 GMT-0400,61.68000030517578,61.7400016784668,61.68000030517578,61.738399505615234,61.738399505615234,18810
2021-04-12-11-18-00 GMT-0400,61.720001220703125,61.7400016784668,61.68000030517578,61.71310043334961,61.71310043334961,20923
2021-04-12-11-19-00 GMT-0400,61.72999954223633,61.810001373291016,61.72999954223633,61.76259994506836,61.76259994506836,16873
2021-04-12-11-20-00 GMT-0400,61.77000045776367,61.83000183105469,61.72999954223633,61.82529830932617,61.82529830932617,23301
2021-04-12-11-21-00 GMT-0400,61.834999084472656,61.849998474121094,61.79410171508789,61.810001373291016,61.810001373291016,24593
2021-04-12-11-22-00 GMT-0400,61.790000915527344,61.790000915527344,61.7400016784668,61.7598991394043,61.7598991394043,19946
2021-04-12-11-23-00 GMT-0400,61.72999954223633,61.739898681640625,61.689998626708984,61.71009826660156,61.71009826660156,19720
2021-04-12-11-24-00 GMT-0400,61.709999084472656,61.790000915527344,61.709999084472656,61.75,61.75,17918
2021-04-12-11-25-00 GMT-0400,61.75,61.75,61.650001525878906,61.685001373291016,61.685001373291016,20870
2021-04-12-11-26-00 GMT-0400,61.66999816894531,61.7400016784668,61.61000061035156,61.7400016784668,61.7400016784668,25507
2021-04-12-11-27-00 GMT-0400,61.77349853515625,61.83000183105469,61.750099182128906,61.801998138427734,61.801998138427734,19554
2021-04-12-11-28-00 GMT-0400,61.79999923706055,61.81999969482422,61.72999954223633,61.7400016784668,61.7400016784668,21819
2021-04-12-11-29-00 GMT-0400,61.72999954223633,61.810001373291016,61.68000030517578,61.79499816894531,61.79499816894531,37122
2021-04-12-11-30-00 GMT-0400,61.78820037841797,61.900001525878906,61.78820037841797,61.85499954223633,61.85499954223633,44001
2021-04-12-11-31-00 GMT-0400,61.869998931884766,61.869998931884766,61.810001373291016,61.82389831542969,61.82389831542969,12156
2021-04-12-11-32-00 GMT-0400,61.81999969482422,61.84000015258789,61.78310012817383,61.81999969482422,61.81999969482422,13596
2021-04-12-11-33-00 GMT-0400,61.810001373291016,61.810001373291016,61.75,61.77470016479492,61.77470016479492,12717
2021-04-12-11-34-00 GMT-0400,61.7599983215332,61.77000045776367,61.70000076293945,61.71500015258789,61.71500015258789,15492
2021-04-12-11-35-00 GMT-0400,61.71500015258789,61.72999954223633,61.599998474121094,61.619998931884766,61.619998931884766,53347
2021-04-12-11-36-00 GMT-0400,61.630001068115234,61.66999816894531,61.5099983215332,61.58000183105469,61.58000183105469,22663
2021-04-12-11-37-00 GMT-0400,61.59000015258789,61.63999938964844,61.529998779296875,61.61309814453125,61.61309814453125,25755
2021-04-12-11-38-00 GMT-0400,61.61899948120117,61.619998931884766,61.540000915527344,61.560001373291016,61.560001373291016,14159
2021-04-12-11-39-00 GMT-0400,61.564998626708984,61.589900970458984,61.5099983215332,61.51499938964844,61.51499938964844,13890
2021-04-12-11-40-00 GMT-0400,61.5099983215332,61.61000061035156,61.4901008605957,61.61000061035156,61.61000061035156,26378
2021-04-12-11-41-00 GMT-0400,61.619998931884766,61.689998626708984,61.61000061035156,61.689998626708984,61.689998626708984,22637
2021-04-12-11-42-00 GMT-0400,61.70000076293945,61.724998474121094,61.679500579833984,61.720001220703125,61.720001220703125,21995
2021-04-12-11-43-00 GMT-0400,61.724998474121094,61.72999954223633,61.68000030517578,61.70000076293945,61.70000076293945,20871
2021-04-12-11-44-00 GMT-0400,61.697601318359375,61.70000076293945,61.665000915527344,61.66999816894531,61.66999816894531,13534
2021-04-12-11-45-00 GMT-0400,61.66999816894531,61.72520065307617,61.61000061035156,61.62269973754883,61.62269973754883,22382
2021-04-12-11-46-00 GMT-0400,61.630001068115234,61.63999938964844,61.599998474121094,61.60340118408203,61.60340118408203,24081
2021-04-12-11-47-00 GMT-0400,61.6150016784668,61.64500045776367,61.599998474121094,61.630001068115234,61.630001068115234,5437
2021-04-12-11-48-00 GMT-0400,61.619998931884766,61.689998626708984,61.59000015258789,61.68920135498047,61.68920135498047,21653
2021-04-12-11-49-00 GMT-0400,61.660099029541016,61.70000076293945,61.59000015258789,61.59000015258789,61.59000015258789,13635
2021-04-12-11-50-00 GMT-0400,61.57059860229492,61.58000183105469,61.5099983215332,61.5099983215332,61.5099983215332,32325
2021-04-12-11-51-00 GMT-0400,61.5,61.550201416015625,61.43000030517578,61.550201416015625,61.550201416015625,40627
2021-04-12-11-52-00 GMT-0400,61.54999923706055,61.689998626708984,61.54999923706055,61.679901123046875,61.679901123046875,18649
2021-04-12-11-53-00 GMT-0400,61.68000030517578,61.70989990234375,61.619998931884766,61.683998107910156,61.683998107910156,21981
2021-04-12-11-54-00 GMT-0400,61.66999816894531,61.75,61.65999984741211,61.7400016784668,61.7400016784668,10763
2021-04-12-11-55-00 GMT-0400,61.724998474121094,61.79990005493164,61.724998474121094,61.779998779296875,61.779998779296875,12131
2021-04-12-11-56-00 GMT-0400,61.77000045776367,61.86000061035156,61.7400016784668,61.85499954223633,61.85499954223633,15684
2021-04-12-11-57-00 GMT-0400,61.855499267578125,61.90999984741211,61.849998474121094,61.88999938964844,61.88999938964844,10322
2021-04-12-11-58-00 GMT-0400,61.880001068115234,61.939998626708984,61.869998931884766,61.869998931884766,61.869998931884766,12489
2021-04-12-11-59-00 GMT-0400,61.869998931884766,61.959999084472656,61.869998931884766,61.92499923706055,61.92499923706055,17671
2021-04-12-12-00-00 GMT-0400,61.90999984741211,62.060001373291016,61.90999984741211,61.9900016784668,61.9900016784668,36742
2021-04-12-12-01-00 GMT-0400,62.0,62.0099983215332,61.93000030517578,61.959999084472656,61.959999084472656,20179
2021-04-12-12-02-00 GMT-0400,61.959999084472656,62.06999969482422,61.959999084472656,62.00590133666992,62.00590133666992,20608
2021-04-12-12-03-00 GMT-0400,62.03120040893555,62.064998626708984,62.02000045776367,62.040000915527344,62.040000915527344,10010
2021-04-12-12-04-00 GMT-0400,62.060001373291016,62.20000076293945,62.060001373291016,62.189998626708984,62.189998626708984,59147
2021-04-12-12-05-00 GMT-0400,62.20000076293945,62.22999954223633,62.13999938964844,62.20000076293945,62.20000076293945,75572
2021-04-12-12-06-00 GMT-0400,62.20539855957031,62.22999954223633,62.150001525878906,62.189998626708984,62.189998626708984,18475
2021-04-12-12-07-00 GMT-0400,62.20000076293945,62.275001525878906,62.15999984741211,62.2400016784668,62.2400016784668,42826
2021-04-12-12-08-00 GMT-0400,62.244998931884766,62.290000915527344,62.230098724365234,62.284000396728516,62.284000396728516,27523
2021-04-12-12-09-00 GMT-0400,62.28139877319336,62.33000183105469,62.279998779296875,62.290000915527344,62.290000915527344,16929
2021-04-12-12-10-00 GMT-0400,62.29999923706055,62.369998931884766,62.27000045776367,62.310001373291016,62.310001373291016,94199
2021-04-12-12-11-00 GMT-0400,62.33000183105469,62.369998931884766,62.2599983215332,62.33000183105469,62.33000183105469,52367
2021-04-12-12-12-00 GMT-0400,62.34000015258789,62.34000015258789,62.1869010925293,62.290000915527344,62.290000915527344,52489
2021-04-12-12-13-00 GMT-0400,62.294700622558594,62.329498291015625,62.244998931884766,62.2932014465332,62.2932014465332,10539
2021-04-12-12-14-00 GMT-0400,62.29999923706055,62.307498931884766,62.26499938964844,62.27000045776367,62.27000045776367,5169
2021-04-12-12-15-00 GMT-0400,62.279998779296875,62.329898834228516,62.279998779296875,62.28499984741211,62.28499984741211,7503
2021-04-12-12-16-00 GMT-0400,62.27000045776367,62.400001525878906,62.2400016784668,62.36000061035156,62.36000061035156,22949
2021-04-12-12-17-00 GMT-0400,62.35499954223633,62.400001525878906,62.29999923706055,62.34000015258789,62.34000015258789,31953
2021-04-12-12-18-00 GMT-0400,62.33869934082031,62.369998931884766,62.209999084472656,62.27000045776367,62.27000045776367,24198
2021-04-12-12-19-00 GMT-0400,62.255001068115234,62.28499984741211,62.18000030517578,62.18000030517578,62.18000030517578,23914
2021-04-12-12-20-00 GMT-0400,62.220001220703125,62.25,62.189998626708984,62.220001220703125,62.220001220703125,13659
2021-04-12-12-21-00 GMT-0400,62.209999084472656,62.349998474121094,62.209999084472656,62.345001220703125,62.345001220703125,32757
2021-04-12-12-22-00 GMT-0400,62.359500885009766,62.359500885009766,62.29999923706055,62.30459976196289,62.30459976196289,16296
2021-04-12-12-23-00 GMT-0400,62.31999969482422,62.34000015258789,62.29999923706055,62.34000015258789,62.34000015258789,6646
2021-04-12-12-24-00 GMT-0400,62.34000015258789,62.435001373291016,62.34000015258789,62.415000915527344,62.415000915527344,37416
2021-04-12-12-25-00 GMT-0400,62.40999984741211,62.43619918823242,62.30099868774414,62.38999938964844,62.38999938964844,29953
2021-04-12-12-26-00 GMT-0400,62.38999938964844,62.47999954223633,62.38999938964844,62.44850158691406,62.44850158691406,18949
2021-04-12-12-27-00 GMT-0400,62.45000076293945,62.470001220703125,62.41999816894531,62.41999816894531,62.41999816894531,40134
2021-04-12-12-28-00 GMT-0400,62.41999816894531,62.52560043334961,62.34000015258789,62.52000045776367,62.52000045776367,94531
2021-04-12-12-29-00 GMT-0400,62.52619934082031,62.54999923706055,62.47999954223633,62.529998779296875,62.529998779296875,17250
2021-04-12-12-30-00 GMT-0400,62.54159927368164,62.559898376464844,62.470001220703125,62.540000915527344,62.540000915527344,32966
2021-04-12-12-31-00 GMT-0400,62.560001373291016,62.56999969482422,62.4900016784668,62.529998779296875,62.529998779296875,21097
2021-04-12-12-32-00 GMT-0400,62.54999923706055,62.56999969482422,62.52000045776367,62.54999923706055,62.54999923706055,17856
2021-04-12-12-33-00 GMT-0400,62.55009841918945,62.560001373291016,62.470001220703125,62.529998779296875,62.529998779296875,23201
2021-04-12-12-34-00 GMT-0400,62.53499984741211,62.599998474121094,62.5099983215332,62.599998474121094,62.599998474121094,30483
2021-04-12-12-35-00 GMT-0400,62.599998474121094,62.63999938964844,62.529998779296875,62.54499816894531,62.54499816894531,52749
2021-04-12-12-36-00 GMT-0400,62.560001373291016,62.599998474121094,62.5099983215332,62.560001373291016,62.560001373291016,18185
2021-04-12-12-37-00 GMT-0400,62.54999923706055,62.59000015258789,62.53120040893555,62.560001373291016,62.560001373291016,12212
2021-04-12-12-38-00 GMT-0400,62.56999969482422,62.60580062866211,62.54999923706055,62.559200286865234,62.559200286865234,8380
2021-04-12-12-39-00 GMT-0400,62.56999969482422,62.63999938964844,62.56999969482422,62.63999938964844,62.63999938964844,14266
2021-04-12-12-40-00 GMT-0400,62.630001068115234,62.810001373291016,62.61000061035156,62.79719924926758,62.79719924926758,137767
2021-04-12-12-41-00 GMT-0400,62.788700103759766,62.788700103759766,62.68000030517578,62.70000076293945,62.70000076293945,97347
2021-04-12-12-42-00 GMT-0400,62.68000030517578,62.737701416015625,62.66999816894531,62.709999084472656,62.709999084472656,19586
2021-04-12-12-43-00 GMT-0400,62.720001220703125,62.72999954223633,62.65999984741211,62.665000915527344,62.665000915527344,23754
2021-04-12-12-44-00 GMT-0400,62.68000030517578,62.81999969482422,62.68000030517578,62.72999954223633,62.72999954223633,36330
2021-04-12-12-45-00 GMT-0400,62.720001220703125,62.7400016784668,62.68000030517578,62.70000076293945,62.70000076293945,27188
2021-04-12-12-46-00 GMT-0400,62.72999954223633,62.73699951171875,62.630001068115234,62.689998626708984,62.689998626708984,20536
2021-04-12-12-47-00 GMT-0400,62.70000076293945,62.709999084472656,62.689998626708984,62.709999084472656,62.709999084472656,10396
2021-04-12-12-48-00 GMT-0400,62.709999084472656,62.75,62.706298828125,62.72999954223633,62.72999954223633,14317
2021-04-12-12-49-00 GMT-0400,62.72999954223633,62.75,62.650001525878906,62.67499923706055,62.67499923706055,17095
2021-04-12-12-50-00 GMT-0400,62.67499923706055,62.69499969482422,62.650001525878906,62.692501068115234,62.692501068115234,12191
2021-04-12-12-51-00 GMT-0400,62.66999816894531,62.70500183105469,62.630001068115234,62.69499969482422,62.69499969482422,14657
2021-04-12-12-52-00 GMT-0400,62.70000076293945,62.84989929199219,62.70000076293945,62.81999969482422,62.81999969482422,52231
2021-04-12-12-53-00 GMT-0400,62.83000183105469,62.84000015258789,62.78010177612305,62.78730010986328,62.78730010986328,20274
2021-04-12-12-54-00 GMT-0400,62.80009841918945,62.84000015258789,62.77000045776367,62.77000045776367,62.77000045776367,35027
2021-04-12-12-55-00 GMT-0400,62.77989959716797,62.779998779296875,62.720001220703125,62.720001220703125,62.720001220703125,14624
2021-04-12-12-56-00 GMT-0400,62.709999084472656,62.72990036010742,62.650001525878906,62.70000076293945,62.70000076293945,31377
2021-04-12-12-57-00 GMT-0400,62.686798095703125,62.70000076293945,62.61000061035156,62.630001068115234,62.630001068115234,16268
2021-04-12-12-58-00 GMT-0400,62.63119888305664,62.709999084472656,62.63119888305664,62.709999084472656,62.709999084472656,8368
2021-04-12-12-59-00 GMT-0400,62.689998626708984,62.70000076293945,62.63010025024414,62.63010025024414,62.63010025024414,16697
2021-04-12-13-00-00 GMT-0400,62.64099884033203,62.66999816894531,62.630001068115234,62.65950012207031,62.65950012207031,6198
2021-04-12-13-01-00 GMT-0400,62.650001525878906,62.75,62.63999938964844,62.72999954223633,62.72999954223633,13023
2021-04-12-13-02-00 GMT-0400,62.72010040283203,62.77000045776367,62.720001220703125,62.749000549316406,62.749000549316406,10304
2021-04-12-13-03-00 GMT-0400,62.75,62.79999923706055,62.75,62.779998779296875,62.779998779296875,8556
2021-04-12-13-04-00 GMT-0400,62.79499816894531,62.84000015258789,62.790000915527344,62.79999923706055,62.79999923706055,8650
2021-04-12-13-05-00 GMT-0400,62.790000915527344,62.79999923706055,62.77000045776367,62.779998779296875,62.779998779296875,6569
2021-04-12-13-06-00 GMT-0400,62.779998779296875,62.7843017578125,62.748199462890625,62.779998779296875,62.779998779296875,7655
2021-04-12-13-07-00 GMT-0400,62.779998779296875,62.792301177978516,62.775001525878906,62.78329849243164,62.78329849243164,3179
2021-04-12-13-08-00 GMT-0400,62.79999923706055,62.849998474121094,62.790000915527344,62.814998626708984,62.814998626708984,9756
2021-04-12-13-09-00 GMT-0400,62.810001373291016,62.845001220703125,62.810001373291016,62.81999969482422,62.81999969482422,7092
2021-04-12-13-10-00 GMT-0400,62.81999969482422,62.849998474121094,62.79999923706055,62.83000183105469,62.83000183105469,10138
2021-04-12-13-11-00 GMT-0400,62.8390007019043,62.849998474121094,62.727500915527344,62.744998931884766,62.744998931884766,19913
2021-04-12-13-12-00 GMT-0400,62.75,62.84000015258789,62.75,62.79999923706055,62.79999923706055,44006
2021-04-12-13-13-00 GMT-0400,62.790000915527344,62.810001373291016,62.70000076293945,62.7599983215332,62.7599983215332,22012
2021-04-12-13-14-00 GMT-0400,62.72999954223633,62.7400016784668,62.61000061035156,62.625,62.625,46079
2021-04-12-13-15-00 GMT-0400,62.61000061035156,62.709999084472656,62.61000061035156,62.70500183105469,62.70500183105469,14424
2021-04-12-13-16-00 GMT-0400,62.690101623535156,62.70000076293945,62.58000183105469,62.58000183105469,62.58000183105469,16382
2021-04-12-13-17-00 GMT-0400,62.58000183105469,62.619998931884766,62.56330108642578,62.610801696777344,62.610801696777344,9274
2021-04-12-13-18-00 GMT-0400,62.61000061035156,62.63999938964844,62.59000015258789,62.63010025024414,62.63010025024414,17109
2021-04-12-13-19-00 GMT-0400,62.6338005065918,62.6599006652832,62.56999969482422,62.56999969482422,62.56999969482422,4175
2021-04-12-13-20-00 GMT-0400,62.56999969482422,62.61000061035156,62.56809997558594,62.57609939575195,62.57609939575195,6860
2021-04-12-13-21-00 GMT-0400,62.58000183105469,62.619998931884766,62.540000915527344,62.540000915527344,62.540000915527344,8217
2021-04-12-13-22-00 GMT-0400,62.54410171508789,62.579898834228516,62.47999954223633,62.5620002746582,62.5620002746582,14215
2021-04-12-13-23-00 GMT-0400,62.57979965209961,62.62860107421875,62.560001373291016,62.571998596191406,62.571998596191406,12378
2021-04-12-13-24-00 GMT-0400,62.584999084472656,62.619998931884766,62.56999969482422,62.56999969482422,62.56999969482422,12496
2021-04-12-13-25-00 GMT-0400,62.589900970458984,62.59000015258789,62.560001373291016,62.58000183105469,62.58000183105469,3287
2021-04-12-13-26-00 GMT-0400,62.56999969482422,62.609901428222656,62.54999923706055,62.59000015258789,62.59000015258789,7231
2021-04-12-13-27-00 GMT-0400,62.599998474121094,62.619998931884766,62.551700592041016,62.592098236083984,62.592098236083984,11149
2021-04-12-13-28-00 GMT-0400,62.58420181274414,62.599998474121094,62.56010055541992,62.599998474121094,62.599998474121094,4232
2021-04-12-13-29-00 GMT-0400,62.58000183105469,62.689998626708984,62.58000183105469,62.689998626708984,62.689998626708984,23143
2021-04-12-13-30-00 GMT-0400,62.68000030517578,62.7400016784668,62.66999816894531,62.70000076293945,62.70000076293945,20014
2021-04-12-13-31-00 GMT-0400,62.709999084472656,62.709999084472656,62.56999969482422,62.599998474121094,62.599998474121094,13167
2021-04-12-13-32-00 GMT-0400,62.625,62.625,62.540000915527344,62.56990051269531,62.56990051269531,12416
2021-04-12-13-33-00 GMT-0400,62.56990051269531,62.619998931884766,62.529998779296875,62.59000015258789,62.59000015258789,10684
2021-04-12-13-34-00 GMT-0400,62.599998474121094,62.61000061035156,62.53200149536133,62.560001373291016,62.560001373291016,9456
2021-04-12-13-35-00 GMT-0400,62.560001373291016,62.560001373291016,62.525001525878906,62.540000915527344,62.540000915527344,11433
2021-04-12-13-36-00 GMT-0400,62.540000915527344,62.54999923706055,62.470001220703125,62.470001220703125,62.470001220703125,11854
2021-04-12-13-37-00 GMT-0400,62.489898681640625,62.550201416015625,62.47999954223633,62.5099983215332,62.5099983215332,14895
2021-04-12-13-38-00 GMT-0400,62.5099983215332,62.5099983215332,62.41999816894531,62.470001220703125,62.470001220703125,27474
2021-04-12-13-39-00 GMT-0400,62.47999954223633,62.47999954223633,62.439300537109375,62.439300537109375,62.439300537109375,6222
2021-04-12-13-40-00 GMT-0400,62.43000030517578,62.44599914550781,62.400001525878906,62.435001373291016,62.435001373291016,10486
2021-04-12-13-41-00 GMT-0400,62.43450164794922,62.43450164794922,62.36009979248047,62.369998931884766,62.369998931884766,20920
2021-04-12-13-42-00 GMT-0400,62.36000061035156,62.400001525878906,62.36000061035156,62.38819885253906,62.38819885253906,14248
2021-04-12-13-43-00 GMT-0400,62.369998931884766,62.400001525878906,62.36009979248047,62.38290023803711,62.38290023803711,12625
2021-04-12-13-44-00 GMT-0400,62.38999938964844,62.419898986816406,62.372501373291016,62.40959930419922,62.40959930419922,10563
2021-04-12-13-45-00 GMT-0400,62.40999984741211,62.5,62.3922004699707,62.4900016784668,62.4900016784668,24119
2021-04-12-13-46-00 GMT-0400,62.51499938964844,62.559898376464844,62.47999954223633,62.5,62.5,14393
2021-04-12-13-47-00 GMT-0400,62.5,62.560001373291016,62.5,62.53630065917969,62.53630065917969,5889
2021-04-12-13-48-00 GMT-0400,62.529998779296875,62.559898376464844,62.511199951171875,62.540000915527344,62.540000915527344,5402
2021-04-12-13-49-00 GMT-0400,62.53390121459961,62.560001373291016,62.45000076293945,62.52000045776367,62.52000045776367,29729
2021-04-12-13-50-00 GMT-0400,62.51499938964844,62.53300094604492,62.41999816894531,62.459999084472656,62.459999084472656,19165
2021-04-12-13-51-00 GMT-0400,62.459999084472656,62.494998931884766,62.439998626708984,62.489898681640625,62.489898681640625,12553
2021-04-12-13-52-00 GMT-0400,62.459999084472656,62.47999954223633,62.459999084472656,62.459999084472656,62.459999084472656,8835
2021-04-12-13-53-00 GMT-0400,62.46630096435547,62.479000091552734,62.40999984741211,62.40999984741211,62.40999984741211,13451
2021-04-12-13-54-00 GMT-0400,62.439998626708984,62.45500183105469,62.432899475097656,62.432899475097656,62.432899475097656,4430
2021-04-12-13-55-00 GMT-0400,62.439998626708984,62.45000076293945,62.38999938964844,62.399898529052734,62.399898529052734,12674
2021-04-12-13-56-00 GMT-0400,62.429901123046875,62.429901123046875,62.369998931884766,62.38999938964844,62.38999938964844,5900
2021-04-12-13-57-00 GMT-0400,62.380001068115234,62.38719940185547,62.310001373291016,62.380001068115234,62.380001068115234,19072
2021-04-12-13-58-00 GMT-0400,62.380001068115234,62.380001068115234,62.27000045776367,62.290000915527344,62.290000915527344,12946
2021-04-12-13-59-00 GMT-0400,62.29999923706055,62.310001373291016,62.099998474121094,62.22999954223633,62.22999954223633,50302
2021-04-12-14-00-00 GMT-0400,62.22999954223633,62.34000015258789,62.22999954223633,62.34000015258789,62.34000015258789,15324
2021-04-12-14-01-00 GMT-0400,62.33000183105469,62.334999084472656,62.2599983215332,62.2599983215332,62.2599983215332,15300
2021-04-12-14-02-00 GMT-0400,62.2599983215332,62.33980178833008,62.250099182128906,62.330101013183594,62.330101013183594,13648
2021-04-12-14-03-00 GMT-0400,62.349998474121094,62.349998474121094,62.25,62.28499984741211,62.28499984741211,13055
2021-04-12-14-04-00 GMT-0400,62.28499984741211,62.32149887084961,62.2400016784668,62.28499984741211,62.28499984741211,18544
2021-04-12-14-05-00 GMT-0400,62.290000915527344,62.34000015258789,62.275001525878906,62.275001525878906,62.275001525878906,13036
2021-04-12-14-06-00 GMT-0400,62.2599983215332,62.2599983215332,62.18000030517578,62.24959945678711,62.24959945678711,24748
2021-04-12-14-07-00 GMT-0400,62.25,62.400001525878906,62.2400016784668,62.39929962158203,62.39929962158203,19346
2021-04-12-14-08-00 GMT-0400,62.400001525878906,62.403099060058594,62.33000183105469,62.33000183105469,62.33000183105469,16142
2021-04-12-14-09-00 GMT-0400,62.34000015258789,62.400001525878906,62.34000015258789,62.369998931884766,62.369998931884766,9262
2021-04-12-14-10-00 GMT-0400,62.380001068115234,62.43000030517578,62.36009979248047,62.43000030517578,62.43000030517578,12801
2021-04-12-14-11-00 GMT-0400,62.45000076293945,62.459999084472656,62.37009811401367,62.380001068115234,62.380001068115234,11107
2021-04-12-14-12-00 GMT-0400,62.380001068115234,62.405399322509766,62.349998474121094,62.39500045776367,62.39500045776367,13453
2021-04-12-14-13-00 GMT-0400,62.390098571777344,62.41999816894531,62.38999938964844,62.39500045776367,62.39500045776367,7703
2021-04-12-14-14-00 GMT-0400,62.399898529052734,62.400001525878906,62.369998931884766,62.38010025024414,62.38010025024414,9332
2021-04-12-14-15-00 GMT-0400,62.38999938964844,62.41999816894531,62.36000061035156,62.380001068115234,62.380001068115234,9276
2021-04-12-14-16-00 GMT-0400,62.3849983215332,62.38999938964844,62.33000183105469,62.35350036621094,62.35350036621094,8333
2021-04-12-14-17-00 GMT-0400,62.369998931884766,62.5,62.369998931884766,62.5,62.5,21555
2021-04-12-14-18-00 GMT-0400,62.48500061035156,62.485599517822266,62.36989974975586,62.415000915527344,62.415000915527344,27534
2021-04-12-14-19-00 GMT-0400,62.41999816894531,62.47999954223633,62.41999816894531,62.43000030517578,62.43000030517578,13856
2021-04-12-14-20-00 GMT-0400,62.45500183105469,62.470001220703125,62.439998626708984,62.45000076293945,62.45000076293945,4222
2021-04-12-14-21-00 GMT-0400,62.45000076293945,62.474998474121094,62.43000030517578,62.43000030517578,62.43000030517578,8328
2021-04-12-14-22-00 GMT-0400,62.41999816894531,62.45000076293945,62.400001525878906,62.45000076293945,62.45000076293945,9408
2021-04-12-14-23-00 GMT-0400,62.45000076293945,62.45000076293945,62.408599853515625,62.41999816894531,62.41999816894531,10046
2021-04-12-14-24-00 GMT-0400,62.45000076293945,62.470001220703125,62.40999984741211,62.439998626708984,62.439998626708984,8940
2021-04-12-14-25-00 GMT-0400,62.43000030517578,62.430198669433594,62.40999984741211,62.41299819946289,62.41299819946289,6671
2021-04-12-14-26-00 GMT-0400,62.410099029541016,62.45000076293945,62.410099029541016,62.45000076293945,62.45000076293945,5332
2021-04-12-14-27-00 GMT-0400,62.45000076293945,62.5099983215332,62.45000076293945,62.5099983215332,62.5099983215332,7866
2021-04-12-14-28-00 GMT-0400,62.47999954223633,62.5,62.47999954223633,62.47999954223633,62.47999954223633,5848
2021-04-12-14-29-00 GMT-0400,62.47999954223633,62.5,62.457298278808594,62.4900016784668,62.4900016784668,12271
2021-04-12-14-30-00 GMT-0400,62.4900016784668,62.59000015258789,62.4900016784668,62.54999923706055,62.54999923706055,17659
2021-04-12-14-31-00 GMT-0400,62.540000915527344,62.57500076293945,62.5343017578125,62.55500030517578,62.55500030517578,13598
2021-04-12-14-32-00 GMT-0400,62.540000915527344,62.56999969482422,62.540000915527344,62.564998626708984,62.564998626708984,8955
2021-04-12-14-33-00 GMT-0400,62.564998626708984,62.585601806640625,62.564998626708984,62.56999969482422,62.56999969482422,16276
2021-04-12-14-34-00 GMT-0400,62.56999969482422,62.56999969482422,62.540000915527344,62.540000915527344,62.540000915527344,6055
2021-04-12-14-35-00 GMT-0400,62.540000915527344,62.560001373291016,62.470001220703125,62.4900016784668,62.4900016784668,14616
2021-04-12-14-36-00 GMT-0400,62.505001068115234,62.52000045776367,62.4900016784668,62.52000045776367,62.52000045776367,8159
2021-04-12-14-37-00 GMT-0400,62.525001525878906,62.56999969482422,62.525001525878906,62.56999969482422,62.56999969482422,2875
2021-04-12-14-38-00 GMT-0400,62.58000183105469,62.59000015258789,62.560001373291016,62.57469940185547,62.57469940185547,16770
2021-04-12-14-39-00 GMT-0400,62.58000183105469,62.584999084472656,62.529998779296875,62.540000915527344,62.540000915527344,4729
2021-04-12-14-40-00 GMT-0400,62.53499984741211,62.54999923706055,62.5,62.540000915527344,62.540000915527344,7265
2021-04-12-14-41-00 GMT-0400,62.540000915527344,62.540000915527344,62.453800201416016,62.453800201416016,62.453800201416016,11549
2021-04-12-14-42-00 GMT-0400,62.45009994506836,62.45009994506836,62.37009811401367,62.380001068115234,62.380001068115234,18145
2021-04-12-14-43-00 GMT-0400,62.369998931884766,62.38999938964844,62.33000183105469,62.369998931884766,62.369998931884766,16036
2021-04-12-14-44-00 GMT-0400,62.380001068115234,62.400001525878906,62.279998779296875,62.29499816894531,62.29499816894531,14912
2021-04-12-14-45-00 GMT-0400,62.29499816894531,62.34000015258789,62.290000915527344,62.29999923706055,62.29999923706055,22153
2021-04-12-14-46-00 GMT-0400,62.29999923706055,62.29999923706055,62.220001220703125,62.23500061035156,62.23500061035156,20129
2021-04-12-14-47-00 GMT-0400,62.22999954223633,62.2400016784668,62.165000915527344,62.18000030517578,62.18000030517578,15482
2021-04-12-14-48-00 GMT-0400,62.15999984741211,62.22610092163086,62.130001068115234,62.220001220703125,62.220001220703125,32148
2021-04-12-14-49-00 GMT-0400,62.2130012512207,62.239898681640625,62.18000030517578,62.18000030517578,62.18000030517578,22162
2021-04-12-14-50-00 GMT-0400,62.16999816894531,62.22999954223633,62.150001525878906,62.150001525878906,62.150001525878906,22381
2021-04-12-14-51-00 GMT-0400,62.150001525878906,62.220001220703125,62.13999938964844,62.220001220703125,62.220001220703125,11367
2021-04-12-14-52-00 GMT-0400,62.189998626708984,62.28499984741211,62.16999816894531,62.27000045776367,62.27000045776367,21365
2021-04-12-14-53-00 GMT-0400,62.279998779296875,62.28099822998047,62.24140167236328,62.27000045776367,62.27000045776367,14095
2021-04-12-14-54-00 GMT-0400,62.25,62.36000061035156,62.244998931884766,62.34000015258789,62.34000015258789,20284
2021-04-12-14-55-00 GMT-0400,62.349998474121094,62.380001068115234,62.290000915527344,62.32870101928711,62.32870101928711,27743
2021-04-12-14-56-00 GMT-0400,62.33000183105469,62.34000015258789,62.2400016784668,62.2599983215332,62.2599983215332,24532
2021-04-12-14-57-00 GMT-0400,62.290000915527344,62.29999923706055,62.2400016784668,62.2400016784668,62.2400016784668,18176
2021-04-12-14-58-00 GMT-0400,62.220001220703125,62.279998779296875,62.20000076293945,62.25899887084961,62.25899887084961,14263
2021-04-12-14-59-00 GMT-0400,62.279998779296875,62.28379821777344,62.2400016784668,62.2599983215332,62.2599983215332,5011
2021-04-12-15-00-00 GMT-0400,62.255001068115234,62.255001068115234,62.189998626708984,62.22990036010742,62.22990036010742,19495
2021-04-12-15-01-00 GMT-0400,62.220001220703125,62.244998931884766,62.20500183105469,62.2400016784668,62.2400016784668,10748
2021-04-12-15-02-00 GMT-0400,62.22999954223633,62.22999954223633,62.150001525878906,62.160400390625,62.160400390625,13002
2021-04-12-15-03-00 GMT-0400,62.15999984741211,62.209999084472656,62.150001525878906,62.16999816894531,62.16999816894531,17096
2021-04-12-15-04-00 GMT-0400,62.165000915527344,62.18000030517578,62.11000061035156,62.18000030517578,62.18000030517578,22242
2021-04-12-15-05-00 GMT-0400,62.189998626708984,62.2400016784668,62.16999816894531,62.209999084472656,62.209999084472656,29248
2021-04-12-15-06-00 GMT-0400,62.209999084472656,62.279998779296875,62.209999084472656,62.2400016784668,62.2400016784668,14482
2021-04-12-15-07-00 GMT-0400,62.27000045776367,62.27000045776367,62.200199127197266,62.209999084472656,62.209999084472656,12509
2021-04-12-15-08-00 GMT-0400,62.220001220703125,62.25,62.19200134277344,62.25,62.25,6291
2021-04-12-15-09-00 GMT-0400,62.25,62.2599983215332,62.209999084472656,62.2400016784668,62.2400016784668,8079
2021-04-12-15-10-00 GMT-0400,62.2400016784668,62.27989959716797,62.209999084472656,62.209999084472656,62.209999084472656,12861
2021-04-12-15-11-00 GMT-0400,62.209999084472656,62.2400016784668,62.19499969482422,62.209999084472656,62.209999084472656,6847
2021-04-12-15-12-00 GMT-0400,62.20000076293945,62.23500061035156,62.15999984741211,62.16999816894531,62.16999816894531,15416
2021-04-12-15-13-00 GMT-0400,62.15810012817383,62.20000076293945,62.15810012817383,62.189998626708984,62.189998626708984,12033
2021-04-12-15-14-00 GMT-0400,62.18000030517578,62.20000076293945,62.15999984741211,62.15999984741211,62.15999984741211,6711
2021-04-12-15-15-00 GMT-0400,62.15999984741211,62.18000030517578,62.10430145263672,62.11199951171875,62.11199951171875,17143
2021-04-12-15-16-00 GMT-0400,62.119998931884766,62.15999984741211,62.099998474121094,62.15999984741211,62.15999984741211,15305
2021-04-12-15-17-00 GMT-0400,62.16999816894531,62.19150161743164,62.119998931884766,62.18000030517578,62.18000030517578,22591
2021-04-12-15-18-00 GMT-0400,62.16999816894531,62.19499969482422,62.15999984741211,62.15999984741211,62.15999984741211,13408
2021-04-12-15-19-00 GMT-0400,62.165000915527344,62.16999816894531,62.125,62.13999938964844,62.13999938964844,11185
2021-04-12-15-20-00 GMT-0400,62.130001068115234,62.24100112915039,62.1150016784668,62.22010040283203,62.22010040283203,17118
2021-04-12-15-21-00 GMT-0400,62.2239990234375,62.279998779296875,62.220001220703125,62.275001525878906,62.275001525878906,17455
2021-04-12-15-22-00 GMT-0400,62.279998779296875,62.349998474121094,62.26499938964844,62.3400993347168,62.3400993347168,28384
2021-04-12-15-23-00 GMT-0400,62.349998474121094,62.439998626708984,62.349998474121094,62.439998626708984,62.439998626708984,22889
2021-04-12-15-24-00 GMT-0400,62.43000030517578,62.4900016784668,62.43000030517578,62.480098724365234,62.480098724365234,16890
2021-04-12-15-25-00 GMT-0400,62.48500061035156,62.5099983215332,62.453399658203125,62.48500061035156,62.48500061035156,21041
2021-04-12-15-26-00 GMT-0400,62.47999954223633,62.47999954223633,62.43000030517578,62.43989944458008,62.43989944458008,10948
2021-04-12-15-27-00 GMT-0400,62.41999816894531,62.45989990234375,62.400001525878906,62.45000076293945,62.45000076293945,14862
2021-04-12-15-28-00 GMT-0400,62.439998626708984,62.439998626708984,62.390098571777344,62.41999816894531,62.41999816894531,10760
2021-04-12-15-29-00 GMT-0400,62.422698974609375,62.422698974609375,62.39099884033203,62.4015998840332,62.4015998840332,10863
2021-04-12-15-30-00 GMT-0400,62.404998779296875,62.40999984741211,62.36000061035156,62.36000061035156,62.36000061035156,14865
2021-04-12-15-31-00 GMT-0400,62.358299255371094,62.380001068115234,62.31999969482422,62.334999084472656,62.334999084472656,24284
2021-04-12-15-32-00 GMT-0400,62.34000015258789,62.34000015258789,62.279998779296875,62.290000915527344,62.290000915527344,16128
2021-04-12-15-33-00 GMT-0400,62.29999923706055,62.33000183105469,62.28990173339844,62.320098876953125,62.320098876953125,14311
2021-04-12-15-34-00 GMT-0400,62.31999969482422,62.349998474121094,62.290000915527344,62.3218994140625,62.3218994140625,19632
2021-04-12-15-35-00 GMT-0400,62.321998596191406,62.34000015258789,62.29999923706055,62.33000183105469,62.33000183105469,15768
2021-04-12-15-36-00 GMT-0400,62.334999084472656,62.38999938964844,62.334999084472656,62.369998931884766,62.369998931884766,15710
2021-04-12-15-37-00 GMT-0400,62.37160110473633,62.459999084472656,62.369998931884766,62.435001373291016,62.435001373291016,17957
2021-04-12-15-38-00 GMT-0400,62.435001373291016,62.474998474121094,62.42499923706055,62.45000076293945,62.45000076293945,14814
2021-04-12-15-39-00 GMT-0400,62.44499969482422,62.529998779296875,62.44499969482422,62.529998779296875,62.529998779296875,30623
2021-04-12-15-40-00 GMT-0400,62.525001525878906,62.56999969482422,62.525001525878906,62.540000915527344,62.540000915527344,22051
2021-04-12-15-41-00 GMT-0400,62.529998779296875,62.560001373291016,62.4900016784668,62.5,62.5,29032
2021-04-12-15-42-00 GMT-0400,62.5099983215332,62.529998779296875,62.48500061035156,62.5,62.5,15840
2021-04-12-15-43-00 GMT-0400,62.5099983215332,62.560001373291016,62.4900016784668,62.529998779296875,62.529998779296875,23909
2021-04-12-15-44-00 GMT-0400,62.529998779296875,62.56949996948242,62.529998779296875,62.534000396728516,62.534000396728516,24096
2021-04-12-15-45-00 GMT-0400,62.53499984741211,62.599998474121094,62.53499984741211,62.599998474121094,62.599998474121094,17755
2021-04-12-15-46-00 GMT-0400,62.60419845581055,62.61000061035156,62.58000183105469,62.58000183105469,62.58000183105469,18560
2021-04-12-15-47-00 GMT-0400,62.57500076293945,62.59000015258789,62.4900016784668,62.55009841918945,62.55009841918945,55666
2021-04-12-15-48-00 GMT-0400,62.560001373291016,62.584999084472656,62.53049850463867,62.54499816894531,62.54499816894531,27127
2021-04-12-15-49-00 GMT-0400,62.54999923706055,62.560001373291016,62.45000076293945,62.45000076293945,62.45000076293945,27900
2021-04-12-15-50-00 GMT-0400,62.459999084472656,62.52000045776367,62.45000076293945,62.5,62.5,30612
2021-04-12-15-51-00 GMT-0400,62.5,62.5,62.40999984741211,62.439998626708984,62.439998626708984,41806
2021-04-12-15-52-00 GMT-0400,62.439998626708984,62.560001373291016,62.439998626708984,62.459999084472656,62.459999084472656,81813
2021-04-12-15-53-00 GMT-0400,62.459999084472656,62.459999084472656,62.40010070800781,62.41999816894531,62.41999816894531,34591
2021-04-12-15-54-00 GMT-0400,62.43000030517578,62.4900016784668,62.40999984741211,62.41999816894531,62.41999816894531,65312
2021-04-12-15-55-00 GMT-0400,62.42499923706055,62.470001220703125,62.31999969482422,62.369998931884766,62.369998931884766,78258
2021-04-12-15-56-00 GMT-0400,62.380001068115234,62.400001525878906,62.33000183105469,62.375,62.375,62102
2021-04-12-15-57-00 GMT-0400,62.375,62.400001525878906,62.334999084472656,62.34000015258789,62.34000015258789,38047
2021-04-12-15-58-00 GMT-0400,62.334999084472656,62.400001525878906,62.31999969482422,62.36000061035156,62.36000061035156,71004
2021-04-12-15-59-00 GMT-0400,62.380001068115234,62.4900016784668,62.369998931884766,62.459999084472656,62.459999084472656,138251
2021-04-12-16-00-00 GMT-0400,62.4,62.63,62.3,62.435,62.435,170393
2021-04-12-16-01-00 GMT-0400,62.44,62.47,62.44,62.46,62.46,0
2021-04-12-16-02-00 GMT-0400,62.44,62.46,62.44,62.45,62.45,0
2021-04-12-16-03-00 GMT-0400,62.46,62.47,62.45,62.45,62.45,0
2021-04-12-16-04-00 GMT-0400,62.46,62.49,62.45,62.45,62.45,0
2021-04-12-16-05-00 GMT-0400,62.45,62.51,62.4,62.51,62.51,0
2021-04-12-16-06-00 GMT-0400,62.46,62.51,62.41,62.41,62.41,0
2021-04-12-16-07-00 GMT-0400,62.4,62.46,62.4,62.46,62.46,0
2021-04-12-16-08-00 GMT-0400,62.455,62.455,62.4,62.4,62.4,0
2021-04-12-16-09-00 GMT-0400,62.4,62.51,62.4,62.455,62.455,0
2021-04-12-16-10-00 GMT-0400,62.455,62.455,62.425,62.445,62.445,0
2021-04-12-16-11-00 GMT-0400,62.45,62.475,62.44,62.475,62.475,0
2021-04-12-16-12-00 GMT-0400,62.475,62.51,62.46,62.47,62.47,0
2021-04-12-16-13-00 GMT-0400,62.51,62.51,62.48,62.5,62.5,0
2021-04-12-16-14-00 GMT-0400,62.48,62.48,62.48,62.48,62.48,0
2021-04-12-16-15-00 GMT-0400,62.48,62.5,62.48,62.49,62.49,0
2021-04-12-16-16-00 GMT-0400,62.48,62.5,62.48,62.49,62.49,0
2021-04-12-16-17-00 GMT-0400,62.49,62.5,62.48,62.5,62.5,0
2021-04-12-16-18-00 GMT-0400,62.5,62.5,62.47,62.47,62.47,0
2021-04-12-16-19-00 GMT-0400,62.47,62.5,62.47,62.48,62.48,0
2021-04-12-16-22-00 GMT-0400,62.49,62.5,62.48,62.48,62.48,0
2021-04-12-16-23-00 GMT-0400,62.48,62.49,62.44,62.44,62.44,0
2021-04-12-16-24-00 GMT-0400,62.5,62.5,62.44,62.47,62.47,0
2021-04-12-16-25-00 GMT-0400,62.49,62.5,62.45,62.45,62.45,0
2021-04-12-16-26-00 GMT-0400,62.45,62.47,62.44,62.44,62.44,0
2021-04-12-16-27-00 GMT-0400,62.47,62.5,62.44,62.47,62.47,0
2021-04-12-16-28-00 GMT-0400,62.45,62.47,62.44,62.45,62.45,0
2021-04-12-16-29-00 GMT-0400,62.45,62.47,62.44,62.44,62.44,0
2021-04-12-16-30-00 GMT-0400,62.44,62.47,62.44,62.47,62.47,0
2021-04-12-16-31-00 GMT-0400,62.45,62.47,62.45,62.47,62.47,0
2021-04-12-16-32-00 GMT-0400,62.44,62.45,62.44,62.44,62.44,0
2021-04-12-16-33-00 GMT-0400,62.47,62.5,62.44,62.44,62.44,0
2021-04-12-16-34-00 GMT-0400,62.44,62.48,62.44,62.48,62.48,0
2021-04-12-16-35-00 GMT-0400,62.48,62.48,62.48,62.48,62.48,0
2021-04-12-16-36-00 GMT-0400,62.45,62.48,62.45,62.48,62.48,0
2021-04-12-16-37-00 GMT-0400,62.48,62.48,62.48,62.48,62.48,0
2021-04-12-16-38-00 GMT-0400,62.5,62.5,62.5,62.5,62.5,0
2021-04-12-16-39-00 GMT-0400,62.48,62.49,62.48,62.48,62.48,0
2021-04-12-16-40-00 GMT-0400,62.5,62.5,62.48,62.49,62.49,0
2021-04-12-16-41-00 GMT-0400,62.44,62.5,62.44,62.44,62.44,0
2021-04-12-16-44-00 GMT-0400,62.44,62.5,62.44,62.5,62.5,0
2021-04-12-16-45-00 GMT-0400,62.5,62.5,62.44,62.47,62.47,0
2021-04-12-16-46-00 GMT-0400,62.47,62.47,62.47,62.47,62.47,0
2021-04-12-16-47-00 GMT-0400,62.475,62.5,62.475,62.475,62.475,0
2021-04-12-16-52-00 GMT-0400,62.455,62.455,62.455,62.455,62.455,0
2021-04-12-16-54-00 GMT-0400,62.46,62.46,62.46,62.46,62.46,0
2021-04-12-16-55-00 GMT-0400,62.48,62.48,62.46,62.46,62.46,0
2021-04-12-16-56-00 GMT-0400,62.48,62.48,62.46,62.46,62.46,0
2021-04-12-16-57-00 GMT-0400,62.46,62.46,62.46,62.46,62.46,0
2021-04-12-16-58-00 GMT-0400,62.46,62.46,62.46,62.46,62.46,0
2021-04-12-16-59-00 GMT-0400,62.46,62.46,62.44,62.46,62.46,0
2021-04-12-17-00-00 GMT-0400,62.46,62.49,62.46,62.48,62.48,0
2021-04-12-17-01-00 GMT-0400,62.47,62.5,62.44,62.47,62.47,0
2021-04-12-17-02-00 GMT-0400,62.5,62.5,62.47,62.47,62.47,0
2021-04-12-17-03-00 GMT-0400,62.47,62.47,62.45,62.45,62.45,0
2021-04-12-17-04-00 GMT-0400,62.5,62.5,62.5,62.5,62.5,0
2021-04-12-17-05-00 GMT-0400,62.44,62.47,62.44,62.47,62.47,0
2021-04-12-17-06-00 GMT-0400,62.44,62.47,62.44,62.47,62.47,0
2021-04-12-17-07-00 GMT-0400,62.5,62.5,62.44,62.48,62.48,0
2021-04-12-17-08-00 GMT-0400,62.44,62.47,62.44,62.44,62.44,0
2021-04-12-17-09-00 GMT-0400,62.44,62.44,62.44,62.44,62.44,0
2021-04-12-17-10-00 GMT-0400,62.45,62.475,62.45,62.475,62.475,0
2021-04-12-17-11-00 GMT-0400,62.45,62.45,62.45,62.45,62.45,0
2021-04-12-17-12-00 GMT-0400,62.475,62.5,62.475,62.5,62.5,0
2021-04-12-17-13-00 GMT-0400,62.5,62.5,62.5,62.5,62.5,0
2021-04-12-17-14-00 GMT-0400,62.5,62.5,62.5,62.5,62.5,0
2021-04-12-17-15-00 GMT-0400,62.475,62.475,62.45,62.45,62.45,0
2021-04-12-17-16-00 GMT-0400,62.475,62.5,62.475,62.5,62.5,0
2021-04-12-17-17-00 GMT-0400,62.475,62.475,62.45,62.45,62.45,0
2021-04-12-17-18-00 GMT-0400,62.475,62.5,62.475,62.5,62.5,0
2021-04-12-17-19-00 GMT-0400,62.475,62.475,62.445,62.445,62.445,0
2021-04-12-17-20-00 GMT-0400,62.44,62.5,62.44,62.47,62.47,0
2021-04-12-17-21-00 GMT-0400,62.44,62.44,62.44,62.44,62.44,0
2021-04-12-17-22-00 GMT-0400,62.5,62.5,62.44,62.475,62.475,0
2021-04-12-17-23-00 GMT-0400,62.475,62.5,62.45,62.5,62.5,0
2021-04-12-17-24-00 GMT-0400,62.5,62.5,62.5,62.5,62.5,0
2021-04-12-17-25-00 GMT-0400,62.5,62.5,62.48,62.49,62.49,0
2021-04-12-17-26-00 GMT-0400,62.49,62.5,62.48,62.48,62.48,0
2021-04-12-17-27-00 GMT-0400,62.49,62.5,62.48,62.48,62.48,0
2021-04-12-17-29-00 GMT-0400,62.5,62.5,62.49,62.495,62.495,0
2021-04-12-17-30-00 GMT-0400,62.495,62.495,62.495,62.495,62.495,0
2021-04-12-17-31-00 GMT-0400,62.49,62.5,62.49,62.495,62.495,0
2021-04-12-17-32-00 GMT-0400,62.49,62.495,62.49,62.495,62.495,0
2021-04-12-17-34-00 GMT-0400,62.5,62.5,62.49,62.49,62.49,0
2021-04-12-17-35-00 GMT-0400,62.49,62.5,62.49,62.49,62.49,0
2021-04-12-17-36-00 GMT-0400,62.495,62.5,62.495,62.5,62.5,0
2021-04-12-17-37-00 GMT-0400,62.49,62.495,62.49,62.49,62.49,0
2021-04-12-17-38-00 GMT-0400,62.5,62.5,62.495,62.495,62.495,0
2021-04-12-17-39-00 GMT-0400,62.5,62.5,62.49,62.495,62.495,0
2021-04-12-17-40-00 GMT-0400,62.495,62.5,62.495,62.5,62.5,0
2021-04-12-17-41-00 GMT-0400,62.495,62.495,62.49,62.49,62.49,0
2021-04-12-17-42-00 GMT-0400,62.495,62.5,62.49,62.495,62.495,0
2021-04-12-17-43-00 GMT-0400,62.45,62.45,62.45,62.45,62.45,0
2021-04-12-17-44-00 GMT-0400,62.47,62.47,62.44,62.44,62.44,0
2021-04-12-17-45-00 GMT-0400,62.49,62.5,62.49,62.5,62.5,0
2021-04-12-17-46-00 GMT-0400,62.45,62.47,62.44,62.44,62.44,0
2021-04-12-17-47-00 GMT-0400,62.48,62.48,62.44,62.44,62.44,0
2021-04-12-17-49-00 GMT-0400,62.47,62.47,62.47,62.47,62.47,0
2021-04-12-17-51-00 GMT-0400,62.47,62.47,62.45,62.47,62.47,0
2021-04-12-17-52-00 GMT-0400,62.45,62.5,62.44,62.47,62.47,0
2021-04-12-17-53-00 GMT-0400,62.45,62.45,62.44,62.44,62.44,0
2021-04-12-17-54-00 GMT-0400,62.5,62.5,62.44,62.5,62.5,0
2021-04-12-17-55-00 GMT-0400,62.45,62.5,62.4,62.45,62.45,0
2021-04-12-17-56-00 GMT-0400,62.45,62.46,62.4,62.45,62.45,0
2021-04-12-17-57-00 GMT-0400,62.4,62.4,62.4,62.4,62.4,0
2021-04-12-17-58-00 GMT-0400,62.45,62.45,62.4,62.45,62.45,0
2021-04-12-17-59-00 GMT-0400,62.45,62.45,62.45,62.45,62.45,0
2021-04-12-18-00-00 GMT-0400,62.4,62.4,62.4,62.4,62.4,0
2021-04-12-18-01-00 GMT-0400,62.5,62.5,62.5,62.5,62.5,0
2021-04-12-18-04-00 GMT-0400,62.5,62.5,62.5,62.5,62.5,0
2021-04-12-18-06-00 GMT-0400,62.45,62.45,62.45,62.45,62.45,0
2021-04-12-18-07-00 GMT-0400,62.4,62.4,62.4,62.4,62.4,0
2021-04-12-18-09-00 GMT-0400,62.45,62.45,62.45,62.45,62.45,0
2021-04-12-18-14-00 GMT-0400,62.44,62.5,62.44,62.5,62.5,0
2021-04-12-18-21-00 GMT-0400,62.41,62.41,62.41,62.41,62.41,0
2021-04-12-18-23-00 GMT-0400,62.5,62.5,62.5,62.5,62.5,0
2021-04-12-18-25-00 GMT-0400,62.42,62.42,62.42,62.42,62.42,0
2021-04-12-18-28-00 GMT-0400,62.45,62.45,62.45,62.45,62.45,0
2021-04-12-18-31-00 GMT-0400,62.5,62.5,62.5,62.5,62.5,0
2021-04-12-18-35-00 GMT-0400,62.5,62.5,62.5,62.5,62.5,0
2021-04-12-18-40-00 GMT-0400,62.4,62.4,62.4,62.4,62.4,0
2021-04-12-18-48-00 GMT-0400,62.4,62.4,62.4,62.4,62.4,0
2021-04-12-18-50-00 GMT-0400,62.4,62.4,62.4,62.4,62.4,0
2021-04-12-18-51-00 GMT-0400,62.4,62.49,62.4,62.49,62.49,0
2021-04-12-18-52-00 GMT-0400,62.49,62.49,62.49,62.49,62.49,0
2021-04-12-18-55-00 GMT-0400,62.4,62.4,62.4,62.4,62.4,0
2021-04-12-18-57-00 GMT-0400,62.4,62.4,62.4,62.4,62.4,0
2021-04-12-18-59-00 GMT-0400,62.46,62.46,62.46,62.46,62.46,0
2021-04-12-19-14-00 GMT-0400,62.45,62.45,62.45,62.45,62.45,0
2021-04-12-19-15-00 GMT-0400,62.4,62.4,62.4,62.4,62.4,0
2021-04-12-19-18-00 GMT-0400,62.4,62.4,62.4,62.4,62.4,0
2021-04-12-19-25-00 GMT-0400,62.4,62.4,62.4,62.4,62.4,0
2021-04-12-19-30-00 GMT-0400,62.4,62.4,62.4,62.4,62.4,0
2021-04-12-19-33-00 GMT-0400,62.41,62.41,62.4,62.4,62.4,0
2021-04-12-19-36-00 GMT-0400,62.48,62.48,62.48,62.48,62.48,0
2021-04-12-19-38-00 GMT-0400,62.45,62.48,62.45,62.48,62.48,0
2021-04-12-19-43-00 GMT-0400,62.45,62.45,62.45,62.45,62.45,0
2021-04-12-19-44-00 GMT-0400,62.4,62.47,62.4,62.47,62.47,0
2021-04-12-19-47-00 GMT-0400,62.44,62.44,62.44,62.44,62.44,0
2021-04-12-19-49-00 GMT-0400,62.44,62.44,62.4,62.4,62.4,0
2021-04-12-19-50-00 GMT-0400,62.41,62.41,62.4,62.4,62.4,0
2021-04-12-19-52-00 GMT-0400,62.44,62.44,62.4,62.4,62.4,0
2021-04-12-19-54-00 GMT-0400,62.42,62.42,62.41,62.41,62.41,0
2021-04-12-19-55-00 GMT-0400,62.4,62.4,62.4,62.4,62.4,0
2021-04-12-19-56-00 GMT-0400,62.4,62.42,62.4,62.4,62.4,0
2021-04-12-19-57-00 GMT-0400,62.42,62.42,62.42,62.42,62.42,0
2021-04-12-19-58-00 GMT-0400,62.42,62.42,62.4,62.4,62.4,0
2021-04-12-19-59-00 GMT-0400,62.42,62.44,62.42,62.44,62.44,0
