Datetime,Open,High,Low,Close,Adj Close,Volume
2022-08-18-04-00-00 GMT-0400,147.26,149.73,146.88,146.91,146.91,0
2022-08-18-04-04-00 GMT-0400,147.05,147.06,147.0,147.0,147.0,0
2022-08-18-04-06-00 GMT-0400,147.04,147.04,147.04,147.04,147.04,0
2022-08-18-04-28-00 GMT-0400,147.38,147.38,147.38,147.38,147.38,0
2022-08-18-05-06-00 GMT-0400,147.38,147.43,147.38,147.43,147.43,0
2022-08-18-05-08-00 GMT-0400,147.43,147.43,147.35,147.35,147.35,0
2022-08-18-05-12-00 GMT-0400,147.37,147.37,147.37,147.37,147.37,0
2022-08-18-05-42-00 GMT-0400,147.36,147.37,147.36,147.37,147.37,0
2022-08-18-06-00-00 GMT-0400,147.43,148.23,147.43,147.5,147.5,0
2022-08-18-06-02-00 GMT-0400,147.44,147.44,147.44,147.44,147.44,0
2022-08-18-06-08-00 GMT-0400,147.51,147.51,147.3,147.51,147.51,0
2022-08-18-06-34-00 GMT-0400,147.98,147.98,147.98,147.98,147.98,0
2022-08-18-06-56-00 GMT-0400,147.52,147.53,147.52,147.53,147.53,0
2022-08-18-07-00-00 GMT-0400,147.9,147.9,147.14,147.14,147.14,0
2022-08-18-07-02-00 GMT-0400,147.93,147.98,147.93,147.98,147.98,0
2022-08-18-07-04-00 GMT-0400,147.5,147.53,147.47,147.48,147.48,0
2022-08-18-07-06-00 GMT-0400,147.94,148.25,147.94,148.25,148.25,0
2022-08-18-07-52-00 GMT-0400,147.66,147.66,147.66,147.66,147.66,0
2022-08-18-07-58-00 GMT-0400,147.46,147.66,147.45,147.66,147.66,0
2022-08-18-08-00-00 GMT-0400,148.0,148.9988,147.0012,147.43,147.43,0
2022-08-18-08-04-00 GMT-0400,147.964,147.964,147.964,147.964,147.964,0
2022-08-18-08-06-00 GMT-0400,148.0,148.028,147.2,147.44,147.44,0
2022-08-18-08-16-00 GMT-0400,147.32,147.66,147.3,147.66,147.66,0
2022-08-18-08-20-00 GMT-0400,147.7,147.7,147.3,147.3,147.3,0
2022-08-18-08-30-00 GMT-0400,147.16,147.16,147.16,147.16,147.16,0
2022-08-18-08-32-00 GMT-0400,147.7,147.7,147.46,147.46,147.46,0
2022-08-18-08-36-00 GMT-0400,147.46,147.46,147.46,147.46,147.46,0
2022-08-18-08-42-00 GMT-0400,147.64,147.64,147.64,147.64,147.64,0
2022-08-18-08-44-00 GMT-0400,147.46,147.6,147.46,147.6,147.6,0
2022-08-18-08-48-00 GMT-0400,147.6853,147.6853,147.45,147.45,147.45,0
2022-08-18-08-52-00 GMT-0400,147.64,147.7,147.64,147.7,147.7,0
2022-08-18-08-56-00 GMT-0400,147.5,147.7,147.5,147.7,147.7,0
2022-08-18-08-58-00 GMT-0400,147.46,147.6,147.45,147.6,147.6,0
2022-08-18-09-00-00 GMT-0400,148.285,148.285,148.285,148.285,148.285,0
2022-08-18-09-02-00 GMT-0400,147.51,147.7,147.51,147.7,147.7,0
2022-08-18-09-06-00 GMT-0400,147.51,147.7,147.45,147.45,147.45,0
2022-08-18-09-12-00 GMT-0400,147.6988,147.6988,147.6988,147.6988,147.6988,0
2022-08-18-09-14-00 GMT-0400,147.46,147.46,147.45,147.45,147.45,0
2022-08-18-09-30-00 GMT-0400,147.39999389648438,147.44000244140625,147.1300048828125,147.25,147.25,95172
2022-08-18-09-32-00 GMT-0400,147.25,147.38999938964844,147.07000732421875,147.13999938964844,147.13999938964844,19778
2022-08-18-09-34-00 GMT-0400,147.17999267578125,147.24000549316406,147.08999633789062,147.08999633789062,147.08999633789062,17552
2022-08-18-09-36-00 GMT-0400,147.11000061035156,147.11000061035156,146.77999877929688,146.7899932861328,146.7899932861328,36104
2022-08-18-09-38-00 GMT-0400,146.85000610351562,147.2100067138672,146.72999572753906,147.10000610351562,147.10000610351562,25801
2022-08-18-09-40-00 GMT-0400,147.07000732421875,147.17999267578125,147.00999450683594,147.0500030517578,147.0500030517578,15008
2022-08-18-09-42-00 GMT-0400,146.91000366210938,147.3177032470703,146.91000366210938,147.3177032470703,147.3177032470703,14132
2022-08-18-09-44-00 GMT-0400,147.3000030517578,147.39999389648438,147.16000366210938,147.24000549316406,147.24000549316406,29648
2022-08-18-09-46-00 GMT-0400,147.2100067138672,147.3000030517578,147.1699981689453,147.2100067138672,147.2100067138672,17800
2022-08-18-09-48-00 GMT-0400,147.22000122070312,147.22000122070312,146.94000244140625,147.0,147.0,24957
2022-08-18-09-50-00 GMT-0400,146.99000549316406,147.01199340820312,146.85000610351562,146.8800048828125,146.8800048828125,20238
2022-08-18-09-52-00 GMT-0400,146.89999389648438,146.91000366210938,146.67999267578125,146.6999969482422,146.6999969482422,17838
2022-08-18-09-54-00 GMT-0400,146.6999969482422,146.72689819335938,146.5749969482422,146.7100067138672,146.7100067138672,20925
2022-08-18-09-56-00 GMT-0400,146.6999969482422,146.8800048828125,146.69000244140625,146.75999450683594,146.75999450683594,15220
2022-08-18-09-58-00 GMT-0400,146.67840576171875,146.86000061035156,146.60000610351562,146.72999572753906,146.72999572753906,42839
2022-08-18-10-00-00 GMT-0400,146.77000427246094,146.83999633789062,146.69500732421875,146.7899932861328,146.7899932861328,16125
2022-08-18-10-02-00 GMT-0400,146.77000427246094,146.8800048828125,146.7449951171875,146.83999633789062,146.83999633789062,11814
2022-08-18-10-04-00 GMT-0400,146.85000610351562,146.8699951171875,146.6699981689453,146.6999969482422,146.6999969482422,21955
2022-08-18-10-06-00 GMT-0400,146.6999969482422,146.78500366210938,146.6999969482422,146.6999969482422,146.6999969482422,10823
2022-08-18-10-08-00 GMT-0400,146.6999969482422,146.80999755859375,146.69000244140625,146.77999877929688,146.77999877929688,10489
2022-08-18-10-10-00 GMT-0400,146.78500366210938,146.875,146.77999877929688,146.8000030517578,146.8000030517578,10118
2022-08-18-10-12-00 GMT-0400,146.77999877929688,146.80999755859375,146.58999633789062,146.63999938964844,146.63999938964844,47975
2022-08-18-10-14-00 GMT-0400,146.64500427246094,146.72000122070312,146.5800018310547,146.5850067138672,146.5850067138672,10693
2022-08-18-10-16-00 GMT-0400,146.5850067138672,146.6300048828125,146.53500366210938,146.6300048828125,146.6300048828125,13021
2022-08-18-10-18-00 GMT-0400,146.625,146.6699981689453,146.52000427246094,146.53500366210938,146.53500366210938,168726
2022-08-18-10-20-00 GMT-0400,146.52000427246094,146.5500030517578,146.4416961669922,146.4416961669922,146.4416961669922,29843
2022-08-18-10-22-00 GMT-0400,146.44500732421875,146.49000549316406,146.22000122070312,146.24240112304688,146.24240112304688,30577
2022-08-18-10-24-00 GMT-0400,146.25,146.3800048828125,146.1903076171875,146.3300018310547,146.3300018310547,30737
2022-08-18-10-26-00 GMT-0400,146.33999633789062,146.55999755859375,146.3300018310547,146.4499969482422,146.4499969482422,15631
2022-08-18-10-28-00 GMT-0400,146.46499633789062,146.5500030517578,146.39999389648438,146.4199981689453,146.4199981689453,274156
2022-08-18-10-30-00 GMT-0400,146.4550018310547,146.47000122070312,146.39500427246094,146.4499969482422,146.4499969482422,22892
2022-08-18-10-32-00 GMT-0400,146.4550018310547,146.64999389648438,146.40499877929688,146.63499450683594,146.63499450683594,43477
2022-08-18-10-34-00 GMT-0400,146.6300048828125,146.65499877929688,146.50999450683594,146.6199951171875,146.6199951171875,41056
2022-08-18-10-36-00 GMT-0400,146.61500549316406,146.6300048828125,146.35000610351562,146.42999267578125,146.42999267578125,14517
2022-08-18-10-38-00 GMT-0400,146.36000061035156,146.4499969482422,146.33999633789062,146.35000610351562,146.35000610351562,12040
2022-08-18-10-40-00 GMT-0400,146.3699951171875,146.55999755859375,146.36000061035156,146.52000427246094,146.52000427246094,17094
2022-08-18-10-42-00 GMT-0400,146.58999633789062,146.69000244140625,146.50999450683594,146.69000244140625,146.69000244140625,8647
2022-08-18-10-44-00 GMT-0400,146.66000366210938,146.67999267578125,146.50999450683594,146.6199951171875,146.6199951171875,14633
2022-08-18-10-46-00 GMT-0400,146.6199951171875,146.6199951171875,146.4499969482422,146.46499633789062,146.46499633789062,9890
2022-08-18-10-48-00 GMT-0400,146.47000122070312,146.52999877929688,146.44000244140625,146.4550018310547,146.4550018310547,12586
2022-08-18-10-50-00 GMT-0400,146.4499969482422,146.52000427246094,146.39999389648438,146.5050048828125,146.5050048828125,9243
2022-08-18-10-52-00 GMT-0400,146.49969482421875,146.49969482421875,146.39999389648438,146.4149932861328,146.4149932861328,9863
2022-08-18-10-54-00 GMT-0400,146.44000244140625,146.5,146.35000610351562,146.35499572753906,146.35499572753906,12949
2022-08-18-10-56-00 GMT-0400,146.38999938964844,146.4600067138672,146.17999267578125,146.1999969482422,146.1999969482422,24302
2022-08-18-10-58-00 GMT-0400,146.19000244140625,146.33999633789062,146.1300048828125,146.27000427246094,146.27000427246094,12635
2022-08-18-11-00-00 GMT-0400,146.2899932861328,146.3699951171875,146.22999572753906,146.27000427246094,146.27000427246094,10934
2022-08-18-11-02-00 GMT-0400,146.30999755859375,146.38999938964844,146.08999633789062,146.08999633789062,146.08999633789062,16450
2022-08-18-11-04-00 GMT-0400,146.10000610351562,146.16000366210938,146.07000732421875,146.10000610351562,146.10000610351562,16763
2022-08-18-11-06-00 GMT-0400,146.0749969482422,146.13999938964844,146.0500030517578,146.13999938964844,146.13999938964844,11764
2022-08-18-11-08-00 GMT-0400,146.14999389648438,146.25,146.12460327148438,146.22000122070312,146.22000122070312,11053
2022-08-18-11-10-00 GMT-0400,146.27000427246094,146.3699951171875,146.2550048828125,146.2899932861328,146.2899932861328,18805
2022-08-18-11-12-00 GMT-0400,146.3000030517578,146.3000030517578,146.22999572753906,146.25,146.25,5821
2022-08-18-11-14-00 GMT-0400,146.25999450683594,146.39999389648438,146.25,146.39999389648438,146.39999389648438,120978
2022-08-18-11-16-00 GMT-0400,146.41000366210938,146.45590209960938,146.375,146.4199981689453,146.4199981689453,11127
2022-08-18-11-18-00 GMT-0400,146.4199981689453,146.4499969482422,146.35000610351562,146.42999267578125,146.42999267578125,9430
2022-08-18-11-20-00 GMT-0400,146.4199981689453,146.4199981689453,146.35589599609375,146.3699951171875,146.3699951171875,7035
2022-08-18-11-22-00 GMT-0400,146.3699951171875,146.38999938964844,146.3000030517578,146.3300018310547,146.3300018310547,14531
2022-08-18-11-24-00 GMT-0400,146.32000732421875,146.49000549316406,146.30999755859375,146.43499755859375,146.43499755859375,9087
2022-08-18-11-26-00 GMT-0400,146.42999267578125,146.42999267578125,146.2949981689453,146.3300018310547,146.3300018310547,10806
2022-08-18-11-28-00 GMT-0400,146.3300018310547,146.33999633789062,146.25999450683594,146.30999755859375,146.30999755859375,11924
2022-08-18-11-30-00 GMT-0400,146.3300018310547,146.51499938964844,146.32000732421875,146.50979614257812,146.50979614257812,12850
2022-08-18-11-32-00 GMT-0400,146.5,146.52999877929688,146.36000061035156,146.41000366210938,146.41000366210938,25468
2022-08-18-11-34-00 GMT-0400,146.4199981689453,146.4499969482422,146.32000732421875,146.35000610351562,146.35000610351562,9237
2022-08-18-11-36-00 GMT-0400,146.33999633789062,146.4199981689453,146.3300018310547,146.41000366210938,146.41000366210938,215665
2022-08-18-11-38-00 GMT-0400,146.39500427246094,146.44000244140625,146.3800048828125,146.42999267578125,146.42999267578125,10967
2022-08-18-11-40-00 GMT-0400,146.44000244140625,146.56399536132812,146.41000366210938,146.55999755859375,146.55999755859375,11892
2022-08-18-11-42-00 GMT-0400,146.55999755859375,146.63999938964844,146.5500030517578,146.60000610351562,146.60000610351562,13103
2022-08-18-11-44-00 GMT-0400,146.61000061035156,146.6300048828125,146.42999267578125,146.5050048828125,146.5050048828125,16553
2022-08-18-11-46-00 GMT-0400,146.50999450683594,146.55999755859375,146.4949951171875,146.52000427246094,146.52000427246094,8055
2022-08-18-11-48-00 GMT-0400,146.49000549316406,146.5500030517578,146.46499633789062,146.52999877929688,146.52999877929688,13958
2022-08-18-11-50-00 GMT-0400,146.52999877929688,146.67999267578125,146.49000549316406,146.5800018310547,146.5800018310547,17172
2022-08-18-11-52-00 GMT-0400,146.58999633789062,146.58999633789062,146.39999389648438,146.39999389648438,146.39999389648438,14579
2022-08-18-11-54-00 GMT-0400,146.39999389648438,146.42999267578125,146.3300018310547,146.36000061035156,146.36000061035156,9445
2022-08-18-11-56-00 GMT-0400,146.35000610351562,146.36000061035156,146.27999877929688,146.27999877929688,146.27999877929688,7982
2022-08-18-11-58-00 GMT-0400,146.27000427246094,146.27499389648438,146.1300048828125,146.1300048828125,146.1300048828125,9897
2022-08-18-12-00-00 GMT-0400,146.1300048828125,146.1613006591797,146.00999450683594,146.14630126953125,146.14630126953125,21797
2022-08-18-12-02-00 GMT-0400,146.16990661621094,146.1699981689453,146.0500030517578,146.0500030517578,146.0500030517578,10815
2022-08-18-12-04-00 GMT-0400,146.07000732421875,146.17999267578125,146.07000732421875,146.1300048828125,146.1300048828125,108665
2022-08-18-12-06-00 GMT-0400,146.1300048828125,146.27999877929688,146.1300048828125,146.17999267578125,146.17999267578125,20960
2022-08-18-12-08-00 GMT-0400,146.19000244140625,146.25999450683594,146.1300048828125,146.13499450683594,146.13499450683594,16760
2022-08-18-12-10-00 GMT-0400,146.1466064453125,146.2100067138672,146.1300048828125,146.13999938964844,146.13999938964844,13222
2022-08-18-12-12-00 GMT-0400,146.1199951171875,146.13999938964844,146.01010131835938,146.04159545898438,146.04159545898438,17009
2022-08-18-12-14-00 GMT-0400,146.05149841308594,146.14999389648438,146.02999877929688,146.10000610351562,146.10000610351562,9819
2022-08-18-12-16-00 GMT-0400,146.1199951171875,146.2899932861328,146.1199951171875,146.22000122070312,146.22000122070312,19046
2022-08-18-12-18-00 GMT-0400,146.22000122070312,146.30499267578125,146.22000122070312,146.25999450683594,146.25999450683594,22290
2022-08-18-12-20-00 GMT-0400,146.24530029296875,146.24530029296875,146.10000610351562,146.1051025390625,146.1051025390625,19281
2022-08-18-12-22-00 GMT-0400,146.08999633789062,146.125,146.0500030517578,146.0850067138672,146.0850067138672,8419
2022-08-18-12-24-00 GMT-0400,146.07000732421875,146.14999389648438,146.00999450683594,146.0500030517578,146.0500030517578,20910
2022-08-18-12-26-00 GMT-0400,146.02999877929688,146.1199951171875,146.02999877929688,146.08999633789062,146.08999633789062,15817
2022-08-18-12-28-00 GMT-0400,146.0800018310547,146.08999633789062,145.92999267578125,145.9499969482422,145.9499969482422,25007
2022-08-18-12-30-00 GMT-0400,145.9550018310547,146.0,145.9199981689453,145.9499969482422,145.9499969482422,11504
2022-08-18-12-32-00 GMT-0400,145.9600067138672,145.97999572753906,145.875,145.8800048828125,145.8800048828125,16158
2022-08-18-12-34-00 GMT-0400,145.89500427246094,145.94000244140625,145.85000610351562,145.85000610351562,145.85000610351562,10459
2022-08-18-12-36-00 GMT-0400,145.8300018310547,145.85000610351562,145.72999572753906,145.72999572753906,145.72999572753906,14389
2022-08-18-12-38-00 GMT-0400,145.74000549316406,145.77999877929688,145.67999267578125,145.77000427246094,145.77000427246094,9711
2022-08-18-12-40-00 GMT-0400,145.7449951171875,145.7528076171875,145.69000244140625,145.6999969482422,145.6999969482422,9540
2022-08-18-12-42-00 GMT-0400,145.69000244140625,145.73159790039062,145.5399932861328,145.5399932861328,145.5399932861328,113754
2022-08-18-12-44-00 GMT-0400,145.52999877929688,145.5699005126953,145.3800048828125,145.45770263671875,145.45770263671875,21159
2022-08-18-12-46-00 GMT-0400,145.44000244140625,145.5399932861328,145.42149353027344,145.47999572753906,145.47999572753906,11251
2022-08-18-12-48-00 GMT-0400,145.49000549316406,145.5800018310547,145.4499969482422,145.52999877929688,145.52999877929688,14940
2022-08-18-12-50-00 GMT-0400,145.52999877929688,145.63330078125,145.52999877929688,145.55999755859375,145.55999755859375,12185
2022-08-18-12-52-00 GMT-0400,145.5500030517578,145.5800018310547,145.52999877929688,145.5800018310547,145.5800018310547,10059
2022-08-18-12-54-00 GMT-0400,145.55999755859375,145.61000061035156,145.50999450683594,145.61000061035156,145.61000061035156,10557
2022-08-18-12-56-00 GMT-0400,145.60000610351562,145.64999389648438,145.60000610351562,145.63999938964844,145.63999938964844,9994
2022-08-18-12-58-00 GMT-0400,145.63999938964844,145.63999938964844,145.5,145.5,145.5,14597
2022-08-18-13-00-00 GMT-0400,145.5,145.55999755859375,145.4499969482422,145.50729370117188,145.50729370117188,9316
2022-08-18-13-02-00 GMT-0400,145.50999450683594,145.59500122070312,145.50999450683594,145.57000732421875,145.57000732421875,5258
2022-08-18-13-04-00 GMT-0400,145.5800018310547,145.67999267578125,145.5500030517578,145.6699981689453,145.6699981689453,11981
2022-08-18-13-06-00 GMT-0400,145.6750030517578,145.73500061035156,145.64500427246094,145.73500061035156,145.73500061035156,7265
2022-08-18-13-08-00 GMT-0400,145.72999572753906,145.77999877929688,145.72999572753906,145.75999450683594,145.75999450683594,11444
2022-08-18-13-10-00 GMT-0400,145.75,145.82000732421875,145.75,145.82000732421875,145.82000732421875,12850
2022-08-18-13-12-00 GMT-0400,145.8365936279297,145.85000610351562,145.6999969482422,145.74000549316406,145.74000549316406,13161
2022-08-18-13-14-00 GMT-0400,145.7100067138672,145.7550048828125,145.69000244140625,145.72999572753906,145.72999572753906,10488
2022-08-18-13-16-00 GMT-0400,145.74000549316406,145.76190185546875,145.7100067138672,145.75,145.75,8559
2022-08-18-13-18-00 GMT-0400,145.75999450683594,145.7899932861328,145.74000549316406,145.78500366210938,145.78500366210938,7912
2022-08-18-13-20-00 GMT-0400,145.7949981689453,145.8000030517578,145.75,145.77999877929688,145.77999877929688,8172
2022-08-18-13-22-00 GMT-0400,145.75,145.8000030517578,145.72999572753906,145.75999450683594,145.75999450683594,11738
2022-08-18-13-24-00 GMT-0400,145.74000549316406,145.7449951171875,145.6699981689453,145.67999267578125,145.67999267578125,10088
2022-08-18-13-26-00 GMT-0400,145.68499755859375,145.72549438476562,145.68499755859375,145.72000122070312,145.72000122070312,5202
2022-08-18-13-28-00 GMT-0400,145.718505859375,145.80999755859375,145.7100067138672,145.77000427246094,145.77000427246094,9739
2022-08-18-13-30-00 GMT-0400,145.77999877929688,145.80999755859375,145.7100067138672,145.72000122070312,145.72000122070312,9978
2022-08-18-13-32-00 GMT-0400,145.69000244140625,145.70199584960938,145.61900329589844,145.63999938964844,145.63999938964844,5716
2022-08-18-13-34-00 GMT-0400,145.6300048828125,145.66000366210938,145.61500549316406,145.6300048828125,145.6300048828125,6500
2022-08-18-13-36-00 GMT-0400,145.63999938964844,145.66000366210938,145.60989379882812,145.63499450683594,145.63499450683594,6403
2022-08-18-13-38-00 GMT-0400,145.6300048828125,145.74000549316406,145.61000061035156,145.74000549316406,145.74000549316406,9629
2022-08-18-13-40-00 GMT-0400,145.75,145.7899932861328,145.7100067138672,145.72000122070312,145.72000122070312,9647
2022-08-18-13-42-00 GMT-0400,145.72000122070312,145.72000122070312,145.61500549316406,145.66000366210938,145.66000366210938,8022
2022-08-18-13-44-00 GMT-0400,145.64999389648438,145.67999267578125,145.61500549316406,145.63999938964844,145.63999938964844,10094
2022-08-18-13-46-00 GMT-0400,145.63999938964844,145.6649932861328,145.52999877929688,145.52999877929688,145.52999877929688,12121
2022-08-18-13-48-00 GMT-0400,145.50999450683594,145.50999450683594,145.41000366210938,145.4199981689453,145.4199981689453,11904
2022-08-18-13-50-00 GMT-0400,145.4250030517578,145.47999572753906,145.4250030517578,145.47479248046875,145.47479248046875,5570
2022-08-18-13-52-00 GMT-0400,145.47000122070312,145.6300048828125,145.47000122070312,145.57000732421875,145.57000732421875,11272
2022-08-18-13-54-00 GMT-0400,145.5749969482422,145.61000061035156,145.5050048828125,145.52999877929688,145.52999877929688,11046
2022-08-18-13-56-00 GMT-0400,145.52499389648438,145.5500030517578,145.47000122070312,145.47999572753906,145.47999572753906,8092
2022-08-18-13-58-00 GMT-0400,145.49000549316406,145.50999450683594,145.4199981689453,145.49000549316406,145.49000549316406,7044
2022-08-18-14-00-00 GMT-0400,145.4949951171875,145.50999450683594,145.41000366210938,145.41000366210938,145.41000366210938,10522
2022-08-18-14-02-00 GMT-0400,145.4199981689453,145.57000732421875,145.4199981689453,145.57000732421875,145.57000732421875,8455
2022-08-18-14-04-00 GMT-0400,145.5699005126953,145.58999633789062,145.55999755859375,145.5800018310547,145.5800018310547,6148
2022-08-18-14-06-00 GMT-0400,145.58999633789062,145.6999969482422,145.58999633789062,145.68389892578125,145.68389892578125,11954
2022-08-18-14-08-00 GMT-0400,145.69500732421875,145.72000122070312,145.64999389648438,145.69000244140625,145.69000244140625,13954
2022-08-18-14-10-00 GMT-0400,145.67999267578125,145.77000427246094,145.625,145.73500061035156,145.73500061035156,16219
2022-08-18-14-12-00 GMT-0400,145.72000122070312,145.72000122070312,145.58999633789062,145.6199951171875,145.6199951171875,14147
2022-08-18-14-14-00 GMT-0400,145.625,145.66690063476562,145.6199951171875,145.63999938964844,145.63999938964844,5858
2022-08-18-14-16-00 GMT-0400,145.6300048828125,145.6699981689453,145.5,145.5399932861328,145.5399932861328,30721
2022-08-18-14-18-00 GMT-0400,145.55999755859375,145.5800018310547,145.5449981689453,145.56500244140625,145.56500244140625,6845
2022-08-18-14-20-00 GMT-0400,145.55999755859375,145.6300048828125,145.55999755859375,145.60000610351562,145.60000610351562,7649
2022-08-18-14-22-00 GMT-0400,145.58999633789062,145.6300048828125,145.5800018310547,145.61500549316406,145.61500549316406,7331
2022-08-18-14-24-00 GMT-0400,145.61500549316406,145.63999938964844,145.5800018310547,145.63999938964844,145.63999938964844,15936
2022-08-18-14-26-00 GMT-0400,145.63499450683594,145.66000366210938,145.5800018310547,145.5800018310547,145.5800018310547,6997
2022-08-18-14-28-00 GMT-0400,145.60000610351562,145.6699981689453,145.5,145.6699981689453,145.6699981689453,24721
2022-08-18-14-30-00 GMT-0400,145.67999267578125,145.69000244140625,145.52999877929688,145.52999877929688,145.52999877929688,11627
2022-08-18-14-32-00 GMT-0400,145.53219604492188,145.5399932861328,145.44000244140625,145.47999572753906,145.47999572753906,11418
2022-08-18-14-34-00 GMT-0400,145.48500061035156,145.58639526367188,145.4600067138672,145.57000732421875,145.57000732421875,9237
2022-08-18-14-36-00 GMT-0400,145.57949829101562,145.63999938964844,145.56500244140625,145.61000061035156,145.61000061035156,9825
2022-08-18-14-38-00 GMT-0400,145.6199951171875,145.64999389648438,145.58180236816406,145.63999938964844,145.63999938964844,12378
2022-08-18-14-40-00 GMT-0400,145.63499450683594,145.69000244140625,145.60989379882812,145.61000061035156,145.61000061035156,9613
2022-08-18-14-42-00 GMT-0400,145.6300048828125,145.66009521484375,145.61459350585938,145.6300048828125,145.6300048828125,11352
2022-08-18-14-44-00 GMT-0400,145.6199951171875,145.71499633789062,145.61500549316406,145.6999969482422,145.6999969482422,18123
2022-08-18-14-46-00 GMT-0400,145.69000244140625,145.69000244140625,145.5800018310547,145.5800018310547,145.5800018310547,13382
2022-08-18-14-48-00 GMT-0400,145.5998992919922,145.61500549316406,145.49000549316406,145.50999450683594,145.50999450683594,13225
2022-08-18-14-50-00 GMT-0400,145.50999450683594,145.5800018310547,145.5,145.5800018310547,145.5800018310547,14571
2022-08-18-14-52-00 GMT-0400,145.5800018310547,145.67999267578125,145.5500030517578,145.67999267578125,145.67999267578125,11360
2022-08-18-14-54-00 GMT-0400,145.67999267578125,145.7550048828125,145.67999267578125,145.72000122070312,145.72000122070312,14569
2022-08-18-14-56-00 GMT-0400,145.72000122070312,145.7449951171875,145.6999969482422,145.72999572753906,145.72999572753906,8095
2022-08-18-14-58-00 GMT-0400,145.7220001220703,145.74000549316406,145.64500427246094,145.66000366210938,145.66000366210938,12408
2022-08-18-15-00-00 GMT-0400,145.66000366210938,145.6999969482422,145.63999938964844,145.67999267578125,145.67999267578125,13494
2022-08-18-15-02-00 GMT-0400,145.6699981689453,145.7899932861328,145.66000366210938,145.74000549316406,145.74000549316406,14638
2022-08-18-15-04-00 GMT-0400,145.7375030517578,145.80999755859375,145.72000122070312,145.77999877929688,145.77999877929688,9078
2022-08-18-15-06-00 GMT-0400,145.77999877929688,145.7899932861328,145.64500427246094,145.69009399414062,145.69009399414062,17351
2022-08-18-15-08-00 GMT-0400,145.71119689941406,145.82000732421875,145.71009826660156,145.8000030517578,145.8000030517578,13849
2022-08-18-15-10-00 GMT-0400,145.80999755859375,145.88999938964844,145.8000030517578,145.88999938964844,145.88999938964844,619732
2022-08-18-15-12-00 GMT-0400,145.89999389648438,146.0399932861328,145.89999389648438,146.00999450683594,146.00999450683594,24525
2022-08-18-15-14-00 GMT-0400,146.00999450683594,146.02000427246094,145.97000122070312,145.97000122070312,145.97000122070312,15409
2022-08-18-15-16-00 GMT-0400,145.96499633789062,146.0,145.92999267578125,145.9600067138672,145.9600067138672,17960
2022-08-18-15-18-00 GMT-0400,145.9499969482422,146.0399932861328,145.9199981689453,145.99000549316406,145.99000549316406,15964
2022-08-18-15-20-00 GMT-0400,145.99989318847656,145.99989318847656,145.92010498046875,145.92999267578125,145.92999267578125,17724
2022-08-18-15-22-00 GMT-0400,145.97109985351562,145.97109985351562,145.91000366210938,145.91000366210938,145.91000366210938,15966
2022-08-18-15-24-00 GMT-0400,145.89999389648438,145.97999572753906,145.8800048828125,145.92999267578125,145.92999267578125,24392
2022-08-18-15-26-00 GMT-0400,145.9199981689453,146.13499450683594,145.9199981689453,146.13499450683594,146.13499450683594,15332
2022-08-18-15-28-00 GMT-0400,146.14999389648438,146.19000244140625,146.14999389648438,146.16000366210938,146.16000366210938,16440
2022-08-18-15-30-00 GMT-0400,146.16000366210938,146.1999969482422,146.0800018310547,146.18499755859375,146.18499755859375,27717
2022-08-18-15-32-00 GMT-0400,146.19000244140625,146.1999969482422,146.1300048828125,146.16000366210938,146.16000366210938,26563
2022-08-18-15-34-00 GMT-0400,146.15499877929688,146.25,146.14500427246094,146.22999572753906,146.22999572753906,25151
2022-08-18-15-36-00 GMT-0400,146.22000122070312,146.32000732421875,146.2100067138672,146.29989624023438,146.29989624023438,115761
2022-08-18-15-38-00 GMT-0400,146.3000030517578,146.3000030517578,146.25,146.2899932861328,146.2899932861328,39567
2022-08-18-15-40-00 GMT-0400,146.29139709472656,146.4199981689453,146.2772979736328,146.41000366210938,146.41000366210938,28655
2022-08-18-15-42-00 GMT-0400,146.39999389648438,146.4499969482422,146.38999938964844,146.40499877929688,146.40499877929688,19878
2022-08-18-15-44-00 GMT-0400,146.41000366210938,146.44000244140625,146.36000061035156,146.3699951171875,146.3699951171875,28494
2022-08-18-15-46-00 GMT-0400,146.39999389648438,146.57000732421875,146.39500427246094,146.5399932861328,146.5399932861328,35977
2022-08-18-15-48-00 GMT-0400,146.5399932861328,146.66000366210938,146.52000427246094,146.6300048828125,146.6300048828125,35367
2022-08-18-15-50-00 GMT-0400,146.6199951171875,146.83999633789062,146.6060028076172,146.8000030517578,146.8000030517578,81020
2022-08-18-15-52-00 GMT-0400,146.8000030517578,146.8000030517578,146.60000610351562,146.6199951171875,146.6199951171875,55184
2022-08-18-15-54-00 GMT-0400,146.6199951171875,146.7899932861328,146.61000061035156,146.75,146.75,51885
2022-08-18-15-56-00 GMT-0400,146.74000549316406,146.75999450683594,146.625,146.625,146.625,79910
2022-08-18-15-58-00 GMT-0400,146.62840270996094,146.74000549316406,146.60000610351562,146.74000549316406,146.74000549316406,143304
2022-08-18-16-00-00 GMT-0400,148.3088,148.3088,148.3088,148.3088,148.3088,0
2022-08-18-16-02-00 GMT-0400,145.3912,147.0,145.3912,146.68,146.68,0
2022-08-18-16-06-00 GMT-0400,146.68,146.68,146.68,146.68,146.68,0
2022-08-18-16-08-00 GMT-0400,146.6,146.6,146.6,146.6,146.6,0
2022-08-18-16-10-00 GMT-0400,146.68,146.74,146.68,146.74,146.74,0
2022-08-18-16-12-00 GMT-0400,146.74,146.74,146.74,146.74,146.74,0
2022-08-18-16-16-00 GMT-0400,146.61,146.68,146.61,146.68,146.68,0
2022-08-18-16-18-00 GMT-0400,146.73,146.73,146.68,146.68,146.68,0
2022-08-18-16-22-00 GMT-0400,146.65,146.65,146.6,146.6,146.6,0
2022-08-18-16-32-00 GMT-0400,146.6,146.68,146.59,146.68,146.68,0
2022-08-18-16-34-00 GMT-0400,146.6,146.6,146.5,146.5,146.5,0
2022-08-18-16-36-00 GMT-0400,146.58,146.58,146.57,146.57,146.57,0
2022-08-18-16-44-00 GMT-0400,146.57,146.57,146.52,146.52,146.52,0
2022-08-18-16-46-00 GMT-0400,146.55,146.55,146.55,146.55,146.55,0
2022-08-18-16-58-00 GMT-0400,146.6,146.65,146.55,146.55,146.55,0
2022-08-18-17-04-00 GMT-0400,146.63,146.63,146.63,146.63,146.63,0
2022-08-18-17-06-00 GMT-0400,146.63,146.65,146.63,146.65,146.65,0
2022-08-18-17-14-00 GMT-0400,146.56,146.74,146.56,146.73,146.73,0
2022-08-18-17-20-00 GMT-0400,146.67,146.67,146.67,146.67,146.67,0
2022-08-18-17-22-00 GMT-0400,146.7,146.7388,146.65,146.65,146.65,0
2022-08-18-17-30-00 GMT-0400,146.73,146.73,146.73,146.73,146.73,0
2022-08-18-17-34-00 GMT-0400,146.51,146.51,146.51,146.51,146.51,0
2022-08-18-18-12-00 GMT-0400,146.52,146.52,146.52,146.52,146.52,0
2022-08-18-18-24-00 GMT-0400,146.62,146.62,146.62,146.62,146.62,0
2022-08-18-18-26-00 GMT-0400,146.62,146.73,146.62,146.73,146.73,0
2022-08-18-18-28-00 GMT-0400,146.73,146.74,146.73,146.74,146.74,0
2022-08-18-18-52-00 GMT-0400,146.51,146.51,146.5,146.5,146.5,0
2022-08-18-19-14-00 GMT-0400,146.5,146.5,146.5,146.5,146.5,0
2022-08-18-19-20-00 GMT-0400,146.7,146.7,146.52,146.7,146.7,0
2022-08-18-19-46-00 GMT-0400,146.625,146.625,146.625,146.625,146.625,0
2022-08-18-19-50-00 GMT-0400,146.75,146.75,146.75,146.75,146.75,0
