Datetime,Open,High,Low,Close,Adj Close,Volume
2022-10-17-04-02-00 GMT-0400,251.67,251.68,251.67,251.68,251.68,0
2022-10-17-05-16-00 GMT-0400,250.81,250.81,250.81,250.81,250.81,0
2022-10-17-05-21-00 GMT-0400,251.13,251.13,250.8,250.8,250.8,0
2022-10-17-05-51-00 GMT-0400,251.18,251.18,250.73,250.73,250.73,0
2022-10-17-05-52-00 GMT-0400,251.16,251.16,250.94,250.94,250.94,0
2022-10-17-06-06-00 GMT-0400,251.68,251.75,251.68,251.68,251.68,0
2022-10-17-06-12-00 GMT-0400,251.82,251.82,251.82,251.82,251.82,0
2022-10-17-06-20-00 GMT-0400,251.83,251.83,251.83,251.83,251.83,0
2022-10-17-06-57-00 GMT-0400,252.52,252.73,252.52,252.73,252.73,0
2022-10-17-07-00-00 GMT-0400,252.09,252.22,252.09,252.15,252.15,0
2022-10-17-07-05-00 GMT-0400,252.79,252.79,252.79,252.79,252.79,0
2022-10-17-07-07-00 GMT-0400,252.87,252.87,252.87,252.87,252.87,0
2022-10-17-07-29-00 GMT-0400,252.44,252.44,252.4,252.4,252.4,0
2022-10-17-07-48-00 GMT-0400,252.4,252.4,252.4,252.4,252.4,0
2022-10-17-07-58-00 GMT-0400,252.8,252.8,252.8,252.8,252.8,0
2022-10-17-08-00-00 GMT-0400,252.95,252.95,252.4,252.4,252.4,0
2022-10-17-08-01-00 GMT-0400,252.9482,252.9482,252.9482,252.9482,252.9482,0
2022-10-17-08-34-00 GMT-0400,252.9479,252.9479,252.9479,252.9479,252.9479,0
2022-10-17-08-41-00 GMT-0400,252.9,252.93,252.9,252.93,252.93,0
2022-10-17-08-50-00 GMT-0400,252.9,252.9,252.9,252.9,252.9,0
2022-10-17-08-53-00 GMT-0400,252.49,252.89,252.45,252.89,252.89,0
2022-10-17-08-56-00 GMT-0400,252.89,252.89,252.89,252.89,252.89,0
2022-10-17-08-58-00 GMT-0400,252.89,252.95,252.75,252.93,252.93,0
2022-10-17-09-00-00 GMT-0400,252.91,252.95,252.1,252.1,252.1,0
2022-10-17-09-01-00 GMT-0400,252.85,252.85,252.85,252.85,252.85,0
2022-10-17-09-04-00 GMT-0400,252.85,252.85,251.8,251.8,251.8,0
2022-10-17-09-10-00 GMT-0400,252.87,252.87,252.84,252.84,252.84,0
2022-10-17-09-30-00 GMT-0400,251.4199981689453,252.0800018310547,251.39999389648438,252.0800018310547,252.0800018310547,64627
2022-10-17-09-31-00 GMT-0400,252.02499389648438,252.46499633789062,251.99000549316406,252.25,252.25,3741
2022-10-17-09-32-00 GMT-0400,252.35000610351562,252.35000610351562,251.5093994140625,251.5093994140625,251.5093994140625,4764
2022-10-17-09-33-00 GMT-0400,251.97000122070312,252.39999389648438,251.97000122070312,252.3800048828125,252.3800048828125,3078
2022-10-17-09-34-00 GMT-0400,252.41000366210938,252.89500427246094,252.41000366210938,252.89500427246094,252.89500427246094,3161
2022-10-17-09-35-00 GMT-0400,252.82000732421875,252.82000732421875,252.50999450683594,252.69500732421875,252.69500732421875,2283
2022-10-17-09-36-00 GMT-0400,252.6699981689453,252.91000366210938,252.60000610351562,252.91000366210938,252.91000366210938,2168
2022-10-17-09-37-00 GMT-0400,252.9199981689453,253.0,252.17999267578125,252.6300048828125,252.6300048828125,7363
2022-10-17-09-38-00 GMT-0400,252.69000244140625,252.8300018310547,252.3800048828125,252.47669982910156,252.47669982910156,5067
2022-10-17-09-39-00 GMT-0400,252.52999877929688,252.6300048828125,252.38999938964844,252.38999938964844,252.38999938964844,3017
2022-10-17-09-40-00 GMT-0400,252.5399932861328,252.91990661621094,252.2899932861328,252.7550048828125,252.7550048828125,5085
2022-10-17-09-41-00 GMT-0400,252.77000427246094,252.78500366210938,252.46279907226562,252.5749969482422,252.5749969482422,6186
2022-10-17-09-42-00 GMT-0400,252.64999389648438,252.71499633789062,252.42999267578125,252.42999267578125,252.42999267578125,2584
2022-10-17-09-43-00 GMT-0400,252.52999877929688,252.6699981689453,252.05999755859375,252.22500610351562,252.22500610351562,6821
2022-10-17-09-44-00 GMT-0400,252.14320373535156,252.25,251.97999572753906,252.24000549316406,252.24000549316406,2707
2022-10-17-09-45-00 GMT-0400,252.33999633789062,252.7100067138672,252.14999389648438,252.63999938964844,252.63999938964844,4772
2022-10-17-09-46-00 GMT-0400,252.50999450683594,252.60000610351562,252.2725067138672,252.39999389648438,252.39999389648438,3489
2022-10-17-09-47-00 GMT-0400,252.38999938964844,252.38999938964844,252.3300018310547,252.3300018310547,252.3300018310547,925
2022-10-17-09-48-00 GMT-0400,252.35499572753906,252.35499572753906,251.97999572753906,252.16000366210938,252.16000366210938,3582
2022-10-17-09-49-00 GMT-0400,252.13999938964844,252.30999755859375,252.02000427246094,252.25,252.25,2542
2022-10-17-09-50-00 GMT-0400,252.125,252.13999938964844,251.77999877929688,251.77999877929688,251.77999877929688,3137
2022-10-17-09-51-00 GMT-0400,252.0800018310547,252.0800018310547,251.89999389648438,251.89999389648438,251.89999389648438,2766
2022-10-17-09-52-00 GMT-0400,251.6999969482422,251.72999572753906,251.5800018310547,251.6999969482422,251.6999969482422,2169
2022-10-17-09-53-00 GMT-0400,251.4582061767578,251.67750549316406,251.4582061767578,251.67750549316406,251.67750549316406,2824
2022-10-17-09-54-00 GMT-0400,251.3800048828125,251.3800048828125,251.31500244140625,251.3699951171875,251.3699951171875,2150
2022-10-17-09-55-00 GMT-0400,251.2899932861328,251.30999755859375,251.22000122070312,251.22000122070312,251.22000122070312,1453
2022-10-17-09-56-00 GMT-0400,251.72000122070312,251.8000030517578,251.6199951171875,251.71499633789062,251.71499633789062,5646
2022-10-17-09-57-00 GMT-0400,251.47000122070312,251.66000366210938,251.35000610351562,251.60000610351562,251.60000610351562,2555
2022-10-17-09-58-00 GMT-0400,251.47500610351562,251.49000549316406,251.27999877929688,251.4600067138672,251.4600067138672,4323
2022-10-17-09-59-00 GMT-0400,251.41000366210938,251.6750030517578,251.2550048828125,251.49000549316406,251.49000549316406,3102
2022-10-17-10-00-00 GMT-0400,251.7100067138672,251.80999755859375,251.47999572753906,251.47999572753906,251.47999572753906,10774
2022-10-17-10-01-00 GMT-0400,251.47000122070312,251.47999572753906,251.24000549316406,251.24000549316406,251.24000549316406,2027
2022-10-17-10-02-00 GMT-0400,251.1300048828125,251.22999572753906,251.08999633789062,251.1699981689453,251.1699981689453,2840
2022-10-17-10-03-00 GMT-0400,251.0500030517578,251.13499450683594,250.88999938964844,250.92999267578125,250.92999267578125,4850
2022-10-17-10-04-00 GMT-0400,250.83999633789062,250.97999572753906,250.8350067138672,250.88999938964844,250.88999938964844,3902
2022-10-17-10-05-00 GMT-0400,250.9499969482422,251.16000366210938,250.8000030517578,251.00999450683594,251.00999450683594,9501
2022-10-17-10-06-00 GMT-0400,250.97000122070312,251.08999633789062,250.85000610351562,250.88999938964844,250.88999938964844,7822
2022-10-17-10-07-00 GMT-0400,250.85000610351562,251.0749969482422,250.77000427246094,251.0749969482422,251.0749969482422,3199
2022-10-17-10-08-00 GMT-0400,251.10499572753906,251.50999450683594,251.10499572753906,251.32000732421875,251.32000732421875,3115
2022-10-17-10-09-00 GMT-0400,251.3350067138672,251.46499633789062,251.3000030517578,251.3350067138672,251.3350067138672,2766
2022-10-17-10-10-00 GMT-0400,251.32749938964844,251.55960083007812,251.3000030517578,251.3699951171875,251.3699951171875,2028
2022-10-17-10-11-00 GMT-0400,251.44000244140625,251.5500030517578,251.44000244140625,251.53500366210938,251.53500366210938,2304
2022-10-17-10-12-00 GMT-0400,251.58999633789062,251.7100067138672,251.57000732421875,251.6999969482422,251.6999969482422,3954
2022-10-17-10-13-00 GMT-0400,251.6999969482422,251.77999877929688,251.49000549316406,251.49000549316406,251.49000549316406,8681
2022-10-17-10-14-00 GMT-0400,251.4499969482422,251.7100067138672,251.41000366210938,251.62069702148438,251.62069702148438,2843
2022-10-17-10-15-00 GMT-0400,251.6999969482422,251.88999938964844,251.63999938964844,251.7899932861328,251.7899932861328,4299
2022-10-17-10-16-00 GMT-0400,251.69000244140625,251.8000030517578,251.61000061035156,251.64999389648438,251.64999389648438,4676
2022-10-17-10-17-00 GMT-0400,251.63499450683594,251.77000427246094,251.63499450683594,251.77000427246094,251.77000427246094,1584
2022-10-17-10-18-00 GMT-0400,251.6999969482422,251.72500610351562,251.55999755859375,251.72500610351562,251.72500610351562,5380
2022-10-17-10-19-00 GMT-0400,251.64999389648438,251.83999633789062,251.64999389648438,251.7550048828125,251.7550048828125,2597
2022-10-17-10-20-00 GMT-0400,251.72000122070312,251.89999389648438,251.72000122070312,251.77999877929688,251.77999877929688,3421
2022-10-17-10-21-00 GMT-0400,251.77499389648438,251.8000030517578,251.64999389648438,251.73500061035156,251.73500061035156,3360
2022-10-17-10-22-00 GMT-0400,251.75250244140625,251.75250244140625,251.61000061035156,251.61000061035156,251.61000061035156,3069
2022-10-17-10-23-00 GMT-0400,251.7100067138672,251.8000030517578,251.6199951171875,251.75,251.75,4376
2022-10-17-10-24-00 GMT-0400,251.66000366210938,251.6699981689453,251.5800018310547,251.6699981689453,251.6699981689453,2052
2022-10-17-10-25-00 GMT-0400,251.77000427246094,251.8800048828125,251.5399932861328,251.57000732421875,251.57000732421875,4689
2022-10-17-10-26-00 GMT-0400,251.4600067138672,251.5050048828125,251.3300018310547,251.3300018310547,251.3300018310547,2971
2022-10-17-10-27-00 GMT-0400,251.42999267578125,251.52999877929688,251.26499938964844,251.26499938964844,251.26499938964844,3604
2022-10-17-10-28-00 GMT-0400,251.27999877929688,251.27999877929688,251.19000244140625,251.22000122070312,251.22000122070312,3313
2022-10-17-10-29-00 GMT-0400,251.19500732421875,251.25999450683594,251.04640197753906,251.25999450683594,251.25999450683594,6381
2022-10-17-10-30-00 GMT-0400,251.14500427246094,251.14999389648438,250.72000122070312,250.8300018310547,250.8300018310547,7857
2022-10-17-10-31-00 GMT-0400,250.875,250.875,250.6199951171875,250.6199951171875,250.6199951171875,1694
2022-10-17-10-32-00 GMT-0400,250.69000244140625,250.97999572753906,250.61000061035156,250.88499450683594,250.88499450683594,2668
2022-10-17-10-33-00 GMT-0400,250.87750244140625,250.9425048828125,250.58999633789062,250.66000366210938,250.66000366210938,14250
2022-10-17-10-34-00 GMT-0400,250.63999938964844,250.8074951171875,250.6199951171875,250.77999877929688,250.77999877929688,3151
2022-10-17-10-35-00 GMT-0400,250.85000610351562,250.9600067138672,250.85000610351562,250.87750244140625,250.87750244140625,3880
2022-10-17-10-36-00 GMT-0400,250.99000549316406,251.05999755859375,250.7899932861328,250.82000732421875,250.82000732421875,8607
2022-10-17-10-37-00 GMT-0400,250.7899932861328,250.8249969482422,250.5449981689453,250.60000610351562,250.60000610351562,5964
2022-10-17-10-38-00 GMT-0400,250.57000732421875,250.57000732421875,250.3300018310547,250.42999267578125,250.42999267578125,6059
2022-10-17-10-39-00 GMT-0400,250.42999267578125,250.53500366210938,250.3699951171875,250.3699951171875,250.3699951171875,3251
2022-10-17-10-40-00 GMT-0400,250.41000366210938,250.51499938964844,250.30999755859375,250.5050048828125,250.5050048828125,3634
2022-10-17-10-41-00 GMT-0400,250.5449981689453,250.57000732421875,250.33999633789062,250.33999633789062,250.33999633789062,7139
2022-10-17-10-42-00 GMT-0400,250.3300018310547,250.41000366210938,250.01409912109375,250.1300048828125,250.1300048828125,7830
2022-10-17-10-43-00 GMT-0400,250.07000732421875,250.23500061035156,250.0500030517578,250.23500061035156,250.23500061035156,2912
2022-10-17-10-44-00 GMT-0400,250.17999267578125,250.3585968017578,250.14999389648438,250.17999267578125,250.17999267578125,3960
2022-10-17-10-45-00 GMT-0400,250.16000366210938,250.32000732421875,250.13999938964844,250.2899932861328,250.2899932861328,4745
2022-10-17-10-46-00 GMT-0400,250.22459411621094,250.27999877929688,250.08999633789062,250.15750122070312,250.15750122070312,4845
2022-10-17-10-47-00 GMT-0400,250.25999450683594,250.41000366210938,250.22999572753906,250.2899932861328,250.2899932861328,3207
2022-10-17-10-48-00 GMT-0400,250.3249969482422,250.3249969482422,250.1300048828125,250.16000366210938,250.16000366210938,3302
2022-10-17-10-49-00 GMT-0400,250.1999969482422,250.44679260253906,250.16749572753906,250.44679260253906,250.44679260253906,3159
2022-10-17-10-50-00 GMT-0400,250.3000030517578,250.3000030517578,249.83999633789062,249.89999389648438,249.89999389648438,11028
2022-10-17-10-51-00 GMT-0400,249.8874969482422,249.9429931640625,249.60000610351562,249.9429931640625,249.9429931640625,9188
2022-10-17-10-52-00 GMT-0400,249.8350067138672,250.0399932861328,249.76499938964844,249.76499938964844,249.76499938964844,2886
2022-10-17-10-53-00 GMT-0400,249.75999450683594,249.8874053955078,249.7100067138672,249.8800048828125,249.8800048828125,2506
2022-10-17-10-54-00 GMT-0400,249.8699951171875,249.8800048828125,249.77499389648438,249.77499389648438,249.77499389648438,3403
2022-10-17-10-55-00 GMT-0400,249.72000122070312,249.8800048828125,249.6999969482422,249.84500122070312,249.84500122070312,3982
2022-10-17-10-56-00 GMT-0400,249.7899932861328,249.85000610351562,249.75,249.82000732421875,249.82000732421875,4477
2022-10-17-10-57-00 GMT-0400,249.77499389648438,249.97000122070312,249.77499389648438,249.88999938964844,249.88999938964844,7105
2022-10-17-10-58-00 GMT-0400,249.875,250.0500030517578,249.875,250.0500030517578,250.0500030517578,2532
2022-10-17-10-59-00 GMT-0400,250.10000610351562,250.22999572753906,250.0500030517578,250.2100067138672,250.2100067138672,3204
2022-10-17-11-00-00 GMT-0400,250.27000427246094,250.44000244140625,250.22500610351562,250.44000244140625,250.44000244140625,1869
2022-10-17-11-01-00 GMT-0400,250.4600067138672,250.4600067138672,250.13999938964844,250.13999938964844,250.13999938964844,3873
2022-10-17-11-02-00 GMT-0400,250.13999938964844,250.2899932861328,250.13999938964844,250.2899932861328,250.2899932861328,3995
2022-10-17-11-03-00 GMT-0400,250.28500366210938,250.3800048828125,250.27000427246094,250.27000427246094,250.27000427246094,2552
2022-10-17-11-04-00 GMT-0400,250.2100067138672,250.22999572753906,250.1300048828125,250.19000244140625,250.19000244140625,4697
2022-10-17-11-05-00 GMT-0400,250.17999267578125,250.3000030517578,250.1300048828125,250.17999267578125,250.17999267578125,4729
2022-10-17-11-06-00 GMT-0400,250.13999938964844,250.24000549316406,250.1300048828125,250.24000549316406,250.24000549316406,2683
2022-10-17-11-07-00 GMT-0400,250.22999572753906,250.22999572753906,250.00999450683594,250.0749969482422,250.0749969482422,4865
2022-10-17-11-08-00 GMT-0400,250.1300048828125,250.1699981689453,249.9600067138672,250.0,250.0,2996
2022-10-17-11-09-00 GMT-0400,250.00999450683594,250.05999755859375,249.86000061035156,249.91000366210938,249.91000366210938,3779
2022-10-17-11-10-00 GMT-0400,249.88499450683594,249.9600067138672,249.8699951171875,249.9199981689453,249.9199981689453,2736
2022-10-17-11-12-00 GMT-0400,249.78500366210938,249.78500366210938,249.64999389648438,249.7100067138672,249.7100067138672,10233
2022-10-17-11-13-00 GMT-0400,249.6999969482422,249.77000427246094,249.6300048828125,249.63999938964844,249.63999938964844,3101
2022-10-17-11-14-00 GMT-0400,249.6300048828125,249.72999572753906,249.60000610351562,249.64059448242188,249.64059448242188,1282
2022-10-17-11-15-00 GMT-0400,249.60000610351562,249.69000244140625,249.55999755859375,249.64999389648438,249.64999389648438,3725
2022-10-17-11-16-00 GMT-0400,249.60000610351562,249.8699951171875,249.49000549316406,249.8699951171875,249.8699951171875,3887
2022-10-17-11-17-00 GMT-0400,249.9199981689453,250.14540100097656,249.9199981689453,250.14540100097656,250.14540100097656,3287
2022-10-17-11-18-00 GMT-0400,250.14500427246094,250.24000549316406,250.0800018310547,250.24000549316406,250.24000549316406,5378
2022-10-17-11-19-00 GMT-0400,250.25,250.40499877929688,250.25,250.40499877929688,250.40499877929688,966
2022-10-17-11-20-00 GMT-0400,250.44000244140625,250.66000366210938,250.4199981689453,250.66000366210938,250.66000366210938,2862
2022-10-17-11-21-00 GMT-0400,250.8300018310547,250.8300018310547,250.6300048828125,250.81399536132812,250.81399536132812,3180
2022-10-17-11-22-00 GMT-0400,250.885498046875,251.08999633789062,250.885498046875,251.08999633789062,251.08999633789062,1636
2022-10-17-11-23-00 GMT-0400,251.02999877929688,251.1425018310547,250.94500732421875,251.13999938964844,251.13999938964844,3547
2022-10-17-11-24-00 GMT-0400,251.13499450683594,251.19000244140625,251.13499450683594,251.19000244140625,251.19000244140625,1742
2022-10-17-11-25-00 GMT-0400,251.27999877929688,251.27999877929688,251.08999633789062,251.2050018310547,251.2050018310547,2754
2022-10-17-11-26-00 GMT-0400,251.1300048828125,251.14999389648438,251.0,251.02499389648438,251.02499389648438,3653
2022-10-17-11-27-00 GMT-0400,251.0399932861328,251.08999633789062,250.97000122070312,251.06500244140625,251.06500244140625,1936
2022-10-17-11-28-00 GMT-0400,251.05999755859375,251.13499450683594,251.0449981689453,251.13499450683594,251.13499450683594,3825
2022-10-17-11-29-00 GMT-0400,251.0500030517578,251.13999938964844,251.0449981689453,251.13999938964844,251.13999938964844,1468
2022-10-17-11-30-00 GMT-0400,251.08999633789062,251.30999755859375,251.07000732421875,251.30999755859375,251.30999755859375,3065
2022-10-17-11-31-00 GMT-0400,251.27130126953125,251.33999633789062,251.27000427246094,251.27000427246094,251.27000427246094,1843
2022-10-17-11-32-00 GMT-0400,251.302001953125,251.302001953125,251.1699981689453,251.26499938964844,251.26499938964844,4443
2022-10-17-11-33-00 GMT-0400,251.14999389648438,251.14999389648438,250.97000122070312,250.97000122070312,250.97000122070312,7366
2022-10-17-11-34-00 GMT-0400,251.00999450683594,251.08099365234375,251.00999450683594,251.0175018310547,251.0175018310547,1498
2022-10-17-11-35-00 GMT-0400,251.0,251.02999877929688,250.92999267578125,251.02999877929688,251.02999877929688,1533
2022-10-17-11-36-00 GMT-0400,250.93499755859375,250.93499755859375,250.8000030517578,250.8300018310547,250.8300018310547,2012
2022-10-17-11-37-00 GMT-0400,250.8000030517578,250.9199981689453,250.8000030517578,250.84500122070312,250.84500122070312,2610
2022-10-17-11-38-00 GMT-0400,250.89999389648438,250.9199981689453,250.8699951171875,250.88999938964844,250.88999938964844,3374
2022-10-17-11-39-00 GMT-0400,250.9199981689453,250.97999572753906,250.88999938964844,250.9199981689453,250.9199981689453,5126
2022-10-17-11-40-00 GMT-0400,250.80999755859375,250.85000610351562,250.77000427246094,250.8300018310547,250.8300018310547,2900
2022-10-17-11-41-00 GMT-0400,250.7967071533203,250.89999389648438,250.75999450683594,250.89999389648438,250.89999389648438,2298
2022-10-17-11-42-00 GMT-0400,250.91000366210938,251.0500030517578,250.8249969482422,250.8249969482422,250.8249969482422,4767
2022-10-17-11-43-00 GMT-0400,250.80499267578125,250.80499267578125,250.61500549316406,250.61500549316406,250.61500549316406,3595
2022-10-17-11-44-00 GMT-0400,250.55999755859375,250.72000122070312,250.55999755859375,250.6999969482422,250.6999969482422,2691
2022-10-17-11-45-00 GMT-0400,250.72999572753906,250.7899932861328,250.69000244140625,250.75,250.75,2956
2022-10-17-11-46-00 GMT-0400,250.72000122070312,250.77000427246094,250.66000366210938,250.6999969482422,250.6999969482422,2783
2022-10-17-11-47-00 GMT-0400,250.7100067138672,250.7100067138672,250.6300048828125,250.6999969482422,250.6999969482422,2773
2022-10-17-11-48-00 GMT-0400,250.6300048828125,250.6300048828125,250.6300048828125,250.6300048828125,250.6300048828125,214
2022-10-17-11-49-00 GMT-0400,250.61500549316406,250.6999969482422,250.58999633789062,250.6999969482422,250.6999969482422,2703
2022-10-17-11-50-00 GMT-0400,250.61000061035156,250.89999389648438,250.61000061035156,250.89999389648438,250.89999389648438,2463
2022-10-17-11-51-00 GMT-0400,250.9550018310547,251.11000061035156,250.86500549316406,251.11000061035156,251.11000061035156,1893
2022-10-17-11-52-00 GMT-0400,251.10000610351562,251.12950134277344,251.0500030517578,251.0500030517578,251.0500030517578,1847
2022-10-17-11-53-00 GMT-0400,251.0850067138672,251.19000244140625,251.0850067138672,251.19000244140625,251.19000244140625,1730
2022-10-17-11-54-00 GMT-0400,251.25999450683594,251.27000427246094,251.24000549316406,251.24000549316406,251.24000549316406,1621
2022-10-17-11-55-00 GMT-0400,251.28500366210938,251.30999755859375,251.14999389648438,251.30999755859375,251.30999755859375,4793
2022-10-17-11-56-00 GMT-0400,251.24000549316406,251.3300018310547,251.24000549316406,251.28500366210938,251.28500366210938,1392
2022-10-17-11-57-00 GMT-0400,251.3800048828125,251.4499969482422,251.24000549316406,251.3000030517578,251.3000030517578,2261
2022-10-17-11-58-00 GMT-0400,251.3000030517578,251.3000030517578,251.1699981689453,251.1699981689453,251.1699981689453,3630
2022-10-17-11-59-00 GMT-0400,251.17999267578125,251.22000122070312,251.1300048828125,251.1999969482422,251.1999969482422,2924
2022-10-17-12-00-00 GMT-0400,251.25,251.4499969482422,251.25,251.4499969482422,251.4499969482422,2532
2022-10-17-12-01-00 GMT-0400,251.46499633789062,251.47500610351562,251.46499633789062,251.47500610351562,251.47500610351562,762
2022-10-17-12-02-00 GMT-0400,251.52000427246094,251.5399932861328,251.33999633789062,251.47999572753906,251.47999572753906,9183
2022-10-17-12-03-00 GMT-0400,251.47999572753906,251.72999572753906,251.3800048828125,251.63499450683594,251.63499450683594,19518
2022-10-17-12-04-00 GMT-0400,251.63499450683594,251.63499450683594,251.33999633789062,251.35499572753906,251.35499572753906,5269
2022-10-17-12-05-00 GMT-0400,251.36000061035156,251.6300048828125,251.36000061035156,251.5850067138672,251.5850067138672,4500
2022-10-17-12-06-00 GMT-0400,251.6300048828125,251.89999389648438,251.6300048828125,251.8300018310547,251.8300018310547,4263
2022-10-17-12-07-00 GMT-0400,251.92999267578125,252.10000610351562,251.75999450683594,252.0399932861328,252.0399932861328,9522
2022-10-17-12-08-00 GMT-0400,252.0449981689453,252.05999755859375,251.94000244140625,251.98500061035156,251.98500061035156,10528
2022-10-17-12-09-00 GMT-0400,251.99000549316406,252.02000427246094,251.97000122070312,251.97999572753906,251.97999572753906,1905
2022-10-17-12-10-00 GMT-0400,251.9600067138672,251.9600067138672,251.61000061035156,251.6199951171875,251.6199951171875,4591
2022-10-17-12-11-00 GMT-0400,251.61000061035156,251.6699981689453,251.55499267578125,251.58999633789062,251.58999633789062,2066
2022-10-17-12-12-00 GMT-0400,251.55999755859375,251.57000732421875,251.42999267578125,251.52999877929688,251.52999877929688,2211
2022-10-17-12-13-00 GMT-0400,251.52999877929688,251.57000732421875,251.52999877929688,251.55499267578125,251.55499267578125,842
2022-10-17-12-14-00 GMT-0400,251.60000610351562,251.60499572753906,251.5500030517578,251.60499572753906,251.60499572753906,1146
2022-10-17-12-15-00 GMT-0400,251.5449981689453,251.5449981689453,251.49000549316406,251.49000549316406,251.49000549316406,1209
2022-10-17-12-16-00 GMT-0400,251.5,251.5,251.3896942138672,251.3896942138672,251.3896942138672,1804
2022-10-17-12-17-00 GMT-0400,251.5050048828125,251.5050048828125,251.36000061035156,251.42999267578125,251.42999267578125,1538
2022-10-17-12-18-00 GMT-0400,251.46499633789062,251.46499633789062,251.35000610351562,251.42970275878906,251.42970275878906,1655
2022-10-17-12-19-00 GMT-0400,251.4199981689453,251.4199981689453,251.36000061035156,251.36000061035156,251.36000061035156,2007
2022-10-17-12-20-00 GMT-0400,251.37680053710938,251.42979431152344,251.21499633789062,251.22000122070312,251.22000122070312,3117
2022-10-17-12-21-00 GMT-0400,251.25,251.41000366210938,251.1699981689453,251.41000366210938,251.41000366210938,4333
2022-10-17-12-22-00 GMT-0400,251.36000061035156,251.41000366210938,251.36000061035156,251.41000366210938,251.41000366210938,912
2022-10-17-12-23-00 GMT-0400,251.44000244140625,251.51840209960938,251.4199981689453,251.4550018310547,251.4550018310547,4323
2022-10-17-12-24-00 GMT-0400,251.4199981689453,251.5399932861328,251.4199981689453,251.50999450683594,251.50999450683594,2486
2022-10-17-12-25-00 GMT-0400,251.57000732421875,251.57000732421875,251.42999267578125,251.4949951171875,251.4949951171875,3145
2022-10-17-12-26-00 GMT-0400,251.60000610351562,251.625,251.55999755859375,251.55999755859375,251.55999755859375,1916
2022-10-17-12-27-00 GMT-0400,251.65879821777344,251.66000366210938,251.59500122070312,251.66000366210938,251.66000366210938,2503
2022-10-17-12-28-00 GMT-0400,251.75,251.75,251.57000732421875,251.62989807128906,251.62989807128906,4512
2022-10-17-12-29-00 GMT-0400,251.61900329589844,251.61900329589844,251.5399932861328,251.60479736328125,251.60479736328125,2484
2022-10-17-12-30-00 GMT-0400,251.60000610351562,251.64999389648438,251.55999755859375,251.5800018310547,251.5800018310547,3069
2022-10-17-12-31-00 GMT-0400,251.57000732421875,251.6999969482422,251.4499969482422,251.6999969482422,251.6999969482422,9783
2022-10-17-12-32-00 GMT-0400,251.60000610351562,251.67999267578125,251.58999633789062,251.66009521484375,251.66009521484375,2531
2022-10-17-12-33-00 GMT-0400,251.7100067138672,251.85000610351562,251.64999389648438,251.85000610351562,251.85000610351562,9134
2022-10-17-12-34-00 GMT-0400,251.85000610351562,251.8699951171875,251.85000610351562,251.86000061035156,251.86000061035156,1615
2022-10-17-12-35-00 GMT-0400,251.8300018310547,251.94000244140625,251.8000030517578,251.82000732421875,251.82000732421875,7590
2022-10-17-12-36-00 GMT-0400,251.80999755859375,251.8699951171875,251.77999877929688,251.8249969482422,251.8249969482422,1814
2022-10-17-12-37-00 GMT-0400,251.85000610351562,251.88999938964844,251.76010131835938,251.83999633789062,251.83999633789062,3370
2022-10-17-12-38-00 GMT-0400,251.83999633789062,251.9550018310547,251.80999755859375,251.9550018310547,251.9550018310547,2741
2022-10-17-12-39-00 GMT-0400,251.9550018310547,252.11000061035156,251.9550018310547,252.11000061035156,252.11000061035156,1320
2022-10-17-12-40-00 GMT-0400,252.1300048828125,252.14999389648438,252.1199951171875,252.13999938964844,252.13999938964844,2624
2022-10-17-12-41-00 GMT-0400,252.1999969482422,252.22000122070312,252.13999938964844,252.16000366210938,252.16000366210938,5159
2022-10-17-12-42-00 GMT-0400,252.21099853515625,252.21099853515625,252.02999877929688,252.02999877929688,252.02999877929688,4688
2022-10-17-12-43-00 GMT-0400,252.08999633789062,252.11000061035156,251.97999572753906,251.97999572753906,251.97999572753906,1658
2022-10-17-12-44-00 GMT-0400,252.0,252.14999389648438,252.0,252.14999389648438,252.14999389648438,1785
2022-10-17-12-45-00 GMT-0400,252.19000244140625,252.1999969482422,252.0800018310547,252.0800018310547,252.0800018310547,2739
2022-10-17-12-46-00 GMT-0400,252.10000610351562,252.16000366210938,252.02999877929688,252.13999938964844,252.13999938964844,3708
2022-10-17-12-47-00 GMT-0400,252.1649932861328,252.3350067138672,252.1649932861328,252.25999450683594,252.25999450683594,3331
2022-10-17-12-48-00 GMT-0400,252.22999572753906,252.30999755859375,252.22999572753906,252.26499938964844,252.26499938964844,1183
2022-10-17-12-49-00 GMT-0400,252.25999450683594,252.38999938964844,252.25999450683594,252.35000610351562,252.35000610351562,3093
2022-10-17-12-50-00 GMT-0400,252.3300018310547,252.38499450683594,252.30999755859375,252.38499450683594,252.38499450683594,1507
2022-10-17-12-51-00 GMT-0400,252.34429931640625,252.4199981689453,252.34429931640625,252.4001007080078,252.4001007080078,2460
2022-10-17-12-52-00 GMT-0400,252.4499969482422,252.4600067138672,252.30999755859375,252.30999755859375,252.30999755859375,5076
2022-10-17-12-53-00 GMT-0400,252.3394012451172,252.3699951171875,252.3394012451172,252.33999633789062,252.33999633789062,1464
2022-10-17-12-54-00 GMT-0400,252.36000061035156,252.48500061035156,252.36000061035156,252.47999572753906,252.47999572753906,2721
2022-10-17-12-55-00 GMT-0400,252.50999450683594,252.57000732421875,252.5,252.52499389648438,252.52499389648438,6031
2022-10-17-12-56-00 GMT-0400,252.4600067138672,252.46499633789062,252.41000366210938,252.41000366210938,252.41000366210938,2035
2022-10-17-12-57-00 GMT-0400,252.41000366210938,252.41000366210938,252.3350067138672,252.3699951171875,252.3699951171875,2206
2022-10-17-12-58-00 GMT-0400,252.3699951171875,252.3699951171875,252.27000427246094,252.27999877929688,252.27999877929688,2546
2022-10-17-12-59-00 GMT-0400,252.27999877929688,252.50999450683594,252.25,252.38999938964844,252.38999938964844,4094
2022-10-17-13-00-00 GMT-0400,252.39500427246094,252.40179443359375,252.36500549316406,252.39999389648438,252.39999389648438,1322
2022-10-17-13-01-00 GMT-0400,252.38999938964844,252.38999938964844,252.3000030517578,252.3300018310547,252.3300018310547,2240
2022-10-17-13-02-00 GMT-0400,252.3000030517578,252.3000030517578,252.13999938964844,252.17999267578125,252.17999267578125,1758
2022-10-17-13-03-00 GMT-0400,252.1750030517578,252.35499572753906,252.1750030517578,252.3300018310547,252.3300018310547,1371
2022-10-17-13-04-00 GMT-0400,252.39999389648438,252.4199981689453,252.35000610351562,252.4199981689453,252.4199981689453,1954
2022-10-17-13-05-00 GMT-0400,252.5500030517578,252.6999969482422,252.5500030517578,252.63999938964844,252.63999938964844,2387
2022-10-17-13-06-00 GMT-0400,252.66000366210938,252.66000366210938,252.50999450683594,252.50999450683594,252.50999450683594,3863
2022-10-17-13-07-00 GMT-0400,252.53500366210938,252.67999267578125,252.53500366210938,252.63999938964844,252.63999938964844,2097
2022-10-17-13-08-00 GMT-0400,252.5800018310547,252.5800018310547,252.5800018310547,252.5800018310547,252.5800018310547,345
2022-10-17-13-09-00 GMT-0400,252.6199951171875,252.63400268554688,252.55999755859375,252.55999755859375,252.55999755859375,2100
2022-10-17-13-10-00 GMT-0400,252.57000732421875,252.58999633789062,252.5399932861328,252.58999633789062,252.58999633789062,1770
2022-10-17-13-11-00 GMT-0400,252.60499572753906,252.63999938964844,252.60499572753906,252.63999938964844,252.63999938964844,1039
2022-10-17-13-12-00 GMT-0400,252.66000366210938,252.72000122070312,252.63999938964844,252.72000122070312,252.72000122070312,1047
2022-10-17-13-13-00 GMT-0400,252.72000122070312,252.76499938964844,252.72000122070312,252.75999450683594,252.75999450683594,2145
2022-10-17-13-14-00 GMT-0400,252.72000122070312,252.75999450683594,252.72000122070312,252.75999450683594,252.75999450683594,667
2022-10-17-13-15-00 GMT-0400,252.7899932861328,252.8300018310547,252.74000549316406,252.7899932861328,252.7899932861328,1266
2022-10-17-13-16-00 GMT-0400,252.75,252.8300018310547,252.6999969482422,252.73500061035156,252.73500061035156,4590
2022-10-17-13-17-00 GMT-0400,252.75,252.75,252.67999267578125,252.67999267578125,252.67999267578125,1033
2022-10-17-13-18-00 GMT-0400,252.6699981689453,252.6750030517578,252.60000610351562,252.60000610351562,252.60000610351562,1405
2022-10-17-13-19-00 GMT-0400,252.58999633789062,252.60000610351562,252.5500030517578,252.57000732421875,252.57000732421875,2103
2022-10-17-13-20-00 GMT-0400,252.5399932861328,252.7447967529297,252.52000427246094,252.72500610351562,252.72500610351562,5523
2022-10-17-13-21-00 GMT-0400,252.7050018310547,252.80850219726562,252.7050018310547,252.80850219726562,252.80850219726562,1591
2022-10-17-13-22-00 GMT-0400,252.7899932861328,252.8000030517578,252.7100067138672,252.7259979248047,252.7259979248047,4587
2022-10-17-13-23-00 GMT-0400,252.69000244140625,252.74000549316406,252.67999267578125,252.74000549316406,252.74000549316406,3266
2022-10-17-13-24-00 GMT-0400,252.82000732421875,252.94500732421875,252.82000732421875,252.89999389648438,252.89999389648438,4947
2022-10-17-13-25-00 GMT-0400,252.8699951171875,252.91600036621094,252.86000061035156,252.91600036621094,252.91600036621094,1338
2022-10-17-13-26-00 GMT-0400,252.91119384765625,252.9199981689453,252.77999877929688,252.8000030517578,252.8000030517578,2162
2022-10-17-13-27-00 GMT-0400,252.7899932861328,252.89999389648438,252.7899932861328,252.89999389648438,252.89999389648438,2519
2022-10-17-13-28-00 GMT-0400,252.85000610351562,252.8800048828125,252.8300018310547,252.8350067138672,252.8350067138672,1063
2022-10-17-13-29-00 GMT-0400,252.78500366210938,252.88999938964844,252.78500366210938,252.88999938964844,252.88999938964844,2849
2022-10-17-13-30-00 GMT-0400,252.89309692382812,253.02000427246094,252.89309692382812,253.02000427246094,253.02000427246094,4199
2022-10-17-13-31-00 GMT-0400,253.0500030517578,253.05999755859375,252.99000549316406,253.05999755859375,253.05999755859375,1791
2022-10-17-13-32-00 GMT-0400,253.0399932861328,253.1199951171875,253.00999450683594,253.0500030517578,253.0500030517578,7520
2022-10-17-13-33-00 GMT-0400,253.00999450683594,253.00999450683594,252.9949951171875,252.9949951171875,252.9949951171875,1775
2022-10-17-13-34-00 GMT-0400,253.0500030517578,253.0500030517578,252.9600067138672,252.99000549316406,252.99000549316406,2764
2022-10-17-13-35-00 GMT-0400,253.00999450683594,253.00999450683594,252.89999389648438,252.89999389648438,252.89999389648438,2304
2022-10-17-13-36-00 GMT-0400,252.8300018310547,252.94000244140625,252.8300018310547,252.8699951171875,252.8699951171875,1754
2022-10-17-13-37-00 GMT-0400,252.8800048828125,253.0,252.86000061035156,252.86000061035156,252.86000061035156,4800
2022-10-17-13-38-00 GMT-0400,252.88999938964844,252.91000366210938,252.88999938964844,252.91000366210938,252.91000366210938,590
2022-10-17-13-39-00 GMT-0400,252.85000610351562,253.00999450683594,252.8446044921875,252.8446044921875,252.8446044921875,6146
2022-10-17-13-41-00 GMT-0400,252.8350067138672,252.89500427246094,252.74000549316406,252.74000549316406,252.74000549316406,3578
2022-10-17-13-42-00 GMT-0400,252.6999969482422,252.72000122070312,252.63999938964844,252.63999938964844,252.63999938964844,1286
2022-10-17-13-43-00 GMT-0400,252.72999572753906,252.76150512695312,252.61000061035156,252.61000061035156,252.61000061035156,1191
2022-10-17-13-44-00 GMT-0400,252.61000061035156,252.61000061035156,252.4611053466797,252.50999450683594,252.50999450683594,5158
2022-10-17-13-45-00 GMT-0400,252.4550018310547,252.5800018310547,252.4550018310547,252.5800018310547,252.5800018310547,2405
2022-10-17-13-46-00 GMT-0400,252.5800018310547,252.71600341796875,252.57000732421875,252.6999969482422,252.6999969482422,2423
2022-10-17-13-47-00 GMT-0400,252.67999267578125,252.67999267578125,252.6199951171875,252.65499877929688,252.65499877929688,1798
2022-10-17-13-48-00 GMT-0400,252.6699981689453,252.74000549316406,252.6699981689453,252.7021942138672,252.7021942138672,929
2022-10-17-13-49-00 GMT-0400,252.77499389648438,252.80999755859375,252.75999450683594,252.77000427246094,252.77000427246094,1446
2022-10-17-13-50-00 GMT-0400,252.7100067138672,252.8730010986328,252.7100067138672,252.8730010986328,252.8730010986328,1220
2022-10-17-13-51-00 GMT-0400,252.85000610351562,253.0,252.85000610351562,253.0,253.0,1573
2022-10-17-13-52-00 GMT-0400,252.92999267578125,252.9600067138672,252.8800048828125,252.94000244140625,252.94000244140625,5990
2022-10-17-13-53-00 GMT-0400,252.94500732421875,252.9499969482422,252.83999633789062,252.89500427246094,252.89500427246094,2163
2022-10-17-13-54-00 GMT-0400,252.8699951171875,252.8699951171875,252.80999755859375,252.80999755859375,252.80999755859375,1566
2022-10-17-13-55-00 GMT-0400,252.82000732421875,252.82000732421875,252.75,252.75,252.75,2175
2022-10-17-13-56-00 GMT-0400,252.77999877929688,252.8699951171875,252.76499938964844,252.8699951171875,252.8699951171875,1244
2022-10-17-13-57-00 GMT-0400,252.9199981689453,252.94000244140625,252.9199981689453,252.94000244140625,252.94000244140625,1480
2022-10-17-13-58-00 GMT-0400,252.94500732421875,252.94500732421875,252.91000366210938,252.9199981689453,252.9199981689453,1804
2022-10-17-13-59-00 GMT-0400,252.91000366210938,252.9199981689453,252.8800048828125,252.9199981689453,252.9199981689453,1152
2022-10-17-14-00-00 GMT-0400,252.94000244140625,253.0850067138672,252.94000244140625,253.05499267578125,253.05499267578125,3314
2022-10-17-14-01-00 GMT-0400,253.03500366210938,253.14999389648438,252.82000732421875,252.9311981201172,252.9311981201172,9356
2022-10-17-14-02-00 GMT-0400,252.85000610351562,252.8699951171875,252.76220703125,252.85000610351562,252.85000610351562,2448
2022-10-17-14-03-00 GMT-0400,252.8090057373047,252.8090057373047,252.6699981689453,252.77999877929688,252.77999877929688,3555
2022-10-17-14-04-00 GMT-0400,252.74960327148438,252.74960327148438,252.74960327148438,252.74960327148438,252.74960327148438,1053
2022-10-17-14-05-00 GMT-0400,252.67999267578125,252.69000244140625,252.57000732421875,252.57000732421875,252.57000732421875,1949
2022-10-17-14-06-00 GMT-0400,252.57000732421875,252.57000732421875,252.42999267578125,252.5,252.5,2967
2022-10-17-14-07-00 GMT-0400,252.5500030517578,252.64999389648438,252.50999450683594,252.64999389648438,252.64999389648438,1829
2022-10-17-14-08-00 GMT-0400,252.64280700683594,252.66000366210938,252.64280700683594,252.64500427246094,252.64500427246094,1196
2022-10-17-14-09-00 GMT-0400,252.61000061035156,252.6300048828125,252.55999755859375,252.61000061035156,252.61000061035156,1604
2022-10-17-14-10-00 GMT-0400,252.5749969482422,252.5749969482422,252.5399932861328,252.5399932861328,252.5399932861328,734
2022-10-17-14-11-00 GMT-0400,252.52000427246094,252.60000610351562,252.52000427246094,252.5749969482422,252.5749969482422,1445
2022-10-17-14-12-00 GMT-0400,252.61990356445312,252.61990356445312,252.4600067138672,252.4600067138672,252.4600067138672,2931
2022-10-17-14-13-00 GMT-0400,252.39999389648438,252.4199981689453,252.25,252.25,252.25,1565
2022-10-17-14-14-00 GMT-0400,252.22000122070312,252.2449951171875,252.17999267578125,252.2100067138672,252.2100067138672,1350
2022-10-17-14-15-00 GMT-0400,252.08999633789062,252.10000610351562,252.0500030517578,252.09500122070312,252.09500122070312,1646
2022-10-17-14-16-00 GMT-0400,252.0850067138672,252.125,252.02999877929688,252.02999877929688,252.02999877929688,1970
2022-10-17-14-17-00 GMT-0400,252.00999450683594,252.0500030517578,252.00999450683594,252.0500030517578,252.0500030517578,1018
2022-10-17-14-18-00 GMT-0400,252.05999755859375,252.1060028076172,251.97999572753906,252.1060028076172,252.1060028076172,3514
2022-10-17-14-19-00 GMT-0400,252.14349365234375,252.27999877929688,252.14349365234375,252.27999877929688,252.27999877929688,1775
2022-10-17-14-20-00 GMT-0400,252.2989959716797,252.30999755859375,252.2100067138672,252.21499633789062,252.21499633789062,3310
2022-10-17-14-21-00 GMT-0400,252.1999969482422,252.1999969482422,252.13999938964844,252.13999938964844,252.13999938964844,1276
2022-10-17-14-22-00 GMT-0400,252.1699981689453,252.1699981689453,252.0500030517578,252.0800018310547,252.0800018310547,2314
2022-10-17-14-23-00 GMT-0400,252.0850067138672,252.0850067138672,252.0850067138672,252.0850067138672,252.0850067138672,742
2022-10-17-14-24-00 GMT-0400,252.05999755859375,252.08230590820312,252.0500030517578,252.0500030517578,252.0500030517578,1104
2022-10-17-14-25-00 GMT-0400,252.0800018310547,252.0800018310547,251.99000549316406,252.02000427246094,252.02000427246094,2663
2022-10-17-14-26-00 GMT-0400,252.02000427246094,252.0883026123047,252.02000427246094,252.0883026123047,252.0883026123047,931
2022-10-17-14-27-00 GMT-0400,252.114501953125,252.22000122070312,252.114501953125,252.20399475097656,252.20399475097656,4281
2022-10-17-14-28-00 GMT-0400,252.17039489746094,252.17039489746094,252.14999389648438,252.14999389648438,252.14999389648438,1337
2022-10-17-14-29-00 GMT-0400,252.1199951171875,252.1699981689453,252.08999633789062,252.14500427246094,252.14500427246094,3097
2022-10-17-14-30-00 GMT-0400,252.24000549316406,252.24000549316406,252.18499755859375,252.22569274902344,252.22569274902344,2387
2022-10-17-14-31-00 GMT-0400,252.2100067138672,252.2100067138672,252.16000366210938,252.16000366210938,252.16000366210938,1996
2022-10-17-14-32-00 GMT-0400,252.16000366210938,252.1699981689453,252.1300048828125,252.1343994140625,252.1343994140625,2756
2022-10-17-14-33-00 GMT-0400,252.21499633789062,252.2899932861328,252.21499633789062,252.2899932861328,252.2899932861328,1478
2022-10-17-14-34-00 GMT-0400,252.25999450683594,252.25999450683594,252.1999969482422,252.1999969482422,252.1999969482422,765
2022-10-17-14-35-00 GMT-0400,252.1999969482422,252.33999633789062,252.1999969482422,252.33999633789062,252.33999633789062,2505
2022-10-17-14-36-00 GMT-0400,252.32179260253906,252.36000061035156,252.27999877929688,252.30999755859375,252.30999755859375,8740
2022-10-17-14-37-00 GMT-0400,252.27000427246094,252.3800048828125,252.27000427246094,252.35499572753906,252.35499572753906,4040
2022-10-17-14-38-00 GMT-0400,252.35000610351562,252.4499969482422,252.35000610351562,252.3699951171875,252.3699951171875,2620
2022-10-17-14-39-00 GMT-0400,252.41000366210938,252.50999450683594,252.38999938964844,252.50999450683594,252.50999450683594,7342
2022-10-17-14-40-00 GMT-0400,252.51499938964844,252.5500030517578,252.47000122070312,252.47500610351562,252.47500610351562,2091
2022-10-17-14-41-00 GMT-0400,252.5,252.5,252.4499969482422,252.4499969482422,252.4499969482422,1641
2022-10-17-14-42-00 GMT-0400,252.42999267578125,252.50999450683594,252.42999267578125,252.50999450683594,252.50999450683594,2359
2022-10-17-14-43-00 GMT-0400,252.52999877929688,252.5500030517578,252.4600067138672,252.49000549316406,252.49000549316406,2105
2022-10-17-14-44-00 GMT-0400,252.50999450683594,252.52000427246094,252.42999267578125,252.42999267578125,252.42999267578125,2229
2022-10-17-14-45-00 GMT-0400,252.49000549316406,252.49000549316406,252.38999938964844,252.40890502929688,252.40890502929688,3106
2022-10-17-14-46-00 GMT-0400,252.3699951171875,252.3699951171875,252.2899932861328,252.30999755859375,252.30999755859375,2832
2022-10-17-14-47-00 GMT-0400,252.3000030517578,252.3000030517578,252.14999389648438,252.16000366210938,252.16000366210938,2113
2022-10-17-14-48-00 GMT-0400,252.13999938964844,252.25,252.13999938964844,252.25,252.25,2298
2022-10-17-14-49-00 GMT-0400,252.30999755859375,252.33749389648438,252.30999755859375,252.33749389648438,252.33749389648438,1382
2022-10-17-14-50-00 GMT-0400,252.27999877929688,252.3459930419922,252.25,252.3459930419922,252.3459930419922,1926
2022-10-17-14-51-00 GMT-0400,252.35000610351562,252.42999267578125,252.3300018310547,252.3699951171875,252.3699951171875,3941
2022-10-17-14-52-00 GMT-0400,252.39500427246094,252.5399932861328,252.39500427246094,252.5050048828125,252.5050048828125,5542
2022-10-17-14-53-00 GMT-0400,252.47000122070312,252.47000122070312,252.3699951171875,252.43499755859375,252.43499755859375,4640
2022-10-17-14-54-00 GMT-0400,252.42999267578125,252.60000610351562,252.38999938964844,252.60000610351562,252.60000610351562,4102
2022-10-17-14-55-00 GMT-0400,252.59500122070312,252.75,252.5800018310547,252.75,252.75,4544
2022-10-17-14-56-00 GMT-0400,252.76499938964844,252.85000610351562,252.76499938964844,252.80999755859375,252.80999755859375,3205
2022-10-17-14-57-00 GMT-0400,252.8000030517578,252.8699951171875,252.72999572753906,252.82049560546875,252.82049560546875,4563
2022-10-17-14-58-00 GMT-0400,252.8300018310547,252.97000122070312,252.8018035888672,252.97000122070312,252.97000122070312,6422
2022-10-17-14-59-00 GMT-0400,252.97000122070312,252.99000549316406,252.81500244140625,252.81500244140625,252.81500244140625,5152
2022-10-17-15-00-00 GMT-0400,252.80999755859375,252.9199981689453,252.80999755859375,252.9199981689453,252.9199981689453,5702
2022-10-17-15-01-00 GMT-0400,252.9199981689453,253.0,252.86500549316406,252.9600067138672,252.9600067138672,6278
2022-10-17-15-02-00 GMT-0400,252.9600067138672,252.9600067138672,252.64999389648438,252.64999389648438,252.64999389648438,4862
2022-10-17-15-03-00 GMT-0400,252.6699981689453,252.7100067138672,252.5800018310547,252.6300048828125,252.6300048828125,4547
2022-10-17-15-04-00 GMT-0400,252.65499877929688,252.80999755859375,252.65499877929688,252.68499755859375,252.68499755859375,3937
2022-10-17-15-05-00 GMT-0400,252.72000122070312,252.84249877929688,252.72000122070312,252.74000549316406,252.74000549316406,6751
2022-10-17-15-06-00 GMT-0400,252.69000244140625,252.69000244140625,252.6300048828125,252.6699981689453,252.6699981689453,1785
2022-10-17-15-07-00 GMT-0400,252.6300048828125,252.635498046875,252.60000610351562,252.63499450683594,252.63499450683594,2202
2022-10-17-15-08-00 GMT-0400,252.7100067138672,252.8300018310547,252.69000244140625,252.82000732421875,252.82000732421875,4221
2022-10-17-15-09-00 GMT-0400,252.7899932861328,253.02960205078125,252.7899932861328,252.97999572753906,252.97999572753906,19347
2022-10-17-15-10-00 GMT-0400,252.97999572753906,253.0500030517578,252.91000366210938,253.00999450683594,253.00999450683594,7638
2022-10-17-15-11-00 GMT-0400,252.9600067138672,252.99000549316406,252.6999969482422,252.7100067138672,252.7100067138672,14318
2022-10-17-15-12-00 GMT-0400,252.80999755859375,252.83999633789062,252.77000427246094,252.83999633789062,252.83999633789062,2545
2022-10-17-15-13-00 GMT-0400,252.7899932861328,252.8000030517578,252.75999450683594,252.78500366210938,252.78500366210938,1525
2022-10-17-15-14-00 GMT-0400,252.74000549316406,252.79989624023438,252.71299743652344,252.74000549316406,252.74000549316406,3668
2022-10-17-15-15-00 GMT-0400,252.72000122070312,252.75999450683594,252.6699981689453,252.6999969482422,252.6999969482422,4968
2022-10-17-15-16-00 GMT-0400,252.6699981689453,252.67999267578125,252.6199951171875,252.6199951171875,252.6199951171875,3170
2022-10-17-15-17-00 GMT-0400,252.61500549316406,252.61500549316406,252.4199981689453,252.47500610351562,252.47500610351562,6956
2022-10-17-15-18-00 GMT-0400,252.50999450683594,252.5800018310547,252.4499969482422,252.50999450683594,252.50999450683594,9708
2022-10-17-15-19-00 GMT-0400,252.55999755859375,252.67999267578125,252.47999572753906,252.6699981689453,252.6699981689453,4020
2022-10-17-15-20-00 GMT-0400,252.7449951171875,252.80999755859375,252.67999267578125,252.68499755859375,252.68499755859375,4910
2022-10-17-15-21-00 GMT-0400,252.63999938964844,252.75,252.55999755859375,252.75,252.75,5063
2022-10-17-15-22-00 GMT-0400,252.77000427246094,252.80999755859375,252.75999450683594,252.8000030517578,252.8000030517578,3462
2022-10-17-15-23-00 GMT-0400,252.85000610351562,252.8800048828125,252.8300018310547,252.8800048828125,252.8800048828125,3452
2022-10-17-15-24-00 GMT-0400,252.8699951171875,252.8699951171875,252.6999969482422,252.72000122070312,252.72000122070312,4932
2022-10-17-15-25-00 GMT-0400,252.6999969482422,252.80999755859375,252.69500732421875,252.72999572753906,252.72999572753906,5811
2022-10-17-15-26-00 GMT-0400,252.80999755859375,252.83999633789062,252.75999450683594,252.75999450683594,252.75999450683594,4069
2022-10-17-15-27-00 GMT-0400,252.81039428710938,252.81039428710938,252.69000244140625,252.69000244140625,252.69000244140625,2630
2022-10-17-15-28-00 GMT-0400,252.7100067138672,252.72999572753906,252.6199951171875,252.72999572753906,252.72999572753906,3131
2022-10-17-15-29-00 GMT-0400,252.7100067138672,252.82000732421875,252.64999389648438,252.80999755859375,252.80999755859375,5585
2022-10-17-15-30-00 GMT-0400,252.80999755859375,252.8300018310547,252.75999450683594,252.75999450683594,252.75999450683594,4919
2022-10-17-15-31-00 GMT-0400,252.83999633789062,252.9199981689453,252.83999633789062,252.875,252.875,4970
2022-10-17-15-32-00 GMT-0400,252.97000122070312,253.07000732421875,252.97000122070312,253.02000427246094,253.02000427246094,2713
2022-10-17-15-33-00 GMT-0400,253.0500030517578,253.0749969482422,253.0,253.0,253.0,10209
2022-10-17-15-34-00 GMT-0400,253.0,253.00430297851562,252.94000244140625,253.00430297851562,253.00430297851562,4232
2022-10-17-15-35-00 GMT-0400,253.00999450683594,253.0399932861328,252.97999572753906,253.00999450683594,253.00999450683594,4722
2022-10-17-15-36-00 GMT-0400,253.05999755859375,253.05999755859375,252.88999938964844,252.92999267578125,252.92999267578125,5822
2022-10-17-15-37-00 GMT-0400,252.9499969482422,253.0,252.9199981689453,253.0,253.0,4005
2022-10-17-15-38-00 GMT-0400,253.0,253.02999877929688,252.9199981689453,252.9199981689453,252.9199981689453,7589
2022-10-17-15-39-00 GMT-0400,252.9250030517578,252.99000549316406,252.91000366210938,252.99000549316406,252.99000549316406,3111
2022-10-17-15-40-00 GMT-0400,252.99000549316406,253.0800018310547,252.94000244140625,253.07000732421875,253.07000732421875,8637
2022-10-17-15-41-00 GMT-0400,253.07000732421875,253.14500427246094,253.0500030517578,253.14500427246094,253.14500427246094,5414
2022-10-17-15-42-00 GMT-0400,253.13999938964844,253.25999450683594,253.1199951171875,253.1699981689453,253.1699981689453,9736
2022-10-17-15-43-00 GMT-0400,253.2100067138672,253.2550048828125,253.2100067138672,253.25,253.25,6103
2022-10-17-15-44-00 GMT-0400,253.32000732421875,253.4199981689453,253.32000732421875,253.37770080566406,253.37770080566406,6426
2022-10-17-15-45-00 GMT-0400,253.36000061035156,253.4199981689453,253.33999633789062,253.39500427246094,253.39500427246094,4500
2022-10-17-15-46-00 GMT-0400,253.3699951171875,253.3699951171875,253.08999633789062,253.10000610351562,253.10000610351562,9835
2022-10-17-15-47-00 GMT-0400,253.0800018310547,253.1649932861328,253.0800018310547,253.13499450683594,253.13499450683594,6191
2022-10-17-15-48-00 GMT-0400,253.125,253.22000122070312,253.0449981689453,253.10000610351562,253.10000610351562,8566
2022-10-17-15-49-00 GMT-0400,253.10499572753906,253.17999267578125,252.97999572753906,252.97999572753906,252.97999572753906,8743
2022-10-17-15-50-00 GMT-0400,252.97000122070312,253.33999633789062,252.94000244140625,253.1699981689453,253.1699981689453,20429
2022-10-17-15-51-00 GMT-0400,253.1999969482422,253.30999755859375,253.10000610351562,253.10000610351562,253.10000610351562,12428
2022-10-17-15-52-00 GMT-0400,253.11500549316406,253.22000122070312,252.9949951171875,253.13999938964844,253.13999938964844,11892
2022-10-17-15-53-00 GMT-0400,253.13999938964844,253.14999389648438,252.97000122070312,252.97000122070312,252.97000122070312,25166
2022-10-17-15-54-00 GMT-0400,253.0,253.07000732421875,252.82000732421875,252.94000244140625,252.94000244140625,24070
2022-10-17-15-55-00 GMT-0400,252.92999267578125,253.08999633789062,252.6999969482422,252.74000549316406,252.74000549316406,30259
2022-10-17-15-56-00 GMT-0400,252.75999450683594,252.7899932861328,252.52999877929688,252.60000610351562,252.60000610351562,26396
2022-10-17-15-57-00 GMT-0400,252.61000061035156,252.63499450683594,252.5050048828125,252.5399932861328,252.5399932861328,26229
2022-10-17-15-58-00 GMT-0400,252.52999877929688,252.86000061035156,252.52999877929688,252.69500732421875,252.69500732421875,40713
2022-10-17-15-59-00 GMT-0400,252.74000549316406,252.9600067138672,252.74000549316406,252.89999389648438,252.89999389648438,77449
2022-10-17-16-00-00 GMT-0400,252.805,253.42,252.805,252.93,252.93,570123
2022-10-17-16-02-00 GMT-0400,253.0515,253.0515,253.0515,253.0515,253.0515,0
2022-10-17-16-04-00 GMT-0400,253.05,253.05,253.05,253.05,253.05,0
2022-10-17-16-05-00 GMT-0400,253.05,253.05,252.9211,252.9211,252.9211,0
2022-10-17-16-06-00 GMT-0400,253.44,253.44,253.44,253.44,253.44,0
2022-10-17-16-07-00 GMT-0400,252.93,252.93,252.92178,252.92178,252.92178,0
2022-10-17-16-10-00 GMT-0400,252.93,252.93,252.93,252.93,252.93,0
2022-10-17-16-13-00 GMT-0400,252.99,252.99,252.99,252.99,252.99,0
2022-10-17-16-14-00 GMT-0400,251.245,251.245,251.245,251.245,251.245,0
2022-10-17-16-15-00 GMT-0400,253.63,253.63,252.84,252.84,252.84,0
2022-10-17-16-24-00 GMT-0400,252.26,252.26,252.26,252.26,252.26,0
2022-10-17-16-27-00 GMT-0400,252.58,252.58,252.58,252.58,252.58,0
2022-10-17-17-01-00 GMT-0400,248.23,248.23,248.23,248.23,248.23,0
2022-10-17-17-54-00 GMT-0400,253.63,253.63,253.63,253.63,253.63,0
