Datetime,Open,High,Low,Close,Adj Close,Volume
2021-01-21-04-00-00 GMT-0500,130.0,130.0,130.0,130.0,130.0,0
2021-01-21-04-01-00 GMT-0500,130.02,130.02,130.02,130.02,130.02,0
2021-01-21-04-02-00 GMT-0500,130.88,130.88,130.88,130.88,130.88,0
2021-01-21-04-03-00 GMT-0500,130.04,131.0,130.04,130.5,130.5,0
2021-01-21-04-04-00 GMT-0500,131.0,131.0,131.0,131.0,131.0,0
2021-01-21-04-05-00 GMT-0500,131.01,131.5,131.0,131.5,131.5,0
2021-01-21-04-06-00 GMT-0500,131.5,131.5,131.06,131.5,131.5,0
2021-01-21-04-07-00 GMT-0500,131.5,131.5,131.0,131.0,131.0,0
2021-01-21-04-08-00 GMT-0500,131.01,131.01,130.5,130.5,130.5,0
2021-01-21-04-09-00 GMT-0500,130.39,130.98,130.08,130.08,130.08,0
2021-01-21-04-11-00 GMT-0500,130.21,130.21,130.21,130.21,130.21,0
2021-01-21-04-12-00 GMT-0500,130.27,130.27,130.27,130.27,130.27,0
2021-01-21-04-13-00 GMT-0500,130.5,130.88,130.5,130.88,130.88,0
2021-01-21-04-14-00 GMT-0500,130.87,130.87,130.35,130.35,130.35,0
2021-01-21-04-15-00 GMT-0500,130.82,130.88,130.82,130.88,130.88,0
2021-01-21-04-17-00 GMT-0500,130.88,130.98,130.88,130.98,130.98,0
2021-01-21-04-19-00 GMT-0500,130.9,130.98,130.9,130.98,130.98,0
2021-01-21-04-20-00 GMT-0500,131.19,131.3,130.98,130.98,130.98,0
2021-01-21-04-21-00 GMT-0500,131.3,131.3,131.3,131.3,131.3,0
2021-01-21-04-22-00 GMT-0500,131.3,131.3,131.0,131.0,131.0,0
2021-01-21-04-23-00 GMT-0500,130.98,131.0,130.98,131.0,131.0,0
2021-01-21-04-24-00 GMT-0500,131.04,131.04,131.0,131.0,131.0,0
2021-01-21-04-25-00 GMT-0500,130.98,131.0,130.98,130.98,130.98,0
2021-01-21-04-27-00 GMT-0500,130.98,130.98,130.88,130.88,130.88,0
2021-01-21-04-28-00 GMT-0500,130.87,130.87,130.7,130.7,130.7,0
2021-01-21-04-29-00 GMT-0500,130.7,130.7,130.7,130.7,130.7,0
2021-01-21-04-32-00 GMT-0500,130.7,130.8,130.7,130.77,130.77,0
2021-01-21-04-33-00 GMT-0500,130.71,130.79,130.7,130.79,130.79,0
2021-01-21-04-34-00 GMT-0500,130.63,130.8,130.6,130.8,130.8,0
2021-01-21-04-35-00 GMT-0500,130.8,130.8,130.78,130.78,130.78,0
2021-01-21-04-36-00 GMT-0500,130.8,130.8,130.8,130.8,130.8,0
2021-01-21-04-37-00 GMT-0500,130.78,130.8,130.61,130.61,130.61,0
2021-01-21-04-38-00 GMT-0500,130.8,130.8,130.76,130.76,130.76,0
2021-01-21-04-39-00 GMT-0500,130.76,130.76,130.76,130.76,130.76,0
2021-01-21-04-40-00 GMT-0500,130.76,130.76,130.76,130.76,130.76,0
2021-01-21-04-41-00 GMT-0500,130.76,130.76,130.6,130.73,130.73,0
2021-01-21-04-42-00 GMT-0500,130.61,130.61,130.61,130.61,130.61,0
2021-01-21-04-43-00 GMT-0500,130.61,130.73,130.61,130.73,130.73,0
2021-01-21-04-45-00 GMT-0500,130.66,130.66,130.61,130.61,130.61,0
2021-01-21-04-46-00 GMT-0500,130.61,130.61,130.61,130.61,130.61,0
2021-01-21-04-47-00 GMT-0500,130.61,130.61,130.61,130.61,130.61,0
2021-01-21-04-48-00 GMT-0500,130.61,130.61,130.61,130.61,130.61,0
2021-01-21-04-50-00 GMT-0500,130.61,130.61,130.61,130.61,130.61,0
2021-01-21-04-51-00 GMT-0500,130.61,130.61,130.61,130.61,130.61,0
2021-01-21-04-52-00 GMT-0500,130.61,130.61,130.61,130.61,130.61,0
2021-01-21-04-54-00 GMT-0500,130.61,130.61,130.61,130.61,130.61,0
2021-01-21-04-55-00 GMT-0500,130.6,130.6,130.39,130.4,130.4,0
2021-01-21-04-56-00 GMT-0500,130.45,130.49,130.45,130.49,130.49,0
2021-01-21-05-01-00 GMT-0500,130.11,130.11,130.08,130.08,130.08,0
2021-01-21-05-02-00 GMT-0500,130.08,130.45,130.08,130.45,130.45,0
2021-01-21-05-03-00 GMT-0500,130.08,130.35,130.08,130.25,130.25,0
2021-01-21-05-04-00 GMT-0500,130.09,130.09,130.09,130.09,130.09,0
2021-01-21-05-05-00 GMT-0500,130.09,130.09,130.09,130.09,130.09,0
2021-01-21-05-06-00 GMT-0500,130.09,130.09,130.09,130.09,130.09,0
2021-01-21-05-07-00 GMT-0500,130.1,130.1,130.1,130.1,130.1,0
2021-01-21-05-09-00 GMT-0500,130.26,130.26,130.2,130.2,130.2,0
2021-01-21-05-10-00 GMT-0500,130.1,130.2,130.1,130.2,130.2,0
2021-01-21-05-12-00 GMT-0500,130.43,130.45,130.43,130.45,130.45,0
2021-01-21-05-15-00 GMT-0500,130.2,130.2,130.0,130.0,130.0,0
2021-01-21-05-16-00 GMT-0500,130.0,130.0,130.0,130.0,130.0,0
2021-01-21-05-17-00 GMT-0500,130.01,130.01,130.01,130.01,130.01,0
2021-01-21-05-19-00 GMT-0500,130.34,130.39,130.34,130.39,130.39,0
2021-01-21-05-20-00 GMT-0500,130.04,130.04,130.04,130.04,130.04,0
2021-01-21-05-22-00 GMT-0500,130.2,130.2,130.17,130.19,130.19,0
2021-01-21-05-24-00 GMT-0500,130.19,130.19,130.19,130.19,130.19,0
2021-01-21-05-29-00 GMT-0500,130.2,130.2,130.2,130.2,130.2,0
2021-01-21-05-30-00 GMT-0500,130.2,130.2,130.2,130.2,130.2,0
2021-01-21-05-31-00 GMT-0500,130.4,130.48,130.4,130.48,130.48,0
2021-01-21-05-32-00 GMT-0500,130.48,130.48,130.48,130.48,130.48,0
2021-01-21-05-38-00 GMT-0500,130.4,130.47,130.4,130.47,130.47,0
2021-01-21-05-39-00 GMT-0500,130.46,130.46,130.46,130.46,130.46,0
2021-01-21-05-41-00 GMT-0500,130.26,130.26,130.26,130.26,130.26,0
2021-01-21-05-42-00 GMT-0500,130.26,130.26,130.2,130.2,130.2,0
2021-01-21-05-43-00 GMT-0500,130.23,130.23,130.19,130.19,130.19,0
2021-01-21-05-45-00 GMT-0500,130.2,130.2,130.15,130.15,130.15,0
2021-01-21-05-46-00 GMT-0500,130.15,130.15,130.0,130.0,130.0,0
2021-01-21-05-47-00 GMT-0500,130.0,130.0,129.85,129.87,129.87,0
2021-01-21-05-48-00 GMT-0500,129.86,129.86,129.85,129.85,129.85,0
2021-01-21-05-49-00 GMT-0500,129.85,129.85,129.85,129.85,129.85,0
2021-01-21-05-50-00 GMT-0500,129.85,129.85,129.8,129.85,129.85,0
2021-01-21-05-51-00 GMT-0500,130.14,130.14,130.14,130.14,130.14,0
2021-01-21-05-55-00 GMT-0500,130.11,130.14,130.0,130.0,130.0,0
2021-01-21-05-57-00 GMT-0500,129.9,129.9,129.79,129.79,129.79,0
2021-01-21-05-58-00 GMT-0500,129.71,129.71,129.71,129.71,129.71,0
2021-01-21-05-59-00 GMT-0500,129.7,129.7,129.7,129.7,129.7,0
2021-01-21-06-00-00 GMT-0500,129.7,129.7,129.66,129.66,129.66,0
2021-01-21-06-01-00 GMT-0500,129.6,129.6,129.59,129.59,129.59,0
2021-01-21-06-02-00 GMT-0500,129.55,129.55,129.5,129.5,129.5,0
2021-01-21-06-08-00 GMT-0500,129.5,129.5,129.5,129.5,129.5,0
2021-01-21-06-09-00 GMT-0500,129.45,129.45,129.45,129.45,129.45,0
2021-01-21-06-10-00 GMT-0500,129.45,129.45,129.45,129.45,129.45,0
2021-01-21-06-11-00 GMT-0500,129.45,129.7,129.45,129.7,129.7,0
2021-01-21-06-12-00 GMT-0500,129.7,129.7,129.7,129.7,129.7,0
2021-01-21-06-13-00 GMT-0500,129.7,129.7,129.65,129.65,129.65,0
2021-01-21-06-16-00 GMT-0500,129.43,129.43,129.4,129.4,129.4,0
2021-01-21-06-18-00 GMT-0500,129.39,129.39,129.39,129.39,129.39,0
2021-01-21-06-19-00 GMT-0500,129.35,129.35,128.97,129.0,129.0,0
2021-01-21-06-22-00 GMT-0500,129.03,129.03,128.88,128.88,128.88,0
2021-01-21-06-23-00 GMT-0500,128.88,129.0,128.88,129.0,129.0,0
2021-01-21-06-25-00 GMT-0500,129.0,129.0,129.0,129.0,129.0,0
2021-01-21-06-26-00 GMT-0500,129.0,129.0,129.0,129.0,129.0,0
2021-01-21-06-27-00 GMT-0500,128.99,129.07,128.99,129.07,129.07,0
2021-01-21-06-30-00 GMT-0500,129.11,129.11,129.11,129.11,129.11,0
2021-01-21-06-34-00 GMT-0500,129.2,129.2,129.2,129.2,129.2,0
2021-01-21-06-35-00 GMT-0500,129.2,129.2,129.2,129.2,129.2,0
2021-01-21-06-36-00 GMT-0500,129.35,129.35,129.35,129.35,129.35,0
2021-01-21-06-42-00 GMT-0500,129.6,129.75,129.6,129.75,129.75,0
2021-01-21-06-43-00 GMT-0500,129.72,129.74,129.72,129.73,129.73,0
2021-01-21-06-44-00 GMT-0500,129.75,129.75,129.75,129.75,129.75,0
2021-01-21-06-45-00 GMT-0500,129.79,129.8,129.79,129.8,129.8,0
2021-01-21-06-47-00 GMT-0500,129.93,129.99,129.8,129.8,129.8,0
2021-01-21-06-48-00 GMT-0500,129.8,129.8,129.8,129.8,129.8,0
2021-01-21-06-49-00 GMT-0500,129.8,129.8,129.8,129.8,129.8,0
2021-01-21-06-51-00 GMT-0500,129.8,129.8,129.8,129.8,129.8,0
2021-01-21-06-52-00 GMT-0500,129.8,129.8,129.8,129.8,129.8,0
2021-01-21-06-54-00 GMT-0500,129.9,129.9,129.9,129.9,129.9,0
2021-01-21-06-55-00 GMT-0500,129.9,129.99,129.9,129.99,129.99,0
2021-01-21-06-56-00 GMT-0500,129.99,129.99,129.99,129.99,129.99,0
2021-01-21-06-57-00 GMT-0500,129.99,130.0,129.99,130.0,130.0,0
2021-01-21-06-58-00 GMT-0500,130.15,130.15,130.15,130.15,130.15,0
2021-01-21-07-00-00 GMT-0500,130.47,130.47,129.44,129.83,129.83,0
2021-01-21-07-01-00 GMT-0500,129.44,129.83,129.09,129.21,129.21,0
2021-01-21-07-02-00 GMT-0500,129.25,129.25,129.25,129.25,129.25,0
2021-01-21-07-03-00 GMT-0500,129.08,129.27,129.08,129.27,129.27,0
2021-01-21-07-04-00 GMT-0500,129.27,129.27,129.27,129.27,129.27,0
2021-01-21-07-05-00 GMT-0500,130.0,130.0,130.0,130.0,130.0,0
2021-01-21-07-09-00 GMT-0500,129.52,129.52,129.52,129.52,129.52,0
2021-01-21-07-10-00 GMT-0500,129.57,129.57,129.57,129.57,129.57,0
2021-01-21-07-13-00 GMT-0500,129.81,129.81,129.69,129.73,129.73,0
2021-01-21-07-15-00 GMT-0500,129.68,129.68,129.68,129.68,129.68,0
2021-01-21-07-17-00 GMT-0500,129.98,130.44,129.76,130.44,130.44,0
2021-01-21-07-18-00 GMT-0500,130.44,130.44,130.44,130.44,130.44,0
2021-01-21-07-20-00 GMT-0500,130.41,130.41,130.41,130.41,130.41,0
2021-01-21-07-25-00 GMT-0500,130.41,130.41,130.41,130.41,130.41,0
2021-01-21-07-26-00 GMT-0500,130.39,130.39,129.65,129.65,129.65,0
2021-01-21-07-27-00 GMT-0500,130.0,130.0,129.57,129.57,129.57,0
2021-01-21-07-28-00 GMT-0500,129.61,129.69,129.61,129.69,129.69,0
2021-01-21-07-29-00 GMT-0500,129.98,129.98,129.98,129.98,129.98,0
2021-01-21-07-30-00 GMT-0500,130.09,130.09,129.98,130.09,130.09,0
2021-01-21-07-33-00 GMT-0500,130.0,130.0,130.0,130.0,130.0,0
2021-01-21-07-34-00 GMT-0500,129.99,129.99,129.99,129.99,129.99,0
2021-01-21-07-35-00 GMT-0500,129.99,129.99,129.99,129.99,129.99,0
2021-01-21-07-41-00 GMT-0500,129.99,129.99,129.98,129.98,129.98,0
2021-01-21-07-42-00 GMT-0500,129.99,129.99,129.99,129.99,129.99,0
2021-01-21-07-43-00 GMT-0500,129.91,129.98,129.89,129.89,129.89,0
2021-01-21-07-44-00 GMT-0500,129.97,129.98,129.97,129.98,129.98,0
2021-01-21-07-46-00 GMT-0500,129.93,129.93,129.93,129.93,129.93,0
2021-01-21-07-47-00 GMT-0500,129.91,129.91,129.91,129.91,129.91,0
2021-01-21-07-48-00 GMT-0500,129.94,129.99,129.71,129.81,129.81,0
2021-01-21-07-49-00 GMT-0500,129.99,129.99,129.99,129.99,129.99,0
2021-01-21-07-50-00 GMT-0500,130.0,130.0,129.99,129.99,129.99,0
2021-01-21-07-51-00 GMT-0500,129.98,129.98,129.9,129.9,129.9,0
2021-01-21-07-52-00 GMT-0500,129.83,129.9,129.73,129.73,129.73,0
2021-01-21-07-53-00 GMT-0500,129.69,129.83,129.69,129.83,129.83,0
2021-01-21-07-55-00 GMT-0500,129.9,129.9,129.83,129.83,129.83,0
2021-01-21-07-56-00 GMT-0500,129.9,129.9,129.9,129.9,129.9,0
2021-01-21-07-58-00 GMT-0500,129.9,129.9,129.9,129.9,129.9,0
2021-01-21-07-59-00 GMT-0500,129.9,129.99,129.9,129.99,129.99,0
2021-01-21-08-00-00 GMT-0500,130.429,130.4299,129.07,129.91,129.91,0
2021-01-21-08-01-00 GMT-0500,129.99,130.0,129.99,130.0,130.0,0
2021-01-21-08-02-00 GMT-0500,129.84,129.84,129.8,129.8,129.8,0
2021-01-21-08-03-00 GMT-0500,129.91,130.0,129.91,130.0,130.0,0
2021-01-21-08-04-00 GMT-0500,129.98,129.98,129.89,129.95,129.95,0
2021-01-21-08-05-00 GMT-0500,129.95,129.95,129.95,129.95,129.95,0
2021-01-21-08-06-00 GMT-0500,129.95,129.95,129.95,129.95,129.95,0
2021-01-21-08-07-00 GMT-0500,129.95,129.98,129.95,129.98,129.98,0
2021-01-21-08-08-00 GMT-0500,129.98,129.98,129.98,129.98,129.98,0
2021-01-21-08-09-00 GMT-0500,129.88,129.88,129.88,129.88,129.88,0
2021-01-21-08-10-00 GMT-0500,129.8799,129.8799,129.8799,129.8799,129.8799,0
2021-01-21-08-11-00 GMT-0500,129.88,129.98,129.88,129.98,129.98,0
2021-01-21-08-12-00 GMT-0500,129.87,129.98,129.87,129.96,129.96,0
2021-01-21-08-14-00 GMT-0500,129.9,129.9,129.9,129.9,129.9,0
2021-01-21-08-15-00 GMT-0500,129.9,129.9,129.89,129.89,129.89,0
2021-01-21-08-16-00 GMT-0500,129.89,129.98,129.89,129.98,129.98,0
2021-01-21-08-17-00 GMT-0500,129.97,129.98,129.97,129.97,129.97,0
2021-01-21-08-18-00 GMT-0500,129.98,129.98,129.91,129.91,129.91,0
2021-01-21-08-19-00 GMT-0500,129.98,129.98,129.97,129.98,129.98,0
2021-01-21-08-21-00 GMT-0500,129.98,129.98,129.98,129.98,129.98,0
2021-01-21-08-22-00 GMT-0500,129.98,129.98,129.97,129.97,129.97,0
2021-01-21-08-23-00 GMT-0500,129.98,129.99,129.88,129.88,129.88,0
2021-01-21-08-24-00 GMT-0500,129.88,129.88,129.8,129.8,129.8,0
2021-01-21-08-26-00 GMT-0500,129.97,129.97,129.82,129.91,129.91,0
2021-01-21-08-27-00 GMT-0500,129.89,129.97,129.89,129.97,129.97,0
2021-01-21-08-28-00 GMT-0500,129.89,129.89,129.89,129.89,129.89,0
2021-01-21-08-30-00 GMT-0500,129.88,129.88,129.88,129.88,129.88,0
2021-01-21-08-31-00 GMT-0500,129.86,129.87,129.85,129.87,129.87,0
2021-01-21-08-32-00 GMT-0500,129.88,129.88,129.8698,129.88,129.88,0
2021-01-21-08-33-00 GMT-0500,129.88,129.9,129.88,129.9,129.9,0
2021-01-21-08-34-00 GMT-0500,129.97,129.97,129.97,129.97,129.97,0
2021-01-21-08-35-00 GMT-0500,130.0,130.0,129.95,129.99,129.99,0
2021-01-21-08-36-00 GMT-0500,129.95,129.99,129.95,129.99,129.99,0
2021-01-21-08-37-00 GMT-0500,129.95,130.0,129.95,130.0,130.0,0
2021-01-21-08-38-00 GMT-0500,129.99,129.99,129.99,129.99,129.99,0
2021-01-21-08-39-00 GMT-0500,129.99,129.99,129.91,129.92,129.92,0
2021-01-21-08-40-00 GMT-0500,129.92,129.92,129.73,129.73,129.73,0
2021-01-21-08-41-00 GMT-0500,129.87,129.87,129.87,129.87,129.87,0
2021-01-21-08-42-00 GMT-0500,129.87,129.92,129.87,129.92,129.92,0
2021-01-21-08-43-00 GMT-0500,129.92,129.92,129.91,129.92,129.92,0
2021-01-21-08-44-00 GMT-0500,129.91,129.92,129.91,129.91,129.91,0
2021-01-21-08-45-00 GMT-0500,129.91,129.91,129.83,129.83,129.83,0
2021-01-21-08-46-00 GMT-0500,129.88,129.91,129.5,129.57,129.57,0
2021-01-21-08-47-00 GMT-0500,129.57,129.67,129.0,129.0,129.0,0
2021-01-21-08-48-00 GMT-0500,128.88,129.03,128.88,128.99,128.99,0
2021-01-21-08-49-00 GMT-0500,128.99,129.0,128.99,129.0,129.0,0
2021-01-21-08-50-00 GMT-0500,129.1,129.1,128.87,128.87,128.87,0
2021-01-21-08-51-00 GMT-0500,128.9,128.9,128.68,128.7,128.7,0
2021-01-21-08-52-00 GMT-0500,128.95,129.0,128.95,129.0,129.0,0
2021-01-21-08-53-00 GMT-0500,129.03,129.03,129.0,129.0,129.0,0
2021-01-21-08-54-00 GMT-0500,128.99,129.0,128.86,128.86,128.86,0
2021-01-21-08-55-00 GMT-0500,129.0,129.5,128.9,129.5,129.5,0
2021-01-21-08-56-00 GMT-0500,128.96,128.96,128.87,128.87,128.87,0
2021-01-21-08-57-00 GMT-0500,128.91,128.91,128.9,128.9,128.9,0
2021-01-21-08-58-00 GMT-0500,128.9,129.92,128.9,129.89,129.89,0
2021-01-21-08-59-00 GMT-0500,129.31,129.9,129.31,129.9,129.9,0
2021-01-21-09-00-00 GMT-0500,129.9,129.9,129.0,129.8,129.8,0
2021-01-21-09-01-00 GMT-0500,129.79,129.8,129.27,129.4,129.4,0
2021-01-21-09-02-00 GMT-0500,129.39,129.5,129.39,129.5,129.5,0
2021-01-21-09-03-00 GMT-0500,129.4,129.5,129.27,129.27,129.27,0
2021-01-21-09-04-00 GMT-0500,129.29,129.74,129.29,129.58,129.58,0
2021-01-21-09-05-00 GMT-0500,129.74,129.74,129.42,129.5,129.5,0
2021-01-21-09-06-00 GMT-0500,129.74,129.74,129.43,129.43,129.43,0
2021-01-21-09-07-00 GMT-0500,129.74,129.74,129.0,129.31,129.31,0
2021-01-21-09-08-00 GMT-0500,129.47,129.71,129.05,129.09,129.09,0
2021-01-21-09-09-00 GMT-0500,129.74,129.74,129.08,129.74,129.74,0
2021-01-21-09-10-00 GMT-0500,129.1,129.74,129.08,129.08,129.08,0
2021-01-21-09-11-00 GMT-0500,129.05,129.74,129.05,129.74,129.74,0
2021-01-21-09-12-00 GMT-0500,129.05,129.74,129.05,129.08,129.08,0
2021-01-21-09-13-00 GMT-0500,129.74,129.74,127.8,127.8,127.8,0
2021-01-21-09-14-00 GMT-0500,129.1,129.74,129.04,129.1,129.1,0
2021-01-21-09-15-00 GMT-0500,129.1,129.74,129.1,129.74,129.74,0
2021-01-21-09-16-00 GMT-0500,129.5,129.69,129.1,129.44,129.44,0
2021-01-21-09-17-00 GMT-0500,129.5,129.5,129.05,129.05,129.05,0
2021-01-21-09-18-00 GMT-0500,129.36,129.5,129.01,129.04,129.04,0
2021-01-21-09-19-00 GMT-0500,129.39,129.39,129.0,129.0,129.0,0
2021-01-21-09-20-00 GMT-0500,129.0,129.0,128.89,129.0,129.0,0
2021-01-21-09-21-00 GMT-0500,128.87,128.9,128.71,128.8,128.8,0
2021-01-21-09-22-00 GMT-0500,128.8,128.8,128.61,128.61,128.61,0
2021-01-21-09-23-00 GMT-0500,128.61,128.7,128.39,128.39,128.39,0
2021-01-21-09-24-00 GMT-0500,128.39,128.39,128.0,128.15,128.15,0
2021-01-21-09-25-00 GMT-0500,128.0,128.18,128.0,128.0004,128.0004,0
2021-01-21-09-26-00 GMT-0500,128.05,128.18,128.0,128.0,128.0,0
2021-01-21-09-27-00 GMT-0500,128.05,128.35,128.0,128.2,128.2,0
2021-01-21-09-28-00 GMT-0500,128.52,129.49,128.52,128.89,128.89,0
2021-01-21-09-29-00 GMT-0500,129.19,129.5,129.19,129.4,129.4,0
2021-01-21-09-30-00 GMT-0500,129.14999389648438,130.5,129.0,130.27999877929688,130.27999877929688,250572
2021-01-21-09-31-00 GMT-0500,129.60000610351562,129.6699981689453,128.5,128.5399932861328,128.5399932861328,58950
2021-01-21-09-32-00 GMT-0500,128.8000030517578,128.8000030517578,125.62999725341797,125.81999969482422,125.81999969482422,97002
2021-01-21-09-33-00 GMT-0500,125.81999969482422,126.94999694824219,125.81009674072266,126.80999755859375,126.80999755859375,23076
2021-01-21-09-34-00 GMT-0500,126.69000244140625,126.69000244140625,125.30999755859375,125.44000244140625,125.44000244140625,33071
2021-01-21-09-35-00 GMT-0500,125.83999633789062,126.4000015258789,125.83999633789062,126.16999816894531,126.16999816894531,37518
2021-01-21-09-36-00 GMT-0500,126.16999816894531,126.5,125.57929992675781,125.9800033569336,125.9800033569336,37058
2021-01-21-09-37-00 GMT-0500,126.0,127.08000183105469,126.0,126.8499984741211,126.8499984741211,39337
2021-01-21-09-38-00 GMT-0500,126.6500015258789,127.79000091552734,126.6500015258789,127.73999786376953,127.73999786376953,14826
2021-01-21-09-39-00 GMT-0500,127.25,127.25,126.3499984741211,126.62000274658203,126.62000274658203,36774
2021-01-21-09-40-00 GMT-0500,126.43499755859375,127.02999877929688,126.2750015258789,126.48999786376953,126.48999786376953,23465
2021-01-21-09-41-00 GMT-0500,126.5999984741211,127.0,126.3949966430664,126.42009735107422,126.42009735107422,15920
2021-01-21-09-42-00 GMT-0500,126.0,126.23999786376953,125.9000015258789,126.23999786376953,126.23999786376953,24850
2021-01-21-09-43-00 GMT-0500,126.30999755859375,126.93000030517578,126.30999755859375,126.66799926757812,126.66799926757812,22805
2021-01-21-09-44-00 GMT-0500,126.18000030517578,126.18000030517578,126.12000274658203,126.16500091552734,126.16500091552734,17935
2021-01-21-09-45-00 GMT-0500,126.0999984741211,126.0999984741211,125.6500015258789,125.77999877929688,125.77999877929688,14762
2021-01-21-09-46-00 GMT-0500,125.8499984741211,125.8499984741211,125.12000274658203,125.12000274658203,125.12000274658203,26298
2021-01-21-09-47-00 GMT-0500,125.5,126.12000274658203,125.5,125.94000244140625,125.94000244140625,37244
2021-01-21-09-48-00 GMT-0500,125.37999725341797,126.02999877929688,125.30000305175781,125.37999725341797,125.37999725341797,25204
2021-01-21-09-49-00 GMT-0500,125.37999725341797,125.76000213623047,124.78500366210938,125.04000091552734,125.04000091552734,47006
2021-01-21-09-50-00 GMT-0500,124.5,124.76000213623047,124.20999908447266,124.46109771728516,124.46109771728516,37015
2021-01-21-09-51-00 GMT-0500,124.44000244140625,124.69999694824219,124.44000244140625,124.62999725341797,124.62999725341797,27261
2021-01-21-09-52-00 GMT-0500,124.01000213623047,124.37000274658203,123.88999938964844,123.88999938964844,123.88999938964844,39111
2021-01-21-09-53-00 GMT-0500,123.86499786376953,124.15499877929688,123.83000183105469,124.06999969482422,124.06999969482422,24526
2021-01-21-09-54-00 GMT-0500,123.0,123.42569732666016,123.0,123.1449966430664,123.1449966430664,74523
2021-01-21-09-55-00 GMT-0500,123.0,123.0,122.62999725341797,122.91999816894531,122.91999816894531,28623
2021-01-21-09-56-00 GMT-0500,123.0,123.72000122070312,122.93499755859375,123.37000274658203,123.37000274658203,34052
2021-01-21-09-57-00 GMT-0500,123.52999877929688,123.64839935302734,123.34140014648438,123.41999816894531,123.41999816894531,26292
2021-01-21-09-58-00 GMT-0500,123.87999725341797,124.16999816894531,123.375,123.73999786376953,123.73999786376953,73474
2021-01-21-09-59-00 GMT-0500,123.80000305175781,124.5,123.69499969482422,124.44999694824219,124.44999694824219,19038
2021-01-21-10-00-00 GMT-0500,124.48999786376953,124.66999816894531,123.80000305175781,123.88999938964844,123.88999938964844,23602
2021-01-21-10-01-00 GMT-0500,123.86000061035156,123.86000061035156,123.51000213623047,123.70500183105469,123.70500183105469,32762
2021-01-21-10-02-00 GMT-0500,123.84870147705078,123.9000015258789,123.5,123.5999984741211,123.5999984741211,24718
2021-01-21-10-03-00 GMT-0500,123.56500244140625,123.73249816894531,123.44999694824219,123.58000183105469,123.58000183105469,15009
2021-01-21-10-04-00 GMT-0500,123.58000183105469,123.81999969482422,123.2300033569336,123.37999725341797,123.37999725341797,38584
2021-01-21-10-05-00 GMT-0500,123.33000183105469,123.80999755859375,123.33000183105469,123.5,123.5,27594
2021-01-21-10-06-00 GMT-0500,123.47000122070312,123.66000366210938,123.2300033569336,123.23999786376953,123.23999786376953,19003
2021-01-21-10-07-00 GMT-0500,123.2300033569336,123.5,123.0999984741211,123.2499008178711,123.2499008178711,31546
2021-01-21-10-08-00 GMT-0500,123.1500015258789,123.70999908447266,123.1500015258789,123.49500274658203,123.49500274658203,43737
2021-01-21-10-09-00 GMT-0500,123.52999877929688,123.69000244140625,123.26499938964844,123.44000244140625,123.44000244140625,24885
2021-01-21-10-10-00 GMT-0500,123.41000366210938,123.55999755859375,123.19999694824219,123.41999816894531,123.41999816894531,28149
2021-01-21-10-11-00 GMT-0500,123.44499969482422,123.5,123.18000030517578,123.30999755859375,123.30999755859375,30337
2021-01-21-10-12-00 GMT-0500,123.2300033569336,123.69999694824219,122.93000030517578,123.31999969482422,123.31999969482422,53207
2021-01-21-10-13-00 GMT-0500,123.37999725341797,123.53500366210938,122.61000061035156,122.76000213623047,122.76000213623047,34059
2021-01-21-10-14-00 GMT-0500,122.69999694824219,122.69999694824219,121.76499938964844,122.1050033569336,122.1050033569336,98367
2021-01-21-10-15-00 GMT-0500,122.20999908447266,123.63999938964844,122.05000305175781,123.37010192871094,123.37010192871094,38133
2021-01-21-10-16-00 GMT-0500,123.5,123.5,122.62999725341797,122.88500213623047,122.88500213623047,52747
2021-01-21-10-17-00 GMT-0500,122.83999633789062,123.12999725341797,122.5,122.94000244140625,122.94000244140625,48521
2021-01-21-10-18-00 GMT-0500,123.02999877929688,123.25,122.802001953125,123.0,123.0,92904
2021-01-21-10-19-00 GMT-0500,123.02799987792969,123.22000122070312,122.80059814453125,122.95010375976562,122.95010375976562,67707
2021-01-21-10-20-00 GMT-0500,123.02999877929688,123.08000183105469,122.27999877929688,122.80999755859375,122.80999755859375,76429
2021-01-21-10-21-00 GMT-0500,122.5,122.61000061035156,122.0199966430664,122.33000183105469,122.33000183105469,43088
2021-01-21-10-22-00 GMT-0500,122.5,122.58999633789062,122.16000366210938,122.37000274658203,122.37000274658203,39463
2021-01-21-10-23-00 GMT-0500,122.4000015258789,123.13999938964844,122.30999755859375,123.0199966430664,123.0199966430664,57648
2021-01-21-10-24-00 GMT-0500,122.83000183105469,123.2300033569336,122.7300033569336,123.1500015258789,123.1500015258789,43507
2021-01-21-10-25-00 GMT-0500,123.16000366210938,123.2300033569336,122.72000122070312,122.8499984741211,122.8499984741211,44910
2021-01-21-10-26-00 GMT-0500,122.8499984741211,122.9000015258789,122.37999725341797,122.5,122.5,38152
2021-01-21-10-27-00 GMT-0500,122.5999984741211,122.91000366210938,122.51000213623047,122.77999877929688,122.77999877929688,23317
2021-01-21-10-28-00 GMT-0500,122.78500366210938,123.0,122.75,122.98989868164062,122.98989868164062,12935
2021-01-21-10-29-00 GMT-0500,122.98989868164062,122.98989868164062,122.62999725341797,122.62999725341797,122.62999725341797,14356
2021-01-21-10-30-00 GMT-0500,122.62000274658203,123.05000305175781,122.62000274658203,123.02999877929688,123.02999877929688,25669
2021-01-21-10-31-00 GMT-0500,123.01000213623047,123.29000091552734,122.95999908447266,123.04850006103516,123.04850006103516,17655
2021-01-21-10-32-00 GMT-0500,123.01000213623047,124.03990173339844,123.01000213623047,123.95999908447266,123.95999908447266,32467
2021-01-21-10-33-00 GMT-0500,123.9000015258789,124.04000091552734,123.69999694824219,123.80000305175781,123.80000305175781,24055
2021-01-21-10-34-00 GMT-0500,123.8499984741211,123.8499984741211,123.62000274658203,123.76499938964844,123.76499938964844,10569
2021-01-21-10-35-00 GMT-0500,123.80500030517578,123.8499984741211,123.56999969482422,123.56999969482422,123.56999969482422,15165
2021-01-21-10-36-00 GMT-0500,123.63999938964844,123.63999938964844,123.29000091552734,123.37000274658203,123.37000274658203,10079
2021-01-21-10-37-00 GMT-0500,123.36000061035156,123.43000030517578,123.06999969482422,123.2300033569336,123.2300033569336,12564
2021-01-21-10-38-00 GMT-0500,123.12000274658203,123.2300033569336,122.91000366210938,123.01000213623047,123.01000213623047,10898
2021-01-21-10-39-00 GMT-0500,123.0999984741211,123.66999816894531,123.0999984741211,123.55999755859375,123.55999755859375,11435
2021-01-21-10-40-00 GMT-0500,123.37999725341797,123.8499984741211,123.3499984741211,123.6500015258789,123.6500015258789,15692
2021-01-21-10-41-00 GMT-0500,123.61000061035156,123.8499984741211,123.21499633789062,123.41999816894531,123.41999816894531,15274
2021-01-21-10-42-00 GMT-0500,123.36000061035156,123.81999969482422,123.25,123.6500015258789,123.6500015258789,6143
2021-01-21-10-43-00 GMT-0500,123.6500015258789,123.83000183105469,123.41999816894531,123.73999786376953,123.73999786376953,15696
2021-01-21-10-44-00 GMT-0500,123.75,123.77999877929688,123.44999694824219,123.58000183105469,123.58000183105469,14135
2021-01-21-10-45-00 GMT-0500,123.61000061035156,123.80000305175781,123.58999633789062,123.72000122070312,123.72000122070312,11637
2021-01-21-10-46-00 GMT-0500,123.63999938964844,124.18000030517578,123.63999938964844,123.97059631347656,123.97059631347656,31785
2021-01-21-10-47-00 GMT-0500,123.9800033569336,124.08499908447266,123.62000274658203,123.96219635009766,123.96219635009766,43863
2021-01-21-10-48-00 GMT-0500,124.0199966430664,124.3499984741211,123.76499938964844,124.05999755859375,124.05999755859375,105928
2021-01-21-10-49-00 GMT-0500,123.98999786376953,124.30239868164062,123.94999694824219,124.0999984741211,124.0999984741211,66326
2021-01-21-10-50-00 GMT-0500,124.05999755859375,124.79940032958984,124.0,124.70999908447266,124.70999908447266,89461
2021-01-21-10-51-00 GMT-0500,124.70800018310547,125.06500244140625,124.70800018310547,124.80999755859375,124.80999755859375,65734
2021-01-21-10-52-00 GMT-0500,124.80000305175781,125.12999725341797,124.62999725341797,124.98500061035156,124.98500061035156,20446
2021-01-21-10-53-00 GMT-0500,125.0,125.06999969482422,124.6500015258789,124.66999816894531,124.66999816894531,17824
2021-01-21-10-54-00 GMT-0500,124.72000122070312,124.72000122070312,124.30000305175781,124.30999755859375,124.30999755859375,20614
2021-01-21-10-55-00 GMT-0500,124.30999755859375,124.5999984741211,124.09500122070312,124.09500122070312,124.09500122070312,34221
2021-01-21-10-56-00 GMT-0500,124.0999984741211,124.56999969482422,124.0999984741211,124.12000274658203,124.12000274658203,26656
2021-01-21-10-57-00 GMT-0500,124.1449966430664,124.36000061035156,124.05999755859375,124.2300033569336,124.2300033569336,19584
2021-01-21-10-58-00 GMT-0500,124.2300033569336,124.61000061035156,124.08000183105469,124.1500015258789,124.1500015258789,24113
2021-01-21-10-59-00 GMT-0500,124.16000366210938,124.55999755859375,124.052001953125,124.19999694824219,124.19999694824219,37227
2021-01-21-11-00-00 GMT-0500,124.27140045166016,124.63590240478516,124.05999755859375,124.13999938964844,124.13999938964844,58401
2021-01-21-11-01-00 GMT-0500,124.17500305175781,124.25,124.08879852294922,124.08879852294922,124.08879852294922,8474
2021-01-21-11-02-00 GMT-0500,124.05999755859375,124.2300033569336,123.93350219726562,123.94999694824219,123.94999694824219,12262
2021-01-21-11-03-00 GMT-0500,123.94999694824219,123.94999694824219,123.61000061035156,123.62000274658203,123.62000274658203,16153
2021-01-21-11-04-00 GMT-0500,123.6500015258789,123.76000213623047,123.43000030517578,123.625,123.625,49825
2021-01-21-11-05-00 GMT-0500,123.62999725341797,123.62999725341797,123.41000366210938,123.4800033569336,123.4800033569336,5810
2021-01-21-11-06-00 GMT-0500,123.43000030517578,123.43000030517578,123.19999694824219,123.38999938964844,123.38999938964844,21871
2021-01-21-11-07-00 GMT-0500,123.29499816894531,123.37000274658203,123.0,123.27999877929688,123.27999877929688,30767
2021-01-21-11-08-00 GMT-0500,123.0999984741211,123.47000122070312,122.98999786376953,123.33999633789062,123.33999633789062,8997
2021-01-21-11-09-00 GMT-0500,123.30000305175781,123.56990051269531,123.25,123.55000305175781,123.55000305175781,3439
2021-01-21-11-10-00 GMT-0500,123.5,123.80000305175781,123.46499633789062,123.71499633789062,123.71499633789062,18982
2021-01-21-11-11-00 GMT-0500,123.6500015258789,124.16000366210938,123.55400085449219,123.62000274658203,123.62000274658203,25615
2021-01-21-11-12-00 GMT-0500,123.62000274658203,123.99939727783203,123.5,123.52999877929688,123.52999877929688,20539
2021-01-21-11-13-00 GMT-0500,123.54299926757812,123.7699966430664,123.5,123.69000244140625,123.69000244140625,9020
2021-01-21-11-14-00 GMT-0500,123.68499755859375,123.72000122070312,123.44020080566406,123.5,123.5,23740
2021-01-21-11-15-00 GMT-0500,123.44999694824219,123.7300033569336,123.44999694824219,123.58000183105469,123.58000183105469,17551
2021-01-21-11-16-00 GMT-0500,123.55000305175781,123.69999694824219,123.55000305175781,123.69999694824219,123.69999694824219,5394
2021-01-21-11-17-00 GMT-0500,123.72000122070312,123.7699966430664,123.5999984741211,123.68000030517578,123.68000030517578,23870
2021-01-21-11-18-00 GMT-0500,123.68000030517578,123.7699966430664,123.5999984741211,123.5999984741211,123.5999984741211,6637
2021-01-21-11-19-00 GMT-0500,123.7699966430664,123.7699966430664,123.52999877929688,123.68000030517578,123.68000030517578,20430
2021-01-21-11-20-00 GMT-0500,123.6604995727539,123.66999816894531,123.45999908447266,123.58999633789062,123.58999633789062,31635
2021-01-21-11-21-00 GMT-0500,123.55000305175781,123.55999755859375,123.33499908447266,123.33499908447266,123.33499908447266,11042
2021-01-21-11-22-00 GMT-0500,123.41999816894531,123.76000213623047,123.375,123.56500244140625,123.56500244140625,5468
2021-01-21-11-23-00 GMT-0500,123.66999816894531,123.7699966430664,123.51000213623047,123.5199966430664,123.5199966430664,4401
2021-01-21-11-24-00 GMT-0500,123.52999877929688,123.68499755859375,123.43000030517578,123.43000030517578,123.43000030517578,19568
2021-01-21-11-25-00 GMT-0500,123.48999786376953,123.5,123.33000183105469,123.4000015258789,123.4000015258789,8031
2021-01-21-11-26-00 GMT-0500,123.44999694824219,123.63500213623047,123.44999694824219,123.51249694824219,123.51249694824219,13604
2021-01-21-11-27-00 GMT-0500,123.4800033569336,123.5,123.11000061035156,123.12000274658203,123.12000274658203,23485
2021-01-21-11-28-00 GMT-0500,123.12999725341797,123.44000244140625,123.12999725341797,123.41000366210938,123.41000366210938,4947
2021-01-21-11-29-00 GMT-0500,123.43000030517578,123.48999786376953,123.16999816894531,123.3499984741211,123.3499984741211,4796
2021-01-21-11-30-00 GMT-0500,123.38999938964844,123.66999816894531,123.38999938964844,123.5,123.5,12375
2021-01-21-11-31-00 GMT-0500,123.5,123.5,123.2699966430664,123.5,123.5,4572
2021-01-21-11-32-00 GMT-0500,123.4000015258789,123.62999725341797,123.37000274658203,123.5199966430664,123.5199966430664,12138
2021-01-21-11-33-00 GMT-0500,123.4000015258789,123.44999694824219,123.2699966430664,123.2699966430664,123.2699966430664,6439
2021-01-21-11-34-00 GMT-0500,123.30999755859375,123.37000274658203,123.19999694824219,123.19999694824219,123.19999694824219,3673
2021-01-21-11-35-00 GMT-0500,123.19000244140625,123.36000061035156,123.11000061035156,123.20999908447266,123.20999908447266,4167
2021-01-21-11-36-00 GMT-0500,123.21019744873047,123.51000213623047,123.06999969482422,123.4000015258789,123.4000015258789,10641
2021-01-21-11-37-00 GMT-0500,123.4000015258789,123.55999755859375,123.33999633789062,123.48999786376953,123.48999786376953,9259
2021-01-21-11-38-00 GMT-0500,123.44110107421875,123.62000274658203,123.44110107421875,123.5,123.5,13209
2021-01-21-11-39-00 GMT-0500,123.4000015258789,124.0,123.4000015258789,124.0,124.0,4543
2021-01-21-11-40-00 GMT-0500,124.0,124.44000244140625,123.94000244140625,124.37000274658203,124.37000274658203,7893
2021-01-21-11-41-00 GMT-0500,124.38999938964844,124.75,124.3499984741211,124.41999816894531,124.41999816894531,10281
2021-01-21-11-42-00 GMT-0500,124.32499694824219,124.4000015258789,124.26000213623047,124.36000061035156,124.36000061035156,4762
2021-01-21-11-43-00 GMT-0500,124.25,124.5999984741211,124.25,124.5,124.5,4358
2021-01-21-11-44-00 GMT-0500,124.52999877929688,124.55000305175781,124.30000305175781,124.30999755859375,124.30999755859375,6157
2021-01-21-11-45-00 GMT-0500,124.33999633789062,124.4800033569336,124.31999969482422,124.4800033569336,124.4800033569336,5314
2021-01-21-11-46-00 GMT-0500,124.48999786376953,124.5,124.18000030517578,124.20999908447266,124.20999908447266,15380
2021-01-21-11-47-00 GMT-0500,124.24500274658203,124.31999969482422,124.20500183105469,124.30000305175781,124.30000305175781,3483
2021-01-21-11-48-00 GMT-0500,124.27999877929688,124.31999969482422,124.13999938964844,124.20999908447266,124.20999908447266,6084
2021-01-21-11-49-00 GMT-0500,124.16000366210938,124.20999908447266,124.0999984741211,124.10199737548828,124.10199737548828,4420
2021-01-21-11-50-00 GMT-0500,124.13999938964844,124.19999694824219,123.94999694824219,124.01499938964844,124.01499938964844,14484
2021-01-21-11-51-00 GMT-0500,124.0,124.0999984741211,123.9186019897461,123.93000030517578,123.93000030517578,4404
2021-01-21-11-52-00 GMT-0500,123.93000030517578,124.05000305175781,123.88999938964844,124.01000213623047,124.01000213623047,7725
2021-01-21-11-53-00 GMT-0500,123.99530029296875,124.02110290527344,123.83999633789062,124.02110290527344,124.02110290527344,4291
2021-01-21-11-54-00 GMT-0500,124.06999969482422,124.12999725341797,124.0,124.08000183105469,124.08000183105469,4779
2021-01-21-11-55-00 GMT-0500,124.08999633789062,124.0999984741211,123.91000366210938,123.94999694824219,123.94999694824219,4048
2021-01-21-11-56-00 GMT-0500,123.91999816894531,124.04499816894531,123.87000274658203,124.04499816894531,124.04499816894531,5183
2021-01-21-11-57-00 GMT-0500,124.05000305175781,124.05000305175781,123.87999725341797,123.87999725341797,123.87999725341797,1744
2021-01-21-11-58-00 GMT-0500,123.89769744873047,123.98999786376953,123.80999755859375,123.98999786376953,123.98999786376953,5449
2021-01-21-11-59-00 GMT-0500,123.96499633789062,123.96499633789062,123.80999755859375,123.8499984741211,123.8499984741211,1962
2021-01-21-12-00-00 GMT-0500,123.88999938964844,124.0,123.85299682617188,124.0,124.0,3937
2021-01-21-12-01-00 GMT-0500,123.87999725341797,123.87999725341797,123.73500061035156,123.73500061035156,123.73500061035156,2260
2021-01-21-12-02-00 GMT-0500,123.76000213623047,123.91000366210938,123.76000213623047,123.91000366210938,123.91000366210938,3322
2021-01-21-12-03-00 GMT-0500,123.79350280761719,123.87999725341797,123.7300033569336,123.81999969482422,123.81999969482422,3857
2021-01-21-12-04-00 GMT-0500,123.93000030517578,123.93000030517578,123.83000183105469,123.88999938964844,123.88999938964844,2060
2021-01-21-12-05-00 GMT-0500,123.91000366210938,124.0199966430664,123.83000183105469,123.9800033569336,123.9800033569336,7128
2021-01-21-12-06-00 GMT-0500,123.96499633789062,124.00859832763672,123.94000244140625,124.00859832763672,124.00859832763672,3143
2021-01-21-12-07-00 GMT-0500,123.9800033569336,124.3499984741211,123.91000366210938,124.3499984741211,124.3499984741211,6924
2021-01-21-12-08-00 GMT-0500,124.27999877929688,124.27999877929688,124.11499786376953,124.11499786376953,124.11499786376953,3944
2021-01-21-12-09-00 GMT-0500,124.19999694824219,124.3499984741211,124.04000091552734,124.04000091552734,124.04000091552734,11562
2021-01-21-12-10-00 GMT-0500,124.11000061035156,124.11000061035156,123.98500061035156,124.0,124.0,4483
2021-01-21-12-11-00 GMT-0500,123.94000244140625,123.98500061035156,123.93000030517578,123.94000244140625,123.94000244140625,3339
2021-01-21-12-12-00 GMT-0500,124.02999877929688,124.05999755859375,123.69000244140625,123.80999755859375,123.80999755859375,12619
2021-01-21-12-13-00 GMT-0500,123.80999755859375,123.80999755859375,123.69999694824219,123.80999755859375,123.80999755859375,1669
2021-01-21-12-14-00 GMT-0500,123.80999755859375,123.80999755859375,123.7699966430664,123.80999755859375,123.80999755859375,3094
2021-01-21-12-15-00 GMT-0500,123.77999877929688,123.77999877929688,123.56999969482422,123.56999969482422,123.56999969482422,2975
2021-01-21-12-16-00 GMT-0500,123.62999725341797,123.62999725341797,123.4000015258789,123.5199966430664,123.5199966430664,7234
2021-01-21-12-17-00 GMT-0500,123.48999786376953,123.48999786376953,123.4000015258789,123.45999908447266,123.45999908447266,4602
2021-01-21-12-18-00 GMT-0500,123.48999786376953,123.5,123.30000305175781,123.30000305175781,123.30000305175781,4828
2021-01-21-12-19-00 GMT-0500,123.2334976196289,123.2334976196289,123.12000274658203,123.16999816894531,123.16999816894531,13069
2021-01-21-12-20-00 GMT-0500,123.11000061035156,123.19860076904297,122.9000015258789,122.91999816894531,122.91999816894531,23463
2021-01-21-12-21-00 GMT-0500,123.0,123.08000183105469,122.9000015258789,123.08000183105469,123.08000183105469,6156
2021-01-21-12-22-00 GMT-0500,123.08000183105469,123.08000183105469,123.0,123.06999969482422,123.06999969482422,2500
2021-01-21-12-23-00 GMT-0500,123.08000183105469,123.08999633789062,122.87999725341797,122.9800033569336,122.9800033569336,4921
2021-01-21-12-24-00 GMT-0500,122.97000122070312,122.97000122070312,122.70999908447266,122.70999908447266,122.70999908447266,6745
2021-01-21-12-25-00 GMT-0500,122.69000244140625,122.73999786376953,122.56999969482422,122.5999984741211,122.5999984741211,7765
2021-01-21-12-26-00 GMT-0500,122.62999725341797,122.62999725341797,122.08000183105469,122.0999984741211,122.0999984741211,33413
2021-01-21-12-27-00 GMT-0500,122.2699966430664,122.37999725341797,122.0,122.16010284423828,122.16010284423828,27695
2021-01-21-12-28-00 GMT-0500,122.22000122070312,122.29000091552734,121.7699966430664,121.7699966430664,121.7699966430664,64913
2021-01-21-12-29-00 GMT-0500,121.8291015625,122.13999938964844,121.79000091552734,122.08000183105469,122.08000183105469,16207
2021-01-21-12-30-00 GMT-0500,122.05999755859375,122.19999694824219,121.94409942626953,122.16899871826172,122.16899871826172,5409
2021-01-21-12-31-00 GMT-0500,122.1500015258789,122.19999694824219,122.05999755859375,122.08999633789062,122.08999633789062,6208
2021-01-21-12-32-00 GMT-0500,122.18289947509766,122.4000015258789,122.15499877929688,122.30999755859375,122.30999755859375,6978
2021-01-21-12-33-00 GMT-0500,122.31230163574219,122.62999725341797,122.19999694824219,122.51000213623047,122.51000213623047,10136
2021-01-21-12-34-00 GMT-0500,122.4000015258789,122.44999694824219,122.36000061035156,122.4000015258789,122.4000015258789,6616
2021-01-21-12-35-00 GMT-0500,122.4000015258789,122.4000015258789,122.33000183105469,122.39099884033203,122.39099884033203,4244
2021-01-21-12-36-00 GMT-0500,122.48999786376953,122.58000183105469,122.38500213623047,122.38500213623047,122.38500213623047,5213
2021-01-21-12-37-00 GMT-0500,122.37999725341797,122.5250015258789,122.37999725341797,122.5250015258789,122.5250015258789,7727
2021-01-21-12-38-00 GMT-0500,122.5999984741211,123.05000305175781,122.59839630126953,122.87999725341797,122.87999725341797,16751
2021-01-21-12-39-00 GMT-0500,122.80000305175781,122.83000183105469,122.62999725341797,122.62999725341797,122.62999725341797,15151
2021-01-21-12-40-00 GMT-0500,122.6500015258789,122.86479949951172,122.58999633789062,122.86479949951172,122.86479949951172,3544
2021-01-21-12-41-00 GMT-0500,122.81999969482422,123.06999969482422,122.7300033569336,123.06999969482422,123.06999969482422,10403
2021-01-21-12-42-00 GMT-0500,123.05000305175781,123.13999938964844,122.9000015258789,123.0999984741211,123.0999984741211,4067
2021-01-21-12-43-00 GMT-0500,123.12000274658203,123.22000122070312,123.06600189208984,123.11000061035156,123.11000061035156,4241
2021-01-21-12-44-00 GMT-0500,123.19999694824219,123.19999694824219,122.86009979248047,122.86009979248047,122.86009979248047,4778
2021-01-21-12-45-00 GMT-0500,122.95999908447266,123.125,122.95999908447266,123.08000183105469,123.08000183105469,3726
2021-01-21-12-46-00 GMT-0500,123.05999755859375,123.16000366210938,123.0,123.12999725341797,123.12999725341797,8497
2021-01-21-12-47-00 GMT-0500,123.1050033569336,123.12000274658203,123.04000091552734,123.04000091552734,123.04000091552734,2143
2021-01-21-12-48-00 GMT-0500,123.12999725341797,123.20999908447266,123.05000305175781,123.16000366210938,123.16000366210938,3950
2021-01-21-12-49-00 GMT-0500,123.0999984741211,123.16000366210938,123.05999755859375,123.12339782714844,123.12339782714844,3488
2021-01-21-12-50-00 GMT-0500,123.05999755859375,123.06999969482422,122.94999694824219,122.95999908447266,122.95999908447266,7503
2021-01-21-12-51-00 GMT-0500,122.9800033569336,123.01000213623047,122.83000183105469,122.9000015258789,122.9000015258789,3321
2021-01-21-12-52-00 GMT-0500,122.8499984741211,122.8499984741211,122.69999694824219,122.83000183105469,122.83000183105469,5319
2021-01-21-12-53-00 GMT-0500,122.8499984741211,122.87000274658203,122.72000122070312,122.79000091552734,122.79000091552734,2827
2021-01-21-12-54-00 GMT-0500,122.75499725341797,122.87999725341797,122.75499725341797,122.87999725341797,122.87999725341797,2343
2021-01-21-12-55-00 GMT-0500,122.83000183105469,122.93000030517578,122.80999755859375,122.9000015258789,122.9000015258789,3083
2021-01-21-12-56-00 GMT-0500,122.87999725341797,122.9800033569336,122.8499984741211,122.97000122070312,122.97000122070312,1965
2021-01-21-12-57-00 GMT-0500,122.94000244140625,123.16000366210938,122.86499786376953,123.06999969482422,123.06999969482422,4382
2021-01-21-12-58-00 GMT-0500,123.08000183105469,123.13999938964844,122.9800033569336,123.11499786376953,123.11499786376953,3923
2021-01-21-12-59-00 GMT-0500,123.18000030517578,123.37999725341797,123.11000061035156,123.29000091552734,123.29000091552734,5704
2021-01-21-13-00-00 GMT-0500,123.30590057373047,123.33999633789062,123.2750015258789,123.2750015258789,123.2750015258789,2298
2021-01-21-13-01-00 GMT-0500,123.30000305175781,123.47000122070312,123.28829956054688,123.45999908447266,123.45999908447266,5915
2021-01-21-13-02-00 GMT-0500,123.40010070800781,123.58999633789062,123.4000015258789,123.51000213623047,123.51000213623047,6500
2021-01-21-13-03-00 GMT-0500,123.5,123.65499877929688,123.5,123.61000061035156,123.61000061035156,2174
2021-01-21-13-04-00 GMT-0500,123.68000030517578,123.75,123.68000030517578,123.75,123.75,3611
2021-01-21-13-05-00 GMT-0500,123.7300033569336,123.7300033569336,123.62000274658203,123.62000274658203,123.62000274658203,3863
2021-01-21-13-06-00 GMT-0500,123.6500015258789,123.81999969482422,123.6500015258789,123.69550323486328,123.69550323486328,4146
2021-01-21-13-07-00 GMT-0500,123.71499633789062,123.83499908447266,123.69000244140625,123.81999969482422,123.81999969482422,2989
2021-01-21-13-08-00 GMT-0500,123.83000183105469,123.86000061035156,123.83000183105469,123.84639739990234,123.84639739990234,2666
2021-01-21-13-09-00 GMT-0500,123.8550033569336,123.9000015258789,123.80000305175781,123.80000305175781,123.80000305175781,22471
2021-01-21-13-10-00 GMT-0500,123.83499908447266,123.87000274658203,123.75,123.80999755859375,123.80999755859375,4773
2021-01-21-13-11-00 GMT-0500,123.7300033569336,123.8499984741211,123.7300033569336,123.77999877929688,123.77999877929688,2691
2021-01-21-13-12-00 GMT-0500,123.7300033569336,123.7300033569336,123.63999938964844,123.68000030517578,123.68000030517578,1622
2021-01-21-13-13-00 GMT-0500,123.68000030517578,123.73999786376953,123.66999816894531,123.7300033569336,123.7300033569336,3625
2021-01-21-13-14-00 GMT-0500,123.69999694824219,123.7699966430664,123.6500015258789,123.69000244140625,123.69000244140625,3771
2021-01-21-13-15-00 GMT-0500,123.73509979248047,123.81109619140625,123.73500061035156,123.73500061035156,123.73500061035156,2309
2021-01-21-13-16-00 GMT-0500,123.87000274658203,123.87000274658203,123.72000122070312,123.7300033569336,123.7300033569336,2959
2021-01-21-13-17-00 GMT-0500,123.76499938964844,124.11000061035156,123.7300033569336,124.11000061035156,124.11000061035156,18044
2021-01-21-13-18-00 GMT-0500,124.18000030517578,124.18000030517578,124.06999969482422,124.06999969482422,124.06999969482422,4048
2021-01-21-13-19-00 GMT-0500,124.125,124.2699966430664,124.08000183105469,124.25499725341797,124.25499725341797,5425
2021-01-21-13-20-00 GMT-0500,124.26499938964844,124.41999816894531,124.26499938964844,124.31500244140625,124.31500244140625,5728
2021-01-21-13-21-00 GMT-0500,124.30999755859375,124.30999755859375,124.25499725341797,124.29000091552734,124.29000091552734,2754
2021-01-21-13-22-00 GMT-0500,124.29000091552734,124.30500030517578,124.11000061035156,124.30500030517578,124.30500030517578,17974
2021-01-21-13-23-00 GMT-0500,124.25,124.26000213623047,124.1500015258789,124.1500015258789,124.1500015258789,7521
2021-01-21-13-24-00 GMT-0500,124.19000244140625,124.19999694824219,124.0,124.08999633789062,124.08999633789062,7336
2021-01-21-13-25-00 GMT-0500,124.08999633789062,124.08999633789062,124.05000305175781,124.05000305175781,124.05000305175781,1466
2021-01-21-13-26-00 GMT-0500,124.02999877929688,124.1500015258789,123.91000366210938,124.08999633789062,124.08999633789062,10666
2021-01-21-13-27-00 GMT-0500,124.12999725341797,124.12999725341797,124.0,124.08000183105469,124.08000183105469,2680
2021-01-21-13-28-00 GMT-0500,124.0999984741211,124.0999984741211,123.94000244140625,123.94000244140625,123.94000244140625,1509
2021-01-21-13-29-00 GMT-0500,123.95999908447266,124.05000305175781,123.95999908447266,124.05000305175781,124.05000305175781,2282
2021-01-21-13-30-00 GMT-0500,124.0999984741211,124.0999984741211,124.06999969482422,124.06999969482422,124.06999969482422,1862
2021-01-21-13-31-00 GMT-0500,124.05999755859375,124.20999908447266,124.05999755859375,124.12999725341797,124.12999725341797,2900
2021-01-21-13-33-00 GMT-0500,124.11000061035156,124.25,124.08000183105469,124.0999984741211,124.0999984741211,6593
2021-01-21-13-34-00 GMT-0500,124.08000183105469,124.08000183105469,123.9000015258789,123.9000015258789,123.9000015258789,13251
2021-01-21-13-35-00 GMT-0500,123.86000061035156,123.94000244140625,123.80000305175781,123.94000244140625,123.94000244140625,3237
2021-01-21-13-36-00 GMT-0500,123.97000122070312,124.25,123.97000122070312,124.25,124.25,6409
2021-01-21-13-37-00 GMT-0500,124.25,124.30000305175781,124.2249984741211,124.30000305175781,124.30000305175781,4404
2021-01-21-13-38-00 GMT-0500,124.4000015258789,124.4000015258789,124.11000061035156,124.11000061035156,124.11000061035156,6412
2021-01-21-13-39-00 GMT-0500,124.08999633789062,124.31999969482422,124.05000305175781,124.31999969482422,124.31999969482422,5385
2021-01-21-13-40-00 GMT-0500,124.30000305175781,124.4999008178711,124.30000305175781,124.4999008178711,124.4999008178711,3020
2021-01-21-13-41-00 GMT-0500,124.43000030517578,124.45899963378906,124.3499984741211,124.37000274658203,124.37000274658203,2604
2021-01-21-13-42-00 GMT-0500,124.44000244140625,124.44999694824219,124.34010314941406,124.34010314941406,124.34010314941406,2585
2021-01-21-13-43-00 GMT-0500,124.44999694824219,124.44999694824219,124.44999694824219,124.44999694824219,124.44999694824219,325
2021-01-21-13-44-00 GMT-0500,124.45999908447266,124.45999908447266,124.19000244140625,124.19000244140625,124.19000244140625,5197
2021-01-21-13-45-00 GMT-0500,124.26499938964844,124.26499938964844,124.26499938964844,124.26499938964844,124.26499938964844,489
2021-01-21-13-46-00 GMT-0500,124.22000122070312,124.22000122070312,124.08000183105469,124.11000061035156,124.11000061035156,1479
2021-01-21-13-47-00 GMT-0500,124.16999816894531,124.32890319824219,124.13500213623047,124.16000366210938,124.16000366210938,3897
2021-01-21-13-48-00 GMT-0500,124.17500305175781,124.18000030517578,124.1500015258789,124.1500015258789,124.1500015258789,1288
2021-01-21-13-49-00 GMT-0500,124.18000030517578,124.18000030517578,124.02999877929688,124.08000183105469,124.08000183105469,6363
2021-01-21-13-50-00 GMT-0500,124.125,124.30999755859375,124.0,124.16999816894531,124.16999816894531,14119
2021-01-21-13-51-00 GMT-0500,124.1500015258789,124.16999816894531,124.04000091552734,124.08499908447266,124.08499908447266,5761
2021-01-21-13-52-00 GMT-0500,124.12999725341797,124.19000244140625,124.02999877929688,124.07499694824219,124.07499694824219,4973
2021-01-21-13-53-00 GMT-0500,124.01000213623047,124.0199966430664,123.91999816894531,124.0199966430664,124.0199966430664,2087
2021-01-21-13-54-00 GMT-0500,124.0199966430664,124.1050033569336,123.99500274658203,124.06999969482422,124.06999969482422,1503
2021-01-21-13-55-00 GMT-0500,124.10189819335938,124.19999694824219,124.02010345458984,124.19999694824219,124.19999694824219,2114
2021-01-21-13-56-00 GMT-0500,124.12999725341797,124.18990325927734,124.11000061035156,124.1449966430664,124.1449966430664,3992
2021-01-21-13-57-00 GMT-0500,124.06009674072266,124.06009674072266,124.0479965209961,124.0479965209961,124.0479965209961,2160
2021-01-21-13-58-00 GMT-0500,124.10040283203125,124.13999938964844,124.02999877929688,124.11990356445312,124.11990356445312,7432
2021-01-21-13-59-00 GMT-0500,124.0999984741211,124.1500015258789,124.06999969482422,124.1500015258789,124.1500015258789,1770
2021-01-21-14-00-00 GMT-0500,124.13500213623047,124.43000030517578,124.13500213623047,124.43000030517578,124.43000030517578,3462
2021-01-21-14-01-00 GMT-0500,124.45999908447266,124.58000183105469,124.43000030517578,124.44339752197266,124.44339752197266,17129
2021-01-21-14-02-00 GMT-0500,124.44999694824219,124.5,124.33999633789062,124.38500213623047,124.38500213623047,2093
2021-01-21-14-03-00 GMT-0500,124.41000366210938,124.47509765625,124.37000274658203,124.47509765625,124.47509765625,1462
2021-01-21-14-04-00 GMT-0500,124.43000030517578,124.43000030517578,124.33000183105469,124.41999816894531,124.41999816894531,1857
2021-01-21-14-05-00 GMT-0500,124.37999725341797,124.37999725341797,124.30999755859375,124.30999755859375,124.30999755859375,1633
2021-01-21-14-06-00 GMT-0500,124.30999755859375,124.44999694824219,124.30000305175781,124.33000183105469,124.33000183105469,1672
2021-01-21-14-07-00 GMT-0500,124.38999938964844,124.38999938964844,124.33999633789062,124.33999633789062,124.33999633789062,892
2021-01-21-14-08-00 GMT-0500,124.33999633789062,124.33999633789062,124.23999786376953,124.31999969482422,124.31999969482422,2661
2021-01-21-14-09-00 GMT-0500,124.2300033569336,124.2699966430664,124.19000244140625,124.19000244140625,124.19000244140625,3038
2021-01-21-14-10-00 GMT-0500,124.19000244140625,124.19000244140625,124.19000244140625,124.19000244140625,124.19000244140625,292
2021-01-21-14-11-00 GMT-0500,124.26000213623047,124.26000213623047,124.26000213623047,124.26000213623047,124.26000213623047,275
2021-01-21-14-12-00 GMT-0500,124.26000213623047,124.3499984741211,124.2300033569336,124.30000305175781,124.30000305175781,3326
2021-01-21-14-13-00 GMT-0500,124.19999694824219,124.19999694824219,124.10880279541016,124.10880279541016,124.10880279541016,841
2021-01-21-14-14-00 GMT-0500,124.16999816894531,124.23999786376953,124.13999938964844,124.13999938964844,124.13999938964844,3327
2021-01-21-14-15-00 GMT-0500,124.13999938964844,124.2300033569336,124.13999938964844,124.2300033569336,124.2300033569336,2801
2021-01-21-14-16-00 GMT-0500,124.1500015258789,124.16000366210938,124.08000183105469,124.08999633789062,124.08999633789062,1850
2021-01-21-14-17-00 GMT-0500,124.1500015258789,124.16000366210938,124.08999633789062,124.08999633789062,124.08999633789062,2004
2021-01-21-14-18-00 GMT-0500,124.16000366210938,124.31999969482422,124.16000366210938,124.23999786376953,124.23999786376953,2741
2021-01-21-14-19-00 GMT-0500,124.16999816894531,124.2699966430664,124.13999938964844,124.19999694824219,124.19999694824219,3011
2021-01-21-14-20-00 GMT-0500,124.12999725341797,124.19999694824219,124.12999725341797,124.19999694824219,124.19999694824219,1666
2021-01-21-14-21-00 GMT-0500,124.1500015258789,124.1500015258789,124.14949798583984,124.14949798583984,124.14949798583984,1079
2021-01-21-14-22-00 GMT-0500,124.1500015258789,124.1500015258789,124.04000091552734,124.0999984741211,124.0999984741211,4594
2021-01-21-14-23-00 GMT-0500,124.11000061035156,124.12999725341797,124.11000061035156,124.12999725341797,124.12999725341797,999
2021-01-21-14-24-00 GMT-0500,124.13999938964844,124.25499725341797,124.12999725341797,124.25499725341797,124.25499725341797,2064
2021-01-21-14-25-00 GMT-0500,124.2699966430664,124.44000244140625,124.21499633789062,124.4000015258789,124.4000015258789,2030
2021-01-21-14-26-00 GMT-0500,124.27999877929688,124.38999938964844,124.27999877929688,124.33999633789062,124.33999633789062,3364
2021-01-21-14-27-00 GMT-0500,124.33999633789062,124.44999694824219,124.33499908447266,124.41000366210938,124.41000366210938,4250
2021-01-21-14-28-00 GMT-0500,124.41000366210938,124.44000244140625,124.33000183105469,124.38169860839844,124.38169860839844,5931
2021-01-21-14-29-00 GMT-0500,124.33000183105469,124.33000183105469,124.15029907226562,124.15029907226562,124.15029907226562,3468
2021-01-21-14-30-00 GMT-0500,124.29000091552734,124.33000183105469,124.16999816894531,124.214599609375,124.214599609375,6077
2021-01-21-14-31-00 GMT-0500,124.13009643554688,124.29000091552734,124.13009643554688,124.25,124.25,1946
2021-01-21-14-32-00 GMT-0500,124.29499816894531,124.29499816894531,124.20999908447266,124.27999877929688,124.27999877929688,2450
2021-01-21-14-33-00 GMT-0500,124.27999877929688,124.27999877929688,124.23999786376953,124.26260375976562,124.26260375976562,1620
2021-01-21-14-34-00 GMT-0500,124.33000183105469,124.3499984741211,124.25,124.33989715576172,124.33989715576172,3437
2021-01-21-14-35-00 GMT-0500,124.2300033569336,124.23999786376953,124.12999725341797,124.23999786376953,124.23999786376953,3616
2021-01-21-14-36-00 GMT-0500,124.2300033569336,124.25,124.05999755859375,124.05999755859375,124.05999755859375,7078
2021-01-21-14-37-00 GMT-0500,124.16999816894531,124.18000030517578,124.13999938964844,124.13999938964844,124.13999938964844,1993
2021-01-21-14-38-00 GMT-0500,124.12000274658203,124.24649810791016,124.12000274658203,124.24620056152344,124.24620056152344,2644
2021-01-21-14-39-00 GMT-0500,124.25,124.29000091552734,124.22000122070312,124.29000091552734,124.29000091552734,1194
2021-01-21-14-40-00 GMT-0500,124.27999877929688,124.33000183105469,124.25,124.33000183105469,124.33000183105469,1770
2021-01-21-14-41-00 GMT-0500,124.30999755859375,124.36000061035156,124.30999755859375,124.36000061035156,124.36000061035156,2143
2021-01-21-14-42-00 GMT-0500,124.31999969482422,124.44999694824219,124.31999969482422,124.44999694824219,124.44999694824219,3686
2021-01-21-14-43-00 GMT-0500,124.45999908447266,124.5,124.36000061035156,124.37999725341797,124.37999725341797,3857
2021-01-21-14-44-00 GMT-0500,124.42649841308594,124.42649841308594,124.26000213623047,124.2699966430664,124.2699966430664,2759
2021-01-21-14-45-00 GMT-0500,124.33000183105469,124.33000183105469,124.25,124.30680084228516,124.30680084228516,5274
2021-01-21-14-46-00 GMT-0500,124.33999633789062,124.41000366210938,124.30999755859375,124.4000015258789,124.4000015258789,6433
2021-01-21-14-48-00 GMT-0500,124.3499984741211,124.4000015258789,124.30000305175781,124.3550033569336,124.3550033569336,4076
2021-01-21-14-49-00 GMT-0500,124.38999938964844,124.4800033569336,124.33000183105469,124.4800033569336,124.4800033569336,2347
2021-01-21-14-50-00 GMT-0500,124.4979019165039,124.4979019165039,124.43000030517578,124.48999786376953,124.48999786376953,3538
2021-01-21-14-51-00 GMT-0500,124.44000244140625,124.55000305175781,124.41000366210938,124.52999877929688,124.52999877929688,1516
2021-01-21-14-52-00 GMT-0500,124.48500061035156,124.48500061035156,124.33000183105469,124.33000183105469,124.33000183105469,2586
2021-01-21-14-53-00 GMT-0500,124.28500366210938,124.41999816894531,124.28500366210938,124.41000366210938,124.41000366210938,1950
2021-01-21-14-54-00 GMT-0500,124.33000183105469,124.33000183105469,124.31999969482422,124.31999969482422,124.31999969482422,642
2021-01-21-14-55-00 GMT-0500,124.30000305175781,124.4072036743164,124.25,124.4072036743164,124.4072036743164,4297
2021-01-21-14-56-00 GMT-0500,124.30999755859375,124.45500183105469,124.30999755859375,124.4000015258789,124.4000015258789,1611
2021-01-21-14-57-00 GMT-0500,124.4000015258789,124.4000015258789,124.31999969482422,124.38999938964844,124.38999938964844,3892
2021-01-21-14-58-00 GMT-0500,124.51000213623047,124.54000091552734,124.44000244140625,124.44999694824219,124.44999694824219,4905
2021-01-21-14-59-00 GMT-0500,124.44000244140625,124.44999694824219,124.41000366210938,124.41000366210938,124.41000366210938,2848
2021-01-21-15-00-00 GMT-0500,124.44000244140625,124.44000244140625,124.31999969482422,124.31999969482422,124.31999969482422,1854
2021-01-21-15-01-00 GMT-0500,124.37000274658203,124.37000274658203,124.24500274658203,124.29000091552734,124.29000091552734,2352
2021-01-21-15-02-00 GMT-0500,124.29000091552734,124.33419799804688,124.23999786376953,124.23999786376953,124.23999786376953,2042
2021-01-21-15-03-00 GMT-0500,124.31999969482422,124.3499984741211,124.31999969482422,124.3499984741211,124.3499984741211,851
2021-01-21-15-04-00 GMT-0500,124.33000183105469,124.37000274658203,124.31999969482422,124.37000274658203,124.37000274658203,2289
2021-01-21-15-05-00 GMT-0500,124.44989776611328,124.44999694824219,124.4000015258789,124.44999694824219,124.44999694824219,584
2021-01-21-15-06-00 GMT-0500,124.43800354003906,124.5199966430664,124.41999816894531,124.45999908447266,124.45999908447266,4127
2021-01-21-15-07-00 GMT-0500,124.45500183105469,124.51000213623047,124.37000274658203,124.37000274658203,124.37000274658203,5599
2021-01-21-15-08-00 GMT-0500,124.38099670410156,124.4000015258789,124.26000213623047,124.34500122070312,124.34500122070312,6002
2021-01-21-15-09-00 GMT-0500,124.30999755859375,124.3145980834961,124.2699966430664,124.30000305175781,124.30000305175781,1983
2021-01-21-15-10-00 GMT-0500,124.28089904785156,124.28089904785156,124.2699966430664,124.2699966430664,124.2699966430664,2586
2021-01-21-15-11-00 GMT-0500,124.27999877929688,124.37000274658203,124.26000213623047,124.31999969482422,124.31999969482422,6472
2021-01-21-15-12-00 GMT-0500,124.30999755859375,124.37999725341797,124.30000305175781,124.37999725341797,124.37999725341797,2670
2021-01-21-15-13-00 GMT-0500,124.33000183105469,124.33000183105469,124.20999908447266,124.26000213623047,124.26000213623047,3315
2021-01-21-15-14-00 GMT-0500,124.2300033569336,124.29000091552734,124.2300033569336,124.2699966430664,124.2699966430664,2952
2021-01-21-15-15-00 GMT-0500,124.27069854736328,124.42169952392578,124.27069854736328,124.41000366210938,124.41000366210938,2555
2021-01-21-15-16-00 GMT-0500,124.4000015258789,124.4000015258789,124.33999633789062,124.38500213623047,124.38500213623047,4732
2021-01-21-15-17-00 GMT-0500,124.37000274658203,124.55000305175781,124.36499786376953,124.4800033569336,124.4800033569336,2059
2021-01-21-15-18-00 GMT-0500,124.46399688720703,124.52999877929688,124.41999816894531,124.5093994140625,124.5093994140625,3844
2021-01-21-15-19-00 GMT-0500,124.51000213623047,124.51000213623047,124.41500091552734,124.44000244140625,124.44000244140625,3472
2021-01-21-15-20-00 GMT-0500,124.41500091552734,124.4800033569336,124.41500091552734,124.47000122070312,124.47000122070312,2825
2021-01-21-15-21-00 GMT-0500,124.47000122070312,124.5,124.44499969482422,124.4800033569336,124.4800033569336,5898
2021-01-21-15-22-00 GMT-0500,124.5,124.5199966430664,124.41000366210938,124.5,124.5,4006
2021-01-21-15-23-00 GMT-0500,124.5,124.51000213623047,124.41000366210938,124.44999694824219,124.44999694824219,5668
2021-01-21-15-24-00 GMT-0500,124.44999694824219,124.54000091552734,124.44999694824219,124.52999877929688,124.52999877929688,1240
2021-01-21-15-25-00 GMT-0500,124.5,124.58999633789062,124.5,124.58000183105469,124.58000183105469,2115
2021-01-21-15-26-00 GMT-0500,124.58000183105469,124.75,124.58000183105469,124.75,124.75,4419
2021-01-21-15-27-00 GMT-0500,124.75,124.88999938964844,124.73999786376953,124.84500122070312,124.84500122070312,16302
2021-01-21-15-28-00 GMT-0500,124.8499984741211,125.0,124.8499984741211,124.93499755859375,124.93499755859375,18788
2021-01-21-15-29-00 GMT-0500,124.93499755859375,124.94000244140625,124.73999786376953,124.75,124.75,8910
2021-01-21-15-30-00 GMT-0500,124.77999877929688,124.77999877929688,124.68000030517578,124.7239990234375,124.7239990234375,6763
2021-01-21-15-31-00 GMT-0500,124.7699966430664,124.79000091552734,124.73999786376953,124.79000091552734,124.79000091552734,6906
2021-01-21-15-32-00 GMT-0500,124.7300033569336,124.74500274658203,124.61000061035156,124.68000030517578,124.68000030517578,6174
2021-01-21-15-33-00 GMT-0500,124.72000122070312,124.72000122070312,124.57499694824219,124.57499694824219,124.57499694824219,3496
2021-01-21-15-34-00 GMT-0500,124.5999984741211,124.61000061035156,124.54000091552734,124.57499694824219,124.57499694824219,5105
2021-01-21-15-35-00 GMT-0500,124.57499694824219,124.57499694824219,124.44000244140625,124.47000122070312,124.47000122070312,7100
2021-01-21-15-36-00 GMT-0500,124.47000122070312,124.47000122070312,124.29000091552734,124.32499694824219,124.32499694824219,6449
2021-01-21-15-37-00 GMT-0500,124.30000305175781,124.36000061035156,124.16000366210938,124.20999908447266,124.20999908447266,15798
2021-01-21-15-38-00 GMT-0500,124.20999908447266,124.33999633789062,124.0999984741211,124.27999877929688,124.27999877929688,12027
2021-01-21-15-39-00 GMT-0500,124.2699966430664,124.2750015258789,124.05999755859375,124.05999755859375,124.05999755859375,6321
2021-01-21-15-40-00 GMT-0500,124.08999633789062,124.16999816894531,124.05000305175781,124.08999633789062,124.08999633789062,12817
2021-01-21-15-41-00 GMT-0500,124.08499908447266,124.08499908447266,124.0199966430664,124.04499816894531,124.04499816894531,11241
2021-01-21-15-42-00 GMT-0500,124.02999877929688,124.1500015258789,123.95999908447266,124.08999633789062,124.08999633789062,14893
2021-01-21-15-43-00 GMT-0500,124.0999984741211,124.12999725341797,124.05999755859375,124.09500122070312,124.09500122070312,7805
2021-01-21-15-44-00 GMT-0500,124.09500122070312,124.43499755859375,124.08999633789062,124.2699966430664,124.2699966430664,11334
2021-01-21-15-45-00 GMT-0500,124.30999755859375,124.31999969482422,124.04000091552734,124.06999969482422,124.06999969482422,16479
2021-01-21-15-46-00 GMT-0500,124.11000061035156,124.16999816894531,124.06999969482422,124.06999969482422,124.06999969482422,6177
2021-01-21-15-47-00 GMT-0500,124.07440185546875,124.11000061035156,124.05999755859375,124.08000183105469,124.08000183105469,13359
2021-01-21-15-48-00 GMT-0500,124.08000183105469,124.18000030517578,124.06999969482422,124.125,124.125,15936
2021-01-21-15-49-00 GMT-0500,124.11000061035156,124.37000274658203,124.04000091552734,124.37000274658203,124.37000274658203,15853
2021-01-21-15-50-00 GMT-0500,124.37000274658203,124.48999786376953,124.16999816894531,124.23989868164062,124.23989868164062,14549
2021-01-21-15-51-00 GMT-0500,124.16999816894531,124.19999694824219,124.0199966430664,124.0199966430664,124.0199966430664,38599
2021-01-21-15-52-00 GMT-0500,124.0199966430664,124.0999984741211,124.01000213623047,124.04000091552734,124.04000091552734,13538
2021-01-21-15-53-00 GMT-0500,124.0199966430664,124.05999755859375,123.80999755859375,123.80999755859375,123.80999755859375,50716
2021-01-21-15-54-00 GMT-0500,123.83999633789062,124.05000305175781,123.7699966430664,123.95999908447266,123.95999908447266,26840
2021-01-21-15-55-00 GMT-0500,124.01000213623047,124.20999908447266,123.79000091552734,123.84349822998047,123.84349822998047,38400
2021-01-21-15-56-00 GMT-0500,123.875,123.91000366210938,123.63999938964844,123.72000122070312,123.72000122070312,38637
2021-01-21-15-57-00 GMT-0500,123.72000122070312,123.80000305175781,123.5,123.56199645996094,123.56199645996094,32270
2021-01-21-15-58-00 GMT-0500,123.58000183105469,123.7699966430664,123.56999969482422,123.6500015258789,123.6500015258789,57375
2021-01-21-15-59-00 GMT-0500,123.66999816894531,123.98999786376953,123.47000122070312,123.87999725341797,123.87999725341797,67288
2021-01-21-16-00-00 GMT-0500,123.88,123.9,123.44,123.88,123.88,80386
2021-01-21-16-01-00 GMT-0500,124.56,124.99,124.56,124.99,124.99,0
2021-01-21-16-02-00 GMT-0500,124.18,124.94,124.18,124.94,124.94,0
2021-01-21-16-03-00 GMT-0500,123.28,124.84,123.28,123.88,123.88,0
2021-01-21-16-04-00 GMT-0500,124.96,124.96,123.88,124.87,124.87,0
2021-01-21-16-05-00 GMT-0500,124.89,124.89,123.88,123.88,123.88,0
2021-01-21-16-06-00 GMT-0500,123.5,124.2,123.5,123.88,123.88,0
2021-01-21-16-07-00 GMT-0500,124.89,124.89,124.89,124.89,124.89,0
2021-01-21-16-08-00 GMT-0500,124.0,124.0,124.0,124.0,124.0,0
2021-01-21-16-09-00 GMT-0500,124.3,124.3,124.18,124.18,124.18,0
2021-01-21-16-10-00 GMT-0500,124.2,124.3,124.2,124.3,124.3,0
2021-01-21-16-11-00 GMT-0500,123.62,124.3,123.62,124.1,124.1,0
2021-01-21-16-12-00 GMT-0500,124.1,124.88,124.08,124.1,124.1,0
2021-01-21-16-13-00 GMT-0500,124.2,124.79,123.67,124.79,124.79,0
2021-01-21-16-14-00 GMT-0500,124.62,124.77,123.71,124.77,124.77,0
2021-01-21-16-15-00 GMT-0500,124.77,124.77,124.08,124.7,124.7,0
2021-01-21-16-16-00 GMT-0500,124.69,124.69,124.53,124.53,124.53,0
2021-01-21-16-17-00 GMT-0500,123.71,124.73,123.71,123.95,123.95,0
2021-01-21-16-18-00 GMT-0500,124.72,124.72,124.59,124.59,124.59,0
2021-01-21-16-19-00 GMT-0500,124.59,124.59,124.59,124.59,124.59,0
2021-01-21-16-20-00 GMT-0500,123.71,124.59,123.71,124.18,124.18,0
2021-01-21-16-21-00 GMT-0500,124.18,124.59,124.18,124.59,124.59,0
2021-01-21-16-22-00 GMT-0500,124.18,124.33,123.71,124.01,124.01,0
2021-01-21-16-23-00 GMT-0500,123.8,124.2,123.8,124.2,124.2,0
2021-01-21-16-24-00 GMT-0500,124.2,124.6,124.2,124.6,124.6,0
2021-01-21-16-25-00 GMT-0500,124.6,124.6,123.8,123.8,123.8,0
2021-01-21-16-27-00 GMT-0500,123.8,123.8,123.8,123.8,123.8,0
2021-01-21-16-28-00 GMT-0500,124.58,124.58,124.58,124.58,124.58,0
2021-01-21-16-29-00 GMT-0500,124.58,124.58,123.88,124.56,124.56,0
2021-01-21-16-30-00 GMT-0500,124.4,124.56,124.4,124.56,124.56,0
2021-01-21-16-31-00 GMT-0500,124.56,124.56,124.56,124.56,124.56,0
2021-01-21-16-32-00 GMT-0500,124.55,124.55,124.0,124.0,124.0,0
2021-01-21-16-33-00 GMT-0500,124.18,124.18,124.18,124.18,124.18,0
2021-01-21-16-34-00 GMT-0500,124.0,124.42,123.9,123.9,123.9,0
2021-01-21-16-35-00 GMT-0500,124.54,124.54,124.41,124.41,124.41,0
2021-01-21-16-36-00 GMT-0500,124.14,124.14,124.14,124.14,124.14,0
2021-01-21-16-37-00 GMT-0500,124.41,124.41,123.62,124.35,124.35,0
2021-01-21-16-38-00 GMT-0500,124.4,124.4,123.62,124.39,124.39,0
2021-01-21-16-39-00 GMT-0500,124.37,124.37,124.37,124.37,124.37,0
2021-01-21-16-40-00 GMT-0500,124.1475,124.37,124.1475,124.27,124.27,0
2021-01-21-16-41-00 GMT-0500,124.14,124.33,123.9,123.9,123.9,0
2021-01-21-16-42-00 GMT-0500,124.0,124.37,123.88,124.37,124.37,0
2021-01-21-16-43-00 GMT-0500,124.3,124.36,123.88,124.35,124.35,0
2021-01-21-16-44-00 GMT-0500,123.88,124.34,123.88,124.34,124.34,0
2021-01-21-16-45-00 GMT-0500,124.35,124.37,124.35,124.37,124.37,0
2021-01-21-16-46-00 GMT-0500,124.37,124.37,124.19,124.37,124.37,0
2021-01-21-16-47-00 GMT-0500,124.37,124.37,124.37,124.37,124.37,0
2021-01-21-16-48-00 GMT-0500,124.37,124.37,124.0,124.0,124.0,0
2021-01-21-16-49-00 GMT-0500,124.37,124.37,124.36,124.37,124.37,0
2021-01-21-16-50-00 GMT-0500,124.37,124.37,124.36,124.37,124.37,0
2021-01-21-16-51-00 GMT-0500,124.37,124.37,124.19,124.19,124.19,0
2021-01-21-16-52-00 GMT-0500,124.19,124.37,124.19,124.37,124.37,0
2021-01-21-16-53-00 GMT-0500,124.37,124.37,124.19,124.19,124.19,0
2021-01-21-16-54-00 GMT-0500,124.5,124.6,124.37,124.5,124.5,0
2021-01-21-16-55-00 GMT-0500,124.37,124.37,124.19,124.3,124.3,0
2021-01-21-16-56-00 GMT-0500,124.37,124.37,124.3,124.37,124.37,0
2021-01-21-16-57-00 GMT-0500,124.37,124.37,124.37,124.37,124.37,0
2021-01-21-16-58-00 GMT-0500,124.3,124.37,124.3,124.37,124.37,0
2021-01-21-16-59-00 GMT-0500,124.37,124.5,124.37,124.5,124.5,0
2021-01-21-17-00-00 GMT-0500,124.3,124.3,124.3,124.3,124.3,0
2021-01-21-17-01-00 GMT-0500,124.59,124.59,124.59,124.59,124.59,0
2021-01-21-17-02-00 GMT-0500,124.57,124.59,124.37,124.59,124.59,0
2021-01-21-17-03-00 GMT-0500,124.59,124.59,124.59,124.59,124.59,0
2021-01-21-17-04-00 GMT-0500,124.37,124.37,124.37,124.37,124.37,0
2021-01-21-17-05-00 GMT-0500,124.59,124.59,124.59,124.59,124.59,0
2021-01-21-17-06-00 GMT-0500,124.59,124.59,124.59,124.59,124.59,0
2021-01-21-17-07-00 GMT-0500,124.59,124.6,124.59,124.6,124.6,0
2021-01-21-17-08-00 GMT-0500,124.6,124.6,124.6,124.6,124.6,0
2021-01-21-17-12-00 GMT-0500,124.6,124.73,124.6,124.73,124.73,0
2021-01-21-17-13-00 GMT-0500,124.72,124.72,124.72,124.72,124.72,0
2021-01-21-17-17-00 GMT-0500,124.6,124.72,124.59,124.59,124.59,0
2021-01-21-17-18-00 GMT-0500,124.7,124.7,124.69,124.69,124.69,0
2021-01-21-17-26-00 GMT-0500,124.37,124.37,124.26,124.37,124.37,0
2021-01-21-17-27-00 GMT-0500,124.26,124.37,124.26,124.37,124.37,0
2021-01-21-17-28-00 GMT-0500,124.37,124.37,124.37,124.37,124.37,0
2021-01-21-17-29-00 GMT-0500,124.37,124.37,124.3698,124.37,124.37,0
2021-01-21-17-31-00 GMT-0500,123.88,124.72,123.88,124.69,124.69,0
2021-01-21-17-32-00 GMT-0500,124.72,124.72,124.72,124.72,124.72,0
2021-01-21-17-33-00 GMT-0500,124.7,124.7,124.7,124.7,124.7,0
2021-01-21-17-34-00 GMT-0500,124.7,124.7,124.7,124.7,124.7,0
2021-01-21-17-36-00 GMT-0500,124.7,124.7,124.01,124.7,124.7,0
2021-01-21-17-37-00 GMT-0500,124.7,124.7,124.7,124.7,124.7,0
2021-01-21-17-38-00 GMT-0500,124.38,124.38,124.37,124.37,124.37,0
2021-01-21-17-39-00 GMT-0500,124.7,124.7,124.7,124.7,124.7,0
2021-01-21-17-40-00 GMT-0500,124.7,124.7,124.01,124.69,124.69,0
2021-01-21-17-41-00 GMT-0500,124.69,124.69,124.67,124.67,124.67,0
2021-01-21-17-42-00 GMT-0500,124.4,124.7,124.37,124.7,124.7,0
2021-01-21-17-43-00 GMT-0500,124.67,124.7,124.67,124.7,124.7,0
2021-01-21-17-44-00 GMT-0500,124.67,124.7,124.37,124.7,124.7,0
2021-01-21-17-45-00 GMT-0500,124.7,124.7,124.1,124.1,124.1,0
2021-01-21-17-46-00 GMT-0500,124.4,124.4,124.4,124.4,124.4,0
2021-01-21-17-47-00 GMT-0500,124.1,124.1,124.1,124.1,124.1,0
2021-01-21-17-49-00 GMT-0500,124.7,124.7,124.7,124.7,124.7,0
2021-01-21-17-50-00 GMT-0500,124.69,124.7,124.69,124.7,124.7,0
2021-01-21-17-51-00 GMT-0500,124.7,124.7,124.7,124.7,124.7,0
2021-01-21-17-52-00 GMT-0500,124.69,124.7,124.41,124.69,124.69,0
2021-01-21-17-54-00 GMT-0500,124.44,124.7,124.44,124.7,124.7,0
2021-01-21-17-55-00 GMT-0500,124.7,124.7,124.7,124.7,124.7,0
2021-01-21-17-56-00 GMT-0500,124.7,124.7,124.7,124.7,124.7,0
2021-01-21-17-57-00 GMT-0500,124.55,124.55,124.5,124.5,124.5,0
2021-01-21-17-58-00 GMT-0500,124.5,124.5,124.5,124.5,124.5,0
2021-01-21-17-59-00 GMT-0500,124.5,124.5,124.5,124.5,124.5,0
2021-01-21-18-00-00 GMT-0500,124.45,124.45,124.45,124.45,124.45,0
2021-01-21-18-01-00 GMT-0500,124.45,124.45,124.45,124.45,124.45,0
2021-01-21-18-02-00 GMT-0500,123.88,123.88,123.88,123.88,123.88,0
2021-01-21-18-03-00 GMT-0500,124.45,124.45,124.45,124.45,124.45,0
2021-01-21-18-04-00 GMT-0500,124.45,124.45,124.37,124.37,124.37,0
2021-01-21-18-05-00 GMT-0500,124.36,124.36,124.36,124.36,124.36,0
2021-01-21-18-07-00 GMT-0500,124.45,124.45,124.45,124.45,124.45,0
2021-01-21-18-08-00 GMT-0500,124.37,124.37,124.37,124.37,124.37,0
2021-01-21-18-09-00 GMT-0500,124.45,124.45,124.45,124.45,124.45,0
2021-01-21-18-10-00 GMT-0500,124.37,124.37,124.37,124.37,124.37,0
2021-01-21-18-11-00 GMT-0500,124.45,124.45,124.45,124.45,124.45,0
2021-01-21-18-12-00 GMT-0500,124.26,124.26,124.26,124.26,124.26,0
2021-01-21-18-13-00 GMT-0500,124.26,124.26,124.26,124.26,124.26,0
2021-01-21-18-14-00 GMT-0500,124.25,124.25,124.25,124.25,124.25,0
2021-01-21-18-16-00 GMT-0500,124.25,124.25,124.25,124.25,124.25,0
2021-01-21-18-17-00 GMT-0500,124.24,124.25,124.24,124.25,124.25,0
2021-01-21-18-19-00 GMT-0500,124.25,124.25,124.25,124.25,124.25,0
2021-01-21-18-23-00 GMT-0500,124.25,124.25,124.25,124.25,124.25,0
2021-01-21-18-24-00 GMT-0500,124.34,124.34,124.34,124.34,124.34,0
2021-01-21-18-25-00 GMT-0500,124.3,124.3,124.3,124.3,124.3,0
2021-01-21-18-28-00 GMT-0500,124.31,124.31,124.3,124.3,124.3,0
2021-01-21-18-29-00 GMT-0500,124.25,124.3,124.25,124.3,124.3,0
2021-01-21-18-30-00 GMT-0500,124.3,124.3,124.3,124.3,124.3,0
2021-01-21-18-31-00 GMT-0500,124.3,124.3,124.3,124.3,124.3,0
2021-01-21-18-32-00 GMT-0500,124.3,124.3,124.3,124.3,124.3,0
2021-01-21-18-33-00 GMT-0500,124.25,124.25,124.12,124.12,124.12,0
2021-01-21-18-34-00 GMT-0500,124.3,124.3,124.12,124.12,124.12,0
2021-01-21-18-35-00 GMT-0500,124.28,124.28,124.25,124.25,124.25,0
2021-01-21-18-36-00 GMT-0500,124.13,124.23,124.13,124.23,124.23,0
2021-01-21-18-38-00 GMT-0500,124.2,124.2,124.2,124.2,124.2,0
2021-01-21-18-39-00 GMT-0500,124.1,124.1,124.1,124.1,124.1,0
2021-01-21-18-40-00 GMT-0500,124.08,124.2,124.08,124.2,124.2,0
2021-01-21-18-41-00 GMT-0500,124.1,124.1,124.1,124.1,124.1,0
2021-01-21-18-44-00 GMT-0500,124.1,124.1,124.1,124.1,124.1,0
2021-01-21-18-45-00 GMT-0500,124.1,124.1,124.1,124.1,124.1,0
2021-01-21-18-46-00 GMT-0500,124.1,124.1,124.1,124.1,124.1,0
2021-01-21-18-47-00 GMT-0500,124.1,124.1,124.1,124.1,124.1,0
2021-01-21-18-48-00 GMT-0500,124.1,124.1,124.07,124.07,124.07,0
2021-01-21-18-49-00 GMT-0500,124.1,124.1,124.1,124.1,124.1,0
2021-01-21-18-50-00 GMT-0500,124.09,124.09,124.09,124.09,124.09,0
2021-01-21-18-51-00 GMT-0500,124.09,124.09,124.01,124.01,124.01,0
2021-01-21-18-52-00 GMT-0500,124.01,124.01,124.0,124.0,124.0,0
2021-01-21-18-53-00 GMT-0500,124.0,124.0,124.0,124.0,124.0,0
2021-01-21-18-54-00 GMT-0500,124.0,124.0,124.0,124.0,124.0,0
2021-01-21-18-55-00 GMT-0500,123.9,124.0,123.9,124.0,124.0,0
2021-01-21-18-56-00 GMT-0500,124.0,124.0,123.99,124.0,124.0,0
2021-01-21-18-57-00 GMT-0500,124.0,124.0,124.0,124.0,124.0,0
2021-01-21-18-58-00 GMT-0500,124.0,124.0,124.0,124.0,124.0,0
2021-01-21-18-59-00 GMT-0500,124.01,124.01,124.0,124.0,124.0,0
2021-01-21-19-02-00 GMT-0500,124.1,124.1,124.1,124.1,124.1,0
2021-01-21-19-04-00 GMT-0500,124.11,124.11,124.11,124.11,124.11,0
2021-01-21-19-05-00 GMT-0500,124.11,124.12,124.0,124.0,124.0,0
2021-01-21-19-11-00 GMT-0500,124.1,124.1,124.1,124.1,124.1,0
2021-01-21-19-12-00 GMT-0500,124.1,124.1,124.1,124.1,124.1,0
2021-01-21-19-13-00 GMT-0500,124.1,124.1,124.1,124.1,124.1,0
2021-01-21-19-14-00 GMT-0500,124.1,124.1,124.1,124.1,124.1,0
2021-01-21-19-15-00 GMT-0500,124.1,124.1,124.1,124.1,124.1,0
2021-01-21-19-16-00 GMT-0500,124.1,124.1,124.1,124.1,124.1,0
2021-01-21-19-18-00 GMT-0500,124.1,124.1,124.1,124.1,124.1,0
2021-01-21-19-19-00 GMT-0500,124.1,124.1,124.1,124.1,124.1,0
2021-01-21-19-21-00 GMT-0500,124.2,124.2,124.2,124.2,124.2,0
2021-01-21-19-22-00 GMT-0500,124.2,124.2,124.2,124.2,124.2,0
2021-01-21-19-23-00 GMT-0500,124.2,124.2,124.1,124.1,124.1,0
2021-01-21-19-25-00 GMT-0500,124.15,124.15,124.15,124.15,124.15,0
2021-01-21-19-28-00 GMT-0500,124.15,124.15,124.15,124.15,124.15,0
2021-01-21-19-29-00 GMT-0500,124.15,124.15,124.15,124.15,124.15,0
2021-01-21-19-30-00 GMT-0500,124.2,124.2,124.2,124.2,124.2,0
2021-01-21-19-33-00 GMT-0500,124.01,124.15,124.01,124.15,124.15,0
2021-01-21-19-34-00 GMT-0500,124.1,124.1,124.0,124.0,124.0,0
2021-01-21-19-35-00 GMT-0500,124.0,124.0,124.0,124.0,124.0,0
2021-01-21-19-37-00 GMT-0500,124.1,124.16,124.1,124.16,124.16,0
2021-01-21-19-38-00 GMT-0500,124.1,124.16,124.1,124.16,124.16,0
2021-01-21-19-39-00 GMT-0500,124.02,124.02,124.0,124.0,124.0,0
2021-01-21-19-40-00 GMT-0500,124.1,124.1,124.1,124.1,124.1,0
2021-01-21-19-41-00 GMT-0500,124.1,124.1,124.1,124.1,124.1,0
2021-01-21-19-42-00 GMT-0500,124.1,124.1,124.1,124.1,124.1,0
2021-01-21-19-43-00 GMT-0500,124.0,124.0,124.0,124.0,124.0,0
2021-01-21-19-44-00 GMT-0500,124.0,124.0,124.0,124.0,124.0,0
2021-01-21-19-45-00 GMT-0500,123.9,124.0,123.87,123.87,123.87,0
2021-01-21-19-46-00 GMT-0500,123.8,123.8,123.5,123.5,123.5,0
2021-01-21-19-49-00 GMT-0500,123.88,123.88,123.51,123.51,123.51,0
2021-01-21-19-50-00 GMT-0500,123.88,123.88,123.88,123.88,123.88,0
2021-01-21-19-51-00 GMT-0500,124.2,124.2,124.0,124.0,124.0,0
2021-01-21-19-52-00 GMT-0500,124.0,124.1,124.0,124.1,124.1,0
2021-01-21-19-53-00 GMT-0500,124.1,124.1,124.1,124.1,124.1,0
2021-01-21-19-54-00 GMT-0500,124.1,124.1,124.0,124.0,124.0,0
2021-01-21-19-55-00 GMT-0500,123.99,123.99,123.99,123.99,123.99,0
2021-01-21-19-56-00 GMT-0500,123.88,124.2,123.88,124.2,124.2,0
2021-01-21-19-57-00 GMT-0500,123.88,123.88,123.88,123.88,123.88,0
2021-01-21-19-59-00 GMT-0500,124.1,124.1999,123.88,124.1999,124.1999,0
