Datetime,Open,High,Low,Close,Adj Close,Volume
2021-12-17-04-04-00 GMT-0500,52.64,52.64,52.62,52.62,52.62,0
2021-12-17-04-06-00 GMT-0500,52.73,52.73,52.65,52.65,52.65,0
2021-12-17-04-08-00 GMT-0500,52.61,52.61,52.6,52.6,52.6,0
2021-12-17-04-09-00 GMT-0500,52.65,52.65,52.6,52.6,52.6,0
2021-12-17-04-10-00 GMT-0500,52.6,52.6,52.6,52.6,52.6,0
2021-12-17-04-11-00 GMT-0500,52.6,52.62,52.6,52.62,52.62,0
2021-12-17-04-16-00 GMT-0500,52.62,52.62,52.62,52.62,52.62,0
2021-12-17-04-17-00 GMT-0500,52.69,52.72,52.69,52.72,52.72,0
2021-12-17-04-18-00 GMT-0500,52.63,52.63,52.63,52.63,52.63,0
2021-12-17-04-19-00 GMT-0500,52.63,52.63,52.62,52.63,52.63,0
2021-12-17-04-20-00 GMT-0500,52.56,52.56,52.5,52.55,52.55,0
2021-12-17-04-21-00 GMT-0500,52.54,52.59,52.5,52.59,52.59,0
2021-12-17-04-22-00 GMT-0500,52.55,52.55,52.53,52.54,52.54,0
2021-12-17-04-23-00 GMT-0500,52.55,52.56,52.55,52.56,52.56,0
2021-12-17-04-25-00 GMT-0500,52.59,52.63,52.59,52.63,52.63,0
2021-12-17-04-29-00 GMT-0500,52.63,52.69,52.63,52.69,52.69,0
2021-12-17-04-30-00 GMT-0500,52.69,52.7,52.68,52.7,52.7,0
2021-12-17-04-32-00 GMT-0500,52.74,52.74,52.71,52.71,52.71,0
2021-12-17-04-33-00 GMT-0500,52.72,52.72,52.72,52.72,52.72,0
2021-12-17-04-37-00 GMT-0500,52.74,52.74,52.74,52.74,52.74,0
2021-12-17-04-39-00 GMT-0500,52.73,52.74,52.73,52.74,52.74,0
2021-12-17-04-45-00 GMT-0500,52.72,52.72,52.7,52.7,52.7,0
2021-12-17-04-47-00 GMT-0500,52.64,52.67,52.64,52.67,52.67,0
2021-12-17-04-48-00 GMT-0500,52.68,52.7,52.68,52.7,52.7,0
2021-12-17-04-51-00 GMT-0500,52.67,52.67,52.65,52.67,52.67,0
2021-12-17-05-02-00 GMT-0500,52.59,52.65,52.59,52.59,52.59,0
2021-12-17-05-04-00 GMT-0500,52.55,52.59,52.27,52.52,52.52,0
2021-12-17-05-05-00 GMT-0500,52.52,52.52,52.52,52.52,52.52,0
2021-12-17-05-07-00 GMT-0500,52.45,52.52,52.45,52.45,52.45,0
2021-12-17-05-13-00 GMT-0500,52.45,52.45,52.45,52.45,52.45,0
2021-12-17-05-18-00 GMT-0500,52.43,52.45,52.43,52.45,52.45,0
2021-12-17-05-33-00 GMT-0500,52.46,52.46,52.45,52.45,52.45,0
2021-12-17-05-35-00 GMT-0500,52.41,52.41,52.41,52.41,52.41,0
2021-12-17-05-40-00 GMT-0500,52.34,52.5,52.34,52.34,52.34,0
2021-12-17-05-44-00 GMT-0500,52.42,52.42,52.41,52.41,52.41,0
2021-12-17-05-51-00 GMT-0500,52.42,52.47,52.42,52.46,52.46,0
2021-12-17-05-56-00 GMT-0500,52.43,52.43,52.43,52.43,52.43,0
2021-12-17-05-59-00 GMT-0500,52.42,52.42,52.42,52.42,52.42,0
2021-12-17-06-00-00 GMT-0500,52.43,52.43,52.42,52.42,52.42,0
2021-12-17-06-01-00 GMT-0500,52.43,52.43,52.38,52.43,52.43,0
2021-12-17-06-10-00 GMT-0500,52.47,52.47,52.47,52.47,52.47,0
2021-12-17-06-32-00 GMT-0500,52.47,52.5,52.47,52.5,52.5,0
2021-12-17-06-51-00 GMT-0500,52.44,52.44,52.44,52.44,52.44,0
2021-12-17-07-00-00 GMT-0500,52.44,52.45,52.38,52.45,52.45,0
2021-12-17-07-03-00 GMT-0500,52.43,52.43,52.38,52.38,52.38,0
2021-12-17-07-04-00 GMT-0500,52.39,52.46,52.39,52.46,52.46,0
2021-12-17-07-08-00 GMT-0500,52.43,52.44,52.43,52.44,52.44,0
2021-12-17-07-09-00 GMT-0500,52.45,52.46,52.45,52.46,52.46,0
2021-12-17-07-10-00 GMT-0500,52.46,52.46,52.46,52.46,52.46,0
2021-12-17-07-15-00 GMT-0500,52.45,52.45,52.43,52.43,52.43,0
2021-12-17-07-28-00 GMT-0500,52.46,52.47,52.44,52.45,52.45,0
2021-12-17-07-40-00 GMT-0500,52.42,52.45,52.42,52.45,52.45,0
2021-12-17-07-49-00 GMT-0500,52.44,52.44,52.41,52.41,52.41,0
2021-12-17-07-56-00 GMT-0500,52.43,52.43,52.4,52.43,52.43,0
2021-12-17-07-59-00 GMT-0500,52.43,52.43,52.4,52.4,52.4,0
2021-12-17-08-00-00 GMT-0500,52.382,52.47,52.38,52.44,52.44,0
2021-12-17-08-01-00 GMT-0500,52.42,52.46,52.42,52.46,52.46,0
2021-12-17-08-05-00 GMT-0500,52.4698,52.4698,52.4698,52.4698,52.4698,0
2021-12-17-08-06-00 GMT-0500,52.45,52.47,52.44,52.46,52.46,0
2021-12-17-08-10-00 GMT-0500,52.44,52.47,52.44,52.46,52.46,0
2021-12-17-08-11-00 GMT-0500,52.46,52.47,52.46,52.46,52.46,0
2021-12-17-08-13-00 GMT-0500,52.48,52.48,52.48,52.48,52.48,0
2021-12-17-08-17-00 GMT-0500,52.46,52.47,52.46,52.47,52.47,0
2021-12-17-08-18-00 GMT-0500,52.48,52.48,52.46,52.47,52.47,0
2021-12-17-08-19-00 GMT-0500,52.48,52.48,52.4799,52.4799,52.4799,0
2021-12-17-08-24-00 GMT-0500,52.49,52.49,52.49,52.49,52.49,0
2021-12-17-08-28-00 GMT-0500,52.49,52.49,52.48,52.48,52.48,0
2021-12-17-08-29-00 GMT-0500,52.48,52.53,52.48,52.53,52.53,0
2021-12-17-08-31-00 GMT-0500,52.5,52.53,52.5,52.53,52.53,0
2021-12-17-08-32-00 GMT-0500,52.53,52.55,52.53,52.55,52.55,0
2021-12-17-08-35-00 GMT-0500,52.57,52.63,52.57,52.63,52.63,0
2021-12-17-08-36-00 GMT-0500,52.63,52.63,52.61,52.61,52.61,0
2021-12-17-08-37-00 GMT-0500,52.61,52.61,52.61,52.61,52.61,0
2021-12-17-08-38-00 GMT-0500,52.6,52.61,52.59,52.61,52.61,0
2021-12-17-08-40-00 GMT-0500,52.56,52.56,52.56,52.56,52.56,0
2021-12-17-08-41-00 GMT-0500,52.57,52.57,52.57,52.57,52.57,0
2021-12-17-08-42-00 GMT-0500,52.59,52.59,52.58,52.58,52.58,0
2021-12-17-08-43-00 GMT-0500,52.56,52.59,52.56,52.59,52.59,0
2021-12-17-08-44-00 GMT-0500,52.59,52.6,52.59,52.6,52.6,0
2021-12-17-08-45-00 GMT-0500,52.6,52.6,52.58,52.58,52.58,0
2021-12-17-08-46-00 GMT-0500,52.59,52.59,52.59,52.59,52.59,0
2021-12-17-08-47-00 GMT-0500,52.58,52.58,52.57,52.58,52.58,0
2021-12-17-08-49-00 GMT-0500,52.59,52.6,52.58,52.6,52.6,0
2021-12-17-08-54-00 GMT-0500,52.6,52.6,52.57,52.57,52.57,0
2021-12-17-08-57-00 GMT-0500,52.57,52.58,52.56,52.56,52.56,0
2021-12-17-08-58-00 GMT-0500,52.55,52.57,52.55,52.56,52.56,0
2021-12-17-08-59-00 GMT-0500,52.55,52.57,52.55,52.55,52.55,0
2021-12-17-09-00-00 GMT-0500,52.55,52.61,52.55,52.6,52.6,0
2021-12-17-09-01-00 GMT-0500,52.61,52.64,52.6,52.64,52.64,0
2021-12-17-09-02-00 GMT-0500,52.62,52.64,52.62,52.64,52.64,0
2021-12-17-09-03-00 GMT-0500,52.635,52.635,52.63,52.63,52.63,0
2021-12-17-09-04-00 GMT-0500,52.63,52.69,52.59,52.69,52.69,0
2021-12-17-09-05-00 GMT-0500,52.68,52.69,52.67,52.69,52.69,0
2021-12-17-09-06-00 GMT-0500,52.68,52.69,52.66,52.66,52.66,0
2021-12-17-09-07-00 GMT-0500,52.64,52.65,52.6,52.6,52.6,0
2021-12-17-09-08-00 GMT-0500,52.6,52.615,52.6,52.615,52.615,0
2021-12-17-09-10-00 GMT-0500,52.63,52.63,52.6,52.6,52.6,0
2021-12-17-09-12-00 GMT-0500,52.62,52.62,52.61,52.61,52.61,0
2021-12-17-09-30-00 GMT-0500,53.04999923706055,53.150001525878906,52.91999816894531,53.04499816894531,53.04499816894531,3311121
2021-12-17-09-31-00 GMT-0500,53.04999923706055,53.150001525878906,52.880001068115234,52.95000076293945,52.95000076293945,234898
2021-12-17-09-32-00 GMT-0500,52.939998626708984,52.97999954223633,52.75,52.80500030517578,52.80500030517578,166999
2021-12-17-09-33-00 GMT-0500,52.79999923706055,52.90999984741211,52.72999954223633,52.79999923706055,52.79999923706055,155002
2021-12-17-09-34-00 GMT-0500,52.79999923706055,52.91999816894531,52.779998779296875,52.86000061035156,52.86000061035156,104859
2021-12-17-09-35-00 GMT-0500,52.869998931884766,52.91999816894531,52.72999954223633,52.742000579833984,52.742000579833984,183628
2021-12-17-09-36-00 GMT-0500,52.744998931884766,52.82500076293945,52.7400016784668,52.790000915527344,52.790000915527344,69497
2021-12-17-09-37-00 GMT-0500,52.790000915527344,52.849998474121094,52.779998779296875,52.779998779296875,52.779998779296875,133940
2021-12-17-09-38-00 GMT-0500,52.775001525878906,52.81999969482422,52.76499938964844,52.790000915527344,52.790000915527344,64452
2021-12-17-09-39-00 GMT-0500,52.779998779296875,52.810001373291016,52.7400016784668,52.78499984741211,52.78499984741211,137442
2021-12-17-09-40-00 GMT-0500,52.78499984741211,52.79999923706055,52.689998626708984,52.70899963378906,52.70899963378906,103120
2021-12-17-09-41-00 GMT-0500,52.70500183105469,52.7400016784668,52.61000061035156,52.72999954223633,52.72999954223633,307901
2021-12-17-09-42-00 GMT-0500,52.72999954223633,52.81999969482422,52.71229934692383,52.810001373291016,52.810001373291016,112124
2021-12-17-09-43-00 GMT-0500,52.814998626708984,52.82500076293945,52.66999816894531,52.69499969482422,52.69499969482422,90858
2021-12-17-09-44-00 GMT-0500,52.689998626708984,52.75,52.650001525878906,52.67499923706055,52.67499923706055,118713
2021-12-17-09-45-00 GMT-0500,52.66999816894531,52.775001525878906,52.654998779296875,52.66999816894531,52.66999816894531,67233
2021-12-17-09-46-00 GMT-0500,52.66999816894531,52.685001373291016,52.595001220703125,52.67499923706055,52.67499923706055,153558
2021-12-17-09-47-00 GMT-0500,52.66999816894531,52.68000030517578,52.5,52.5099983215332,52.5099983215332,114789
2021-12-17-09-48-00 GMT-0500,52.52000045776367,52.560001373291016,52.5,52.505001068115234,52.505001068115234,92409
2021-12-17-09-49-00 GMT-0500,52.505001068115234,52.53839874267578,52.4900016784668,52.525001525878906,52.525001525878906,117085
2021-12-17-09-50-00 GMT-0500,52.529998779296875,52.560001373291016,52.494998931884766,52.540000915527344,52.540000915527344,148856
2021-12-17-09-51-00 GMT-0500,52.53499984741211,52.56999969482422,52.4900016784668,52.56999969482422,52.56999969482422,62164
2021-12-17-09-52-00 GMT-0500,52.57500076293945,52.60499954223633,52.52000045776367,52.59000015258789,52.59000015258789,138071
2021-12-17-09-53-00 GMT-0500,52.58000183105469,52.59000015258789,52.52000045776367,52.52000045776367,52.52000045776367,43320
2021-12-17-09-54-00 GMT-0500,52.52000045776367,52.559898376464844,52.4900016784668,52.53499984741211,52.53499984741211,139340
2021-12-17-09-55-00 GMT-0500,52.540000915527344,52.55500030517578,52.4900016784668,52.5,52.5,70950
2021-12-17-09-56-00 GMT-0500,52.5,52.53499984741211,52.44499969482422,52.45500183105469,52.45500183105469,180566
2021-12-17-09-57-00 GMT-0500,52.459999084472656,52.459999084472656,52.38999938964844,52.38999938964844,52.38999938964844,83003
2021-12-17-09-58-00 GMT-0500,52.380001068115234,52.42499923706055,52.375,52.41999816894531,52.41999816894531,53968
2021-12-17-09-59-00 GMT-0500,52.41999816894531,52.4900016784668,52.40999984741211,52.459999084472656,52.459999084472656,58058
2021-12-17-10-00-00 GMT-0500,52.459999084472656,52.499900817871094,52.45000076293945,52.470001220703125,52.470001220703125,63212
2021-12-17-10-01-00 GMT-0500,52.459999084472656,52.473201751708984,52.404998779296875,52.44499969482422,52.44499969482422,127892
2021-12-17-10-02-00 GMT-0500,52.44499969482422,52.505001068115234,52.435001373291016,52.46500015258789,52.46500015258789,89105
2021-12-17-10-03-00 GMT-0500,52.46009826660156,52.46009826660156,52.38999938964844,52.415000915527344,52.415000915527344,137814
2021-12-17-10-04-00 GMT-0500,52.40999984741211,52.45000076293945,52.36040115356445,52.38999938964844,52.38999938964844,65521
2021-12-17-10-05-00 GMT-0500,52.38999938964844,52.47999954223633,52.38999938964844,52.467498779296875,52.467498779296875,34362
2021-12-17-10-06-00 GMT-0500,52.459999084472656,52.55500030517578,52.45000076293945,52.55500030517578,52.55500030517578,52753
2021-12-17-10-07-00 GMT-0500,52.55759811401367,52.59000015258789,52.540000915527344,52.564998626708984,52.564998626708984,28473
2021-12-17-10-08-00 GMT-0500,52.564998626708984,52.59000015258789,52.540000915527344,52.56999969482422,52.56999969482422,40083
2021-12-17-10-09-00 GMT-0500,52.56999969482422,52.58000183105469,52.5,52.5,52.5,26787
2021-12-17-10-10-00 GMT-0500,52.5099983215332,52.52000045776367,52.45199966430664,52.483001708984375,52.483001708984375,44794
2021-12-17-10-11-00 GMT-0500,52.47999954223633,52.53499984741211,52.459999084472656,52.529998779296875,52.529998779296875,47448
2021-12-17-10-12-00 GMT-0500,52.529998779296875,52.54499816894531,52.5,52.514198303222656,52.514198303222656,25768
2021-12-17-10-13-00 GMT-0500,52.52000045776367,52.54999923706055,52.4900016784668,52.49589920043945,52.49589920043945,48986
2021-12-17-10-14-00 GMT-0500,52.493499755859375,52.56930160522461,52.470001220703125,52.56930160522461,52.56930160522461,28285
2021-12-17-10-15-00 GMT-0500,52.560001373291016,52.630001068115234,52.53499984741211,52.619998931884766,52.619998931884766,45424
2021-12-17-10-16-00 GMT-0500,52.625,52.6599006652832,52.6150016784668,52.654998779296875,52.654998779296875,29493
2021-12-17-10-17-00 GMT-0500,52.650001525878906,52.66999816894531,52.61000061035156,52.625,52.625,56227
2021-12-17-10-18-00 GMT-0500,52.630001068115234,52.650001525878906,52.56010055541992,52.56999969482422,52.56999969482422,47155
2021-12-17-10-19-00 GMT-0500,52.57500076293945,52.630001068115234,52.560001373291016,52.62369918823242,52.62369918823242,42038
2021-12-17-10-20-00 GMT-0500,52.630001068115234,52.70000076293945,52.619998931884766,52.70000076293945,52.70000076293945,67665
2021-12-17-10-21-00 GMT-0500,52.69820022583008,52.709999084472656,52.68000030517578,52.685001373291016,52.685001373291016,55628
2021-12-17-10-22-00 GMT-0500,52.685001373291016,52.689998626708984,52.630001068115234,52.63999938964844,52.63999938964844,107624
2021-12-17-10-23-00 GMT-0500,52.650001525878906,52.75,52.63999938964844,52.744998931884766,52.744998931884766,57185
2021-12-17-10-24-00 GMT-0500,52.744998931884766,52.755001068115234,52.689998626708984,52.70000076293945,52.70000076293945,40953
2021-12-17-10-25-00 GMT-0500,52.709999084472656,52.720001220703125,52.68000030517578,52.68000030517578,52.68000030517578,33411
2021-12-17-10-26-00 GMT-0500,52.67499923706055,52.68000030517578,52.599998474121094,52.63999938964844,52.63999938964844,71033
2021-12-17-10-27-00 GMT-0500,52.625,52.630001068115234,52.57500076293945,52.599998474121094,52.599998474121094,39232
2021-12-17-10-28-00 GMT-0500,52.61000061035156,52.630001068115234,52.58000183105469,52.58000183105469,52.58000183105469,31578
2021-12-17-10-29-00 GMT-0500,52.58000183105469,52.63999938964844,52.564998626708984,52.60499954223633,52.60499954223633,69826
2021-12-17-10-30-00 GMT-0500,52.60499954223633,52.630001068115234,52.58000183105469,52.584999084472656,52.584999084472656,79650
2021-12-17-10-31-00 GMT-0500,52.58000183105469,52.59000015258789,52.560001373291016,52.584999084472656,52.584999084472656,34479
2021-12-17-10-32-00 GMT-0500,52.582698822021484,52.59669876098633,52.540000915527344,52.59669876098633,52.59669876098633,47575
2021-12-17-10-33-00 GMT-0500,52.59000015258789,52.65999984741211,52.584999084472656,52.65999984741211,52.65999984741211,50916
2021-12-17-10-34-00 GMT-0500,52.650001525878906,52.66999816894531,52.6150016784668,52.64569854736328,52.64569854736328,53940
2021-12-17-10-35-00 GMT-0500,52.64500045776367,52.70000076293945,52.6349983215332,52.65999984741211,52.65999984741211,169041
2021-12-17-10-36-00 GMT-0500,52.65999984741211,52.66999816894531,52.62009811401367,52.6349983215332,52.6349983215332,26743
2021-12-17-10-37-00 GMT-0500,52.6349983215332,52.650001525878906,52.599998474121094,52.61199951171875,52.61199951171875,94621
2021-12-17-10-38-00 GMT-0500,52.61040115356445,52.619998931884766,52.56999969482422,52.599998474121094,52.599998474121094,66058
2021-12-17-10-39-00 GMT-0500,52.59000015258789,52.599998474121094,52.525001525878906,52.529998779296875,52.529998779296875,42896
2021-12-17-10-40-00 GMT-0500,52.52000045776367,52.58000183105469,52.52000045776367,52.560001373291016,52.560001373291016,73208
2021-12-17-10-41-00 GMT-0500,52.55860137939453,52.56999969482422,52.540000915527344,52.55500030517578,52.55500030517578,95776
2021-12-17-10-42-00 GMT-0500,52.55500030517578,52.56999969482422,52.5099983215332,52.52000045776367,52.52000045776367,101390
2021-12-17-10-43-00 GMT-0500,52.52000045776367,52.54999923706055,52.505001068115234,52.529998779296875,52.529998779296875,34797
2021-12-17-10-44-00 GMT-0500,52.53499984741211,52.58000183105469,52.53499984741211,52.58000183105469,52.58000183105469,50566
2021-12-17-10-45-00 GMT-0500,52.58000183105469,52.630001068115234,52.58000183105469,52.630001068115234,52.630001068115234,61015
2021-12-17-10-46-00 GMT-0500,52.6338005065918,52.707698822021484,52.62990188598633,52.707698822021484,52.707698822021484,27979
2021-12-17-10-47-00 GMT-0500,52.70240020751953,52.73899841308594,52.70000076293945,52.734798431396484,52.734798431396484,24972
2021-12-17-10-48-00 GMT-0500,52.73500061035156,52.7400016784668,52.709999084472656,52.720001220703125,52.720001220703125,24123
2021-12-17-10-49-00 GMT-0500,52.71590042114258,52.72999954223633,52.689998626708984,52.706600189208984,52.706600189208984,40362
2021-12-17-10-50-00 GMT-0500,52.70500183105469,52.720001220703125,52.665000915527344,52.685001373291016,52.685001373291016,40499
2021-12-17-10-51-00 GMT-0500,52.68000030517578,52.689998626708984,52.619998931884766,52.63999938964844,52.63999938964844,32295
2021-12-17-10-53-00 GMT-0500,52.702301025390625,52.709999084472656,52.70000076293945,52.70500183105469,52.70500183105469,99187
2021-12-17-10-54-00 GMT-0500,52.70000076293945,52.709999084472656,52.654998779296875,52.67499923706055,52.67499923706055,53577
2021-12-17-10-55-00 GMT-0500,52.66999816894531,52.68000030517578,52.63209915161133,52.650001525878906,52.650001525878906,39874
2021-12-17-10-56-00 GMT-0500,52.650001525878906,52.66999816894531,52.630001068115234,52.64500045776367,52.64500045776367,33083
2021-12-17-10-57-00 GMT-0500,52.64500045776367,52.66939926147461,52.61000061035156,52.66939926147461,52.66939926147461,50357
2021-12-17-10-58-00 GMT-0500,52.665000915527344,52.72999954223633,52.66419982910156,52.71189880371094,52.71189880371094,56063
2021-12-17-10-59-00 GMT-0500,52.714698791503906,52.72999954223633,52.70000076293945,52.709999084472656,52.709999084472656,44461
2021-12-17-11-00-00 GMT-0500,52.709999084472656,52.720001220703125,52.66999816894531,52.706298828125,52.706298828125,37021
2021-12-17-11-01-00 GMT-0500,52.70500183105469,52.709999084472656,52.650001525878906,52.65700149536133,52.65700149536133,51808
2021-12-17-11-02-00 GMT-0500,52.654998779296875,52.65999984741211,52.60499954223633,52.6150016784668,52.6150016784668,85817
2021-12-17-11-03-00 GMT-0500,52.6150016784668,52.65999984741211,52.599998474121094,52.60499954223633,52.60499954223633,162602
2021-12-17-11-04-00 GMT-0500,52.60499954223633,52.61000061035156,52.54999923706055,52.54999923706055,52.54999923706055,113256
2021-12-17-11-05-00 GMT-0500,52.55500030517578,52.59000015258789,52.55189895629883,52.560001373291016,52.560001373291016,55151
2021-12-17-11-06-00 GMT-0500,52.560001373291016,52.58679962158203,52.55500030517578,52.57500076293945,52.57500076293945,43289
2021-12-17-11-07-00 GMT-0500,52.56999969482422,52.58000183105469,52.54499816894531,52.54999923706055,52.54999923706055,82797
2021-12-17-11-08-00 GMT-0500,52.54999923706055,52.560001373291016,52.540199279785156,52.55500030517578,52.55500030517578,117380
2021-12-17-11-09-00 GMT-0500,52.55500030517578,52.56999969482422,52.529998779296875,52.54999923706055,52.54999923706055,76811
2021-12-17-11-10-00 GMT-0500,52.540000915527344,52.560001373291016,52.51499938964844,52.551700592041016,52.551700592041016,87456
2021-12-17-11-11-00 GMT-0500,52.55500030517578,52.560001373291016,52.52000045776367,52.560001373291016,52.560001373291016,61814
2021-12-17-11-12-00 GMT-0500,52.564998626708984,52.58000183105469,52.52000045776367,52.54999923706055,52.54999923706055,56899
2021-12-17-11-13-00 GMT-0500,52.54130172729492,52.58000183105469,52.5099983215332,52.56999969482422,52.56999969482422,106580
2021-12-17-11-14-00 GMT-0500,52.58000183105469,52.599998474121094,52.56999969482422,52.59000015258789,52.59000015258789,32304
2021-12-17-11-15-00 GMT-0500,52.59000015258789,52.62990188598633,52.59000015258789,52.619998931884766,52.619998931884766,26577
2021-12-17-11-16-00 GMT-0500,52.630001068115234,52.650001525878906,52.619998931884766,52.625,52.625,40033
2021-12-17-11-17-00 GMT-0500,52.625,52.65999984741211,52.625,52.6349983215332,52.6349983215332,39554
2021-12-17-11-18-00 GMT-0500,52.63840103149414,52.689998626708984,52.6349983215332,52.689998626708984,52.689998626708984,22815
2021-12-17-11-19-00 GMT-0500,52.685001373291016,52.7400016784668,52.68000030517578,52.71500015258789,52.71500015258789,66810
2021-12-17-11-20-00 GMT-0500,52.709999084472656,52.720001220703125,52.644798278808594,52.64500045776367,52.64500045776367,42389
2021-12-17-11-21-00 GMT-0500,52.64500045776367,52.66999816894531,52.64500045776367,52.66999816894531,52.66999816894531,35829
2021-12-17-11-22-00 GMT-0500,52.66999816894531,52.70000076293945,52.6682014465332,52.6682014465332,52.6682014465332,33658
2021-12-17-11-23-00 GMT-0500,52.66999816894531,52.66999816894531,52.63999938964844,52.66999816894531,52.66999816894531,20864
2021-12-17-11-24-00 GMT-0500,52.665000915527344,52.68000030517578,52.66360092163086,52.66999816894531,52.66999816894531,13741
2021-12-17-11-25-00 GMT-0500,52.67499923706055,52.70000076293945,52.67499923706055,52.692501068115234,52.692501068115234,45554
2021-12-17-11-26-00 GMT-0500,52.69499969482422,52.69499969482422,52.650001525878906,52.685001373291016,52.685001373291016,61953
2021-12-17-11-27-00 GMT-0500,52.685001373291016,52.70000076293945,52.68000030517578,52.69369888305664,52.69369888305664,46117
2021-12-17-11-28-00 GMT-0500,52.69499969482422,52.7400016784668,52.69499969482422,52.73500061035156,52.73500061035156,49798
2021-12-17-11-29-00 GMT-0500,52.73500061035156,52.7400016784668,52.68000030517578,52.70000076293945,52.70000076293945,50402
2021-12-17-11-30-00 GMT-0500,52.69499969482422,52.720001220703125,52.68009948730469,52.720001220703125,52.720001220703125,44747
2021-12-17-11-31-00 GMT-0500,52.71500015258789,52.7599983215332,52.70500183105469,52.73500061035156,52.73500061035156,57698
2021-12-17-11-32-00 GMT-0500,52.72999954223633,52.72999954223633,52.63999938964844,52.64500045776367,52.64500045776367,124051
2021-12-17-11-33-00 GMT-0500,52.648399353027344,52.66999816894531,52.6349983215332,52.66999816894531,52.66999816894531,56443
2021-12-17-11-34-00 GMT-0500,52.665000915527344,52.68000030517578,52.631099700927734,52.650001525878906,52.650001525878906,108765
2021-12-17-11-35-00 GMT-0500,52.650001525878906,52.67499923706055,52.64500045776367,52.650001525878906,52.650001525878906,52385
2021-12-17-11-36-00 GMT-0500,52.654998779296875,52.654998779296875,52.630001068115234,52.630001068115234,52.630001068115234,46755
2021-12-17-11-37-00 GMT-0500,52.630001068115234,52.63999938964844,52.602699279785156,52.619998931884766,52.619998931884766,43270
2021-12-17-11-38-00 GMT-0500,52.619998931884766,52.64500045776367,52.619998931884766,52.630001068115234,52.630001068115234,63322
2021-12-17-11-39-00 GMT-0500,52.625,52.63999938964844,52.589900970458984,52.6150016784668,52.6150016784668,69806
2021-12-17-11-40-00 GMT-0500,52.625,52.630001068115234,52.60499954223633,52.619998931884766,52.619998931884766,21049
2021-12-17-11-41-00 GMT-0500,52.619998931884766,52.689998626708984,52.6150016784668,52.689998626708984,52.689998626708984,71648
2021-12-17-11-42-00 GMT-0500,52.685001373291016,52.69499969482422,52.665000915527344,52.6786003112793,52.6786003112793,28062
2021-12-17-11-43-00 GMT-0500,52.675498962402344,52.685001373291016,52.64500045776367,52.650001525878906,52.650001525878906,49070
2021-12-17-11-44-00 GMT-0500,52.650001525878906,52.654998779296875,52.625,52.63999938964844,52.63999938964844,36112
2021-12-17-11-45-00 GMT-0500,52.63999938964844,52.689998626708984,52.63010025024414,52.685001373291016,52.685001373291016,30065
2021-12-17-11-46-00 GMT-0500,52.685001373291016,52.689998626708984,52.619998931884766,52.62009811401367,52.62009811401367,50625
2021-12-17-11-47-00 GMT-0500,52.625,52.654998779296875,52.61000061035156,52.6349983215332,52.6349983215332,36236
2021-12-17-11-48-00 GMT-0500,52.6349983215332,52.6349983215332,52.61000061035156,52.61040115356445,52.61040115356445,31522
2021-12-17-11-49-00 GMT-0500,52.61389923095703,52.650001525878906,52.61389923095703,52.63999938964844,52.63999938964844,26531
2021-12-17-11-50-00 GMT-0500,52.63999938964844,52.68000030517578,52.630001068115234,52.66999816894531,52.66999816894531,86714
2021-12-17-11-51-00 GMT-0500,52.679901123046875,52.68000030517578,52.665000915527344,52.67829895019531,52.67829895019531,23888
2021-12-17-11-52-00 GMT-0500,52.67499923706055,52.68000030517578,52.654998779296875,52.65999984741211,52.65999984741211,29055
2021-12-17-11-53-00 GMT-0500,52.665000915527344,52.69499969482422,52.665000915527344,52.68349838256836,52.68349838256836,30192
2021-12-17-11-54-00 GMT-0500,52.689998626708984,52.69609832763672,52.66999816894531,52.68000030517578,52.68000030517578,21944
2021-12-17-11-55-00 GMT-0500,52.66999816894531,52.66999816894531,52.63199996948242,52.64500045776367,52.64500045776367,30918
2021-12-17-11-56-00 GMT-0500,52.650001525878906,52.66999816894531,52.630001068115234,52.63999938964844,52.63999938964844,34792
2021-12-17-11-57-00 GMT-0500,52.6349983215332,52.65999984741211,52.619998931884766,52.64500045776367,52.64500045776367,83962
2021-12-17-11-58-00 GMT-0500,52.64500045776367,52.64500045776367,52.612098693847656,52.636600494384766,52.636600494384766,54956
2021-12-17-11-59-00 GMT-0500,52.630001068115234,52.64500045776367,52.60499954223633,52.625,52.625,33840
2021-12-17-12-00-00 GMT-0500,52.625,52.625,52.56999969482422,52.570098876953125,52.570098876953125,46274
2021-12-17-12-01-00 GMT-0500,52.57500076293945,52.61000061035156,52.573299407958984,52.60499954223633,52.60499954223633,40315
2021-12-17-12-02-00 GMT-0500,52.609901428222656,52.630001068115234,52.60499954223633,52.6150016784668,52.6150016784668,28292
2021-12-17-12-03-00 GMT-0500,52.6150016784668,52.6150016784668,52.599998474121094,52.6150016784668,52.6150016784668,28495
2021-12-17-12-04-00 GMT-0500,52.6150016784668,52.619998931884766,52.580101013183594,52.6088981628418,52.6088981628418,40330
2021-12-17-12-05-00 GMT-0500,52.60499954223633,52.61000061035156,52.595001220703125,52.595001220703125,52.595001220703125,11060
2021-12-17-12-06-00 GMT-0500,52.5984992980957,52.60929870605469,52.574100494384766,52.574100494384766,52.574100494384766,41012
2021-12-17-12-07-00 GMT-0500,52.57500076293945,52.58000183105469,52.54999923706055,52.564998626708984,52.564998626708984,39794
2021-12-17-12-08-00 GMT-0500,52.56999969482422,52.57500076293945,52.53350067138672,52.54499816894531,52.54499816894531,31821
2021-12-17-12-09-00 GMT-0500,52.544700622558594,52.56779861450195,52.5432014465332,52.56779861450195,52.56779861450195,21077
2021-12-17-12-10-00 GMT-0500,52.564701080322266,52.56999969482422,52.54999923706055,52.564998626708984,52.564998626708984,21790
2021-12-17-12-11-00 GMT-0500,52.560001373291016,52.57619857788086,52.54999923706055,52.57619857788086,52.57619857788086,23010
2021-12-17-12-12-00 GMT-0500,52.57809829711914,52.58000183105469,52.55009841918945,52.55500030517578,52.55500030517578,52151
2021-12-17-12-13-00 GMT-0500,52.560001373291016,52.61000061035156,52.560001373291016,52.59000015258789,52.59000015258789,39282
2021-12-17-12-14-00 GMT-0500,52.593101501464844,52.595001220703125,52.54499816894531,52.54499816894531,52.54499816894531,30664
2021-12-17-12-15-00 GMT-0500,52.548099517822266,52.564998626708984,52.53499984741211,52.55500030517578,52.55500030517578,61126
2021-12-17-12-16-00 GMT-0500,52.54999923706055,52.560001373291016,52.529998779296875,52.560001373291016,52.560001373291016,31139
2021-12-17-12-17-00 GMT-0500,52.564998626708984,52.595001220703125,52.529998779296875,52.59000015258789,52.59000015258789,51751
2021-12-17-12-18-00 GMT-0500,52.584999084472656,52.59000015258789,52.54499816894531,52.55500030517578,52.55500030517578,21903
2021-12-17-12-19-00 GMT-0500,52.55500030517578,52.55500030517578,52.529998779296875,52.54999923706055,52.54999923706055,59257
2021-12-17-12-20-00 GMT-0500,52.54499816894531,52.59000015258789,52.54499816894531,52.59000015258789,52.59000015258789,23161
2021-12-17-12-21-00 GMT-0500,52.59000015258789,52.60499954223633,52.562198638916016,52.564998626708984,52.564998626708984,46071
2021-12-17-12-22-00 GMT-0500,52.564998626708984,52.584999084472656,52.564998626708984,52.58330154418945,52.58330154418945,8460
2021-12-17-12-23-00 GMT-0500,52.584999084472656,52.599998474121094,52.584999084472656,52.595001220703125,52.595001220703125,12389
2021-12-17-12-24-00 GMT-0500,52.595001220703125,52.599998474121094,52.584999084472656,52.584999084472656,52.584999084472656,10623
2021-12-17-12-25-00 GMT-0500,52.59000015258789,52.60499954223633,52.57310104370117,52.57500076293945,52.57500076293945,57723
2021-12-17-12-26-00 GMT-0500,52.57500076293945,52.58000183105469,52.564998626708984,52.564998626708984,52.564998626708984,21411
2021-12-17-12-27-00 GMT-0500,52.56330108642578,52.56999969482422,52.54999923706055,52.564998626708984,52.564998626708984,14830
2021-12-17-12-28-00 GMT-0500,52.560001373291016,52.56999969482422,52.55500030517578,52.56650161743164,52.56650161743164,16408
2021-12-17-12-29-00 GMT-0500,52.564998626708984,52.595001220703125,52.560001373291016,52.57500076293945,52.57500076293945,42454
2021-12-17-12-30-00 GMT-0500,52.56999969482422,52.599998474121094,52.56999969482422,52.595001220703125,52.595001220703125,11152
2021-12-17-12-31-00 GMT-0500,52.599998474121094,52.630001068115234,52.599998474121094,52.619998931884766,52.619998931884766,50075
2021-12-17-12-32-00 GMT-0500,52.619998931884766,52.630001068115234,52.61000061035156,52.62779998779297,52.62779998779297,40563
2021-12-17-12-33-00 GMT-0500,52.625,52.63999938964844,52.623600006103516,52.6349983215332,52.6349983215332,17060
2021-12-17-12-34-00 GMT-0500,52.6349983215332,52.63999938964844,52.61289978027344,52.6150016784668,52.6150016784668,22457
2021-12-17-12-35-00 GMT-0500,52.6150016784668,52.630001068115234,52.61199951171875,52.625,52.625,16764
2021-12-17-12-36-00 GMT-0500,52.619998931884766,52.625,52.61000061035156,52.61360168457031,52.61360168457031,14260
2021-12-17-12-37-00 GMT-0500,52.6150016784668,52.619998931884766,52.61000061035156,52.6150016784668,52.6150016784668,5727
2021-12-17-12-38-00 GMT-0500,52.61989974975586,52.619998931884766,52.599998474121094,52.60609817504883,52.60609817504883,57757
2021-12-17-12-39-00 GMT-0500,52.60499954223633,52.619998931884766,52.599998474121094,52.60499954223633,52.60499954223633,11192
2021-12-17-12-40-00 GMT-0500,52.60499954223633,52.61000061035156,52.595001220703125,52.599998474121094,52.599998474121094,27870
2021-12-17-12-41-00 GMT-0500,52.59600067138672,52.61000061035156,52.584999084472656,52.5989990234375,52.5989990234375,68254
2021-12-17-12-42-00 GMT-0500,52.59000015258789,52.61000061035156,52.59000015258789,52.609100341796875,52.609100341796875,21999
2021-12-17-12-43-00 GMT-0500,52.60499954223633,52.61000061035156,52.59000015258789,52.599998474121094,52.599998474121094,19288
2021-12-17-12-44-00 GMT-0500,52.599998474121094,52.60919952392578,52.599998474121094,52.60499954223633,52.60499954223633,363624
2021-12-17-12-45-00 GMT-0500,52.60499954223633,52.61000061035156,52.59410095214844,52.599998474121094,52.599998474121094,26707
2021-12-17-12-46-00 GMT-0500,52.609901428222656,52.61000061035156,52.58000183105469,52.58000183105469,52.58000183105469,19544
2021-12-17-12-47-00 GMT-0500,52.584999084472656,52.589900970458984,52.58000183105469,52.584999084472656,52.584999084472656,12809
2021-12-17-12-48-00 GMT-0500,52.584999084472656,52.599998474121094,52.584999084472656,52.595001220703125,52.595001220703125,21453
2021-12-17-12-49-00 GMT-0500,52.595001220703125,52.61000061035156,52.58000183105469,52.59000015258789,52.59000015258789,57633
2021-12-17-12-50-00 GMT-0500,52.595001220703125,52.599998474121094,52.58000183105469,52.580101013183594,52.580101013183594,12119
2021-12-17-12-51-00 GMT-0500,52.584999084472656,52.599998474121094,52.5806999206543,52.59000015258789,52.59000015258789,15949
2021-12-17-12-52-00 GMT-0500,52.595001220703125,52.61000061035156,52.595001220703125,52.60499954223633,52.60499954223633,28221
2021-12-17-12-53-00 GMT-0500,52.604000091552734,52.61000061035156,52.58380126953125,52.60499954223633,52.60499954223633,23849
2021-12-17-12-54-00 GMT-0500,52.60749816894531,52.630001068115234,52.60499954223633,52.630001068115234,52.630001068115234,29131
2021-12-17-12-55-00 GMT-0500,52.625,52.630001068115234,52.61000061035156,52.62889862060547,52.62889862060547,30373
2021-12-17-12-56-00 GMT-0500,52.625,52.63990020751953,52.619998931884766,52.6244010925293,52.6244010925293,14720
2021-12-17-12-57-00 GMT-0500,52.625,52.62990188598633,52.61000061035156,52.619998931884766,52.619998931884766,15719
2021-12-17-12-58-00 GMT-0500,52.619998931884766,52.630001068115234,52.611000061035156,52.625,52.625,13406
2021-12-17-12-59-00 GMT-0500,52.625,52.64670181274414,52.62409973144531,52.63999938964844,52.63999938964844,32286
2021-12-17-13-00-00 GMT-0500,52.644500732421875,52.650001525878906,52.619998931884766,52.619998931884766,52.619998931884766,22179
2021-12-17-13-01-00 GMT-0500,52.61000061035156,52.62990188598633,52.61000061035156,52.61000061035156,52.61000061035156,13531
2021-12-17-13-02-00 GMT-0500,52.616600036621094,52.630001068115234,52.61000061035156,52.62779998779297,52.62779998779297,9160
2021-12-17-13-03-00 GMT-0500,52.619998931884766,52.630001068115234,52.6150016784668,52.625,52.625,30185
2021-12-17-13-04-00 GMT-0500,52.630001068115234,52.64500045776367,52.599998474121094,52.60499954223633,52.60499954223633,38423
2021-12-17-13-05-00 GMT-0500,52.60499954223633,52.6150016784668,52.595001220703125,52.595001220703125,52.595001220703125,23800
2021-12-17-13-06-00 GMT-0500,52.595001220703125,52.625,52.595001220703125,52.61000061035156,52.61000061035156,31882
2021-12-17-13-07-00 GMT-0500,52.599998474121094,52.599998474121094,52.584999084472656,52.59600067138672,52.59600067138672,21199
2021-12-17-13-08-00 GMT-0500,52.595001220703125,52.599998474121094,52.58000183105469,52.58000183105469,52.58000183105469,18992
2021-12-17-13-09-00 GMT-0500,52.57500076293945,52.619998931884766,52.570098876953125,52.619998931884766,52.619998931884766,27902
2021-12-17-13-10-00 GMT-0500,52.6150016784668,52.625,52.59400177001953,52.599998474121094,52.599998474121094,26096
2021-12-17-13-11-00 GMT-0500,52.59989929199219,52.599998474121094,52.59339904785156,52.599998474121094,52.599998474121094,9713
2021-12-17-13-12-00 GMT-0500,52.595001220703125,52.599998474121094,52.59159851074219,52.59700012207031,52.59700012207031,7299
2021-12-17-13-13-00 GMT-0500,52.595001220703125,52.599998474121094,52.59000015258789,52.595001220703125,52.595001220703125,14712
2021-12-17-13-14-00 GMT-0500,52.595001220703125,52.630001068115234,52.564998626708984,52.62269973754883,52.62269973754883,113200
2021-12-17-13-15-00 GMT-0500,52.625,52.64500045776367,52.6150016784668,52.61800003051758,52.61800003051758,19882
2021-12-17-13-16-00 GMT-0500,52.61669921875,52.630001068115234,52.611000061035156,52.619998931884766,52.619998931884766,14626
2021-12-17-13-17-00 GMT-0500,52.61180114746094,52.625,52.61000061035156,52.622501373291016,52.622501373291016,31279
2021-12-17-13-18-00 GMT-0500,52.619998931884766,52.619998931884766,52.58000183105469,52.584999084472656,52.584999084472656,49505
2021-12-17-13-19-00 GMT-0500,52.584999084472656,52.619998931884766,52.584999084472656,52.6150016784668,52.6150016784668,27155
2021-12-17-13-20-00 GMT-0500,52.6150016784668,52.6349983215332,52.61000061035156,52.630001068115234,52.630001068115234,15943
2021-12-17-13-21-00 GMT-0500,52.630001068115234,52.630001068115234,52.619998931884766,52.625,52.625,13117
2021-12-17-13-22-00 GMT-0500,52.630001068115234,52.630001068115234,52.62300109863281,52.62889862060547,52.62889862060547,7412
2021-12-17-13-23-00 GMT-0500,52.625,52.650001525878906,52.625,52.64500045776367,52.64500045776367,11385
2021-12-17-13-24-00 GMT-0500,52.650001525878906,52.650001525878906,52.63999938964844,52.64500045776367,52.64500045776367,14427
2021-12-17-13-25-00 GMT-0500,52.63999938964844,52.65999984741211,52.619998931884766,52.63999938964844,52.63999938964844,46724
2021-12-17-13-26-00 GMT-0500,52.63999938964844,52.67499923706055,52.63999938964844,52.654300689697266,52.654300689697266,45853
2021-12-17-13-27-00 GMT-0500,52.65629959106445,52.665000915527344,52.650001525878906,52.65999984741211,52.65999984741211,19300
2021-12-17-13-28-00 GMT-0500,52.65999984741211,52.68000030517578,52.64500045776367,52.68000030517578,52.68000030517578,88458
2021-12-17-13-29-00 GMT-0500,52.674198150634766,52.69499969482422,52.674198150634766,52.68669891357422,52.68669891357422,23695
2021-12-17-13-30-00 GMT-0500,52.685001373291016,52.685001373291016,52.63999938964844,52.66999816894531,52.66999816894531,34706
2021-12-17-13-31-00 GMT-0500,52.66999816894531,52.69499969482422,52.66999816894531,52.69499969482422,52.69499969482422,40739
2021-12-17-13-32-00 GMT-0500,52.69499969482422,52.709999084472656,52.689998626708984,52.70500183105469,52.70500183105469,34039
2021-12-17-13-33-00 GMT-0500,52.70500183105469,52.71879959106445,52.69430160522461,52.697601318359375,52.697601318359375,27330
2021-12-17-13-34-00 GMT-0500,52.70000076293945,52.71500015258789,52.69499969482422,52.69499969482422,52.69499969482422,23930
2021-12-17-13-35-00 GMT-0500,52.699798583984375,52.69990158081055,52.691200256347656,52.69499969482422,52.69499969482422,9308
2021-12-17-13-36-00 GMT-0500,52.69499969482422,52.709999084472656,52.689998626708984,52.709999084472656,52.709999084472656,66923
2021-12-17-13-37-00 GMT-0500,52.70500183105469,52.709999084472656,52.70209884643555,52.70500183105469,52.70500183105469,7339
2021-12-17-13-38-00 GMT-0500,52.70989990234375,52.724998474121094,52.701900482177734,52.724998474121094,52.724998474121094,24536
2021-12-17-13-39-00 GMT-0500,52.72999954223633,52.72999954223633,52.709999084472656,52.720001220703125,52.720001220703125,44438
2021-12-17-13-40-00 GMT-0500,52.724998474121094,52.72719955444336,52.70500183105469,52.709999084472656,52.709999084472656,28812
2021-12-17-13-41-00 GMT-0500,52.71500015258789,52.720001220703125,52.70500183105469,52.71500015258789,52.71500015258789,10357
2021-12-17-13-42-00 GMT-0500,52.71500015258789,52.720001220703125,52.70000076293945,52.70500183105469,52.70500183105469,11136
2021-12-17-13-43-00 GMT-0500,52.70000076293945,52.709999084472656,52.70000076293945,52.70500183105469,52.70500183105469,27784
2021-12-17-13-44-00 GMT-0500,52.70500183105469,52.720001220703125,52.70009994506836,52.71500015258789,52.71500015258789,21282
2021-12-17-13-45-00 GMT-0500,52.71500015258789,52.7400016784668,52.712501525878906,52.73500061035156,52.73500061035156,34856
2021-12-17-13-46-00 GMT-0500,52.73500061035156,52.744998931884766,52.72999954223633,52.73500061035156,52.73500061035156,26864
2021-12-17-13-47-00 GMT-0500,52.73500061035156,52.755001068115234,52.73500061035156,52.755001068115234,52.755001068115234,37620
2021-12-17-13-48-00 GMT-0500,52.75230026245117,52.78900146484375,52.75,52.78499984741211,52.78499984741211,26111
2021-12-17-13-49-00 GMT-0500,52.779998779296875,52.790000915527344,52.7765007019043,52.78499984741211,52.78499984741211,11521
2021-12-17-13-50-00 GMT-0500,52.78120040893555,52.79999923706055,52.78120040893555,52.78300094604492,52.78300094604492,28300
2021-12-17-13-51-00 GMT-0500,52.78499984741211,52.790000915527344,52.78010177612305,52.790000915527344,52.790000915527344,9295
2021-12-17-13-52-00 GMT-0500,52.78990173339844,52.790000915527344,52.76499938964844,52.76499938964844,52.76499938964844,23804
2021-12-17-13-53-00 GMT-0500,52.762901306152344,52.77000045776367,52.7599983215332,52.7599983215332,52.7599983215332,18898
2021-12-17-13-54-00 GMT-0500,52.76499938964844,52.77000045776367,52.7599983215332,52.76499938964844,52.76499938964844,10008
2021-12-17-13-55-00 GMT-0500,52.76499938964844,52.779998779296875,52.7599983215332,52.779998779296875,52.779998779296875,18525
2021-12-17-13-56-00 GMT-0500,52.779998779296875,52.79499816894531,52.77289962768555,52.79499816894531,52.79499816894531,32122
2021-12-17-13-57-00 GMT-0500,52.790000915527344,52.81719970703125,52.790000915527344,52.814998626708984,52.814998626708984,36066
2021-12-17-13-58-00 GMT-0500,52.814998626708984,52.81999969482422,52.810001373291016,52.814998626708984,52.814998626708984,17347
2021-12-17-13-59-00 GMT-0500,52.81999969482422,52.8489990234375,52.809898376464844,52.809898376464844,52.809898376464844,61270
2021-12-17-14-00-00 GMT-0500,52.810001373291016,52.83000183105469,52.803001403808594,52.83000183105469,52.83000183105469,53887
2021-12-17-14-01-00 GMT-0500,52.834999084472656,52.84000015258789,52.810001373291016,52.817298889160156,52.817298889160156,37197
2021-12-17-14-02-00 GMT-0500,52.810001373291016,52.819000244140625,52.7599983215332,52.779998779296875,52.779998779296875,52374
2021-12-17-14-03-00 GMT-0500,52.775001525878906,52.779998779296875,52.7599983215332,52.7599983215332,52.7599983215332,13893
2021-12-17-14-04-00 GMT-0500,52.7599983215332,52.790000915527344,52.75,52.790000915527344,52.790000915527344,56669
2021-12-17-14-05-00 GMT-0500,52.78499984741211,52.790000915527344,52.76499938964844,52.775001525878906,52.775001525878906,36337
2021-12-17-14-06-00 GMT-0500,52.772300720214844,52.790000915527344,52.77220153808594,52.78499984741211,52.78499984741211,18996
2021-12-17-14-07-00 GMT-0500,52.78499984741211,52.79999923706055,52.76499938964844,52.797000885009766,52.797000885009766,53230
2021-12-17-14-08-00 GMT-0500,52.790000915527344,52.79499816894531,52.77000045776367,52.77000045776367,52.77000045776367,30322
2021-12-17-14-09-00 GMT-0500,52.775001525878906,52.779998779296875,52.755001068115234,52.7577018737793,52.7577018737793,23416
2021-12-17-14-10-00 GMT-0500,52.755001068115234,52.7599983215332,52.719398498535156,52.719398498535156,52.719398498535156,56008
2021-12-17-14-11-00 GMT-0500,52.71989822387695,52.7599983215332,52.71500015258789,52.744998931884766,52.744998931884766,45300
2021-12-17-14-12-00 GMT-0500,52.75,52.7599983215332,52.75,52.7598991394043,52.7598991394043,8625
2021-12-17-14-13-00 GMT-0500,52.75680160522461,52.7599983215332,52.75,52.755001068115234,52.755001068115234,17607
2021-12-17-14-14-00 GMT-0500,52.7598991394043,52.7599983215332,52.744998931884766,52.75,52.75,22606
2021-12-17-14-15-00 GMT-0500,52.75,52.77000045776367,52.75,52.76499938964844,52.76499938964844,26902
2021-12-17-14-16-00 GMT-0500,52.76499938964844,52.790000915527344,52.76499938964844,52.775001525878906,52.775001525878906,42841
2021-12-17-14-17-00 GMT-0500,52.775001525878906,52.779998779296875,52.76499938964844,52.77870178222656,52.77870178222656,34449
2021-12-17-14-18-00 GMT-0500,52.774200439453125,52.779998779296875,52.77000045776367,52.775901794433594,52.775901794433594,20448
2021-12-17-14-19-00 GMT-0500,52.77000045776367,52.779998779296875,52.744998931884766,52.755001068115234,52.755001068115234,36096
2021-12-17-14-20-00 GMT-0500,52.755001068115234,52.77000045776367,52.73500061035156,52.7400016784668,52.7400016784668,29875
2021-12-17-14-21-00 GMT-0500,52.73500061035156,52.75,52.73500061035156,52.744998931884766,52.744998931884766,28863
2021-12-17-14-22-00 GMT-0500,52.744998931884766,52.7578010559082,52.742801666259766,52.75,52.75,24837
2021-12-17-14-23-00 GMT-0500,52.75,52.77000045776367,52.75,52.76499938964844,52.76499938964844,31668
2021-12-17-14-24-00 GMT-0500,52.76530075073242,52.790000915527344,52.76499938964844,52.775001525878906,52.775001525878906,21090
2021-12-17-14-25-00 GMT-0500,52.770198822021484,52.775001525878906,52.72999954223633,52.72999954223633,52.72999954223633,54117
2021-12-17-14-26-00 GMT-0500,52.73500061035156,52.74700164794922,52.72999954223633,52.7400016784668,52.7400016784668,16740
2021-12-17-14-27-00 GMT-0500,52.73440170288086,52.75,52.724998474121094,52.724998474121094,52.724998474121094,31455
2021-12-17-14-28-00 GMT-0500,52.724998474121094,52.73500061035156,52.71160125732422,52.720001220703125,52.720001220703125,26991
2021-12-17-14-29-00 GMT-0500,52.71500015258789,52.73500061035156,52.709999084472656,52.71500015258789,52.71500015258789,49494
2021-12-17-14-30-00 GMT-0500,52.71500015258789,52.724998474121094,52.69499969482422,52.69499969482422,52.69499969482422,41310
2021-12-17-14-31-00 GMT-0500,52.70000076293945,52.709999084472656,52.685001373291016,52.70000076293945,52.70000076293945,27461
2021-12-17-14-32-00 GMT-0500,52.70500183105469,52.70500183105469,52.685001373291016,52.69110107421875,52.69110107421875,19410
2021-12-17-14-33-00 GMT-0500,52.690101623535156,52.70500183105469,52.685001373291016,52.69499969482422,52.69499969482422,36965
2021-12-17-14-34-00 GMT-0500,52.694400787353516,52.709999084472656,52.694400787353516,52.70500183105469,52.70500183105469,15075
2021-12-17-14-35-00 GMT-0500,52.70000076293945,52.70989990234375,52.689998626708984,52.693599700927734,52.693599700927734,19000
2021-12-17-14-36-00 GMT-0500,52.69499969482422,52.709999084472656,52.685001373291016,52.689998626708984,52.689998626708984,35419
2021-12-17-14-37-00 GMT-0500,52.689998626708984,52.689998626708984,52.65999984741211,52.66999816894531,52.66999816894531,31202
2021-12-17-14-38-00 GMT-0500,52.665000915527344,52.689998626708984,52.665000915527344,52.689998626708984,52.689998626708984,25417
2021-12-17-14-39-00 GMT-0500,52.68000030517578,52.70000076293945,52.68000030517578,52.69200134277344,52.69200134277344,37182
2021-12-17-14-40-00 GMT-0500,52.70000076293945,52.709999084472656,52.68299865722656,52.689998626708984,52.689998626708984,38623
2021-12-17-14-41-00 GMT-0500,52.689998626708984,52.709999084472656,52.689998626708984,52.709999084472656,52.709999084472656,19509
2021-12-17-14-42-00 GMT-0500,52.70500183105469,52.709999084472656,52.70000076293945,52.70500183105469,52.70500183105469,22427
2021-12-17-14-43-00 GMT-0500,52.70500183105469,52.720001220703125,52.70000076293945,52.71500015258789,52.71500015258789,13864
2021-12-17-14-44-00 GMT-0500,52.71500015258789,52.71500015258789,52.689998626708984,52.69499969482422,52.69499969482422,26628
2021-12-17-14-45-00 GMT-0500,52.69499969482422,52.73500061035156,52.69499969482422,52.73500061035156,52.73500061035156,34258
2021-12-17-14-46-00 GMT-0500,52.7400016784668,52.744998931884766,52.733001708984375,52.7400016784668,52.7400016784668,24552
2021-12-17-14-47-00 GMT-0500,52.73500061035156,52.77000045776367,52.73419952392578,52.77000045776367,52.77000045776367,31682
2021-12-17-14-48-00 GMT-0500,52.76499938964844,52.775001525878906,52.755001068115234,52.775001525878906,52.775001525878906,39325
2021-12-17-14-49-00 GMT-0500,52.775001525878906,52.790000915527344,52.77000045776367,52.790000915527344,52.790000915527344,48441
2021-12-17-14-50-00 GMT-0500,52.779998779296875,52.78499984741211,52.7599983215332,52.77870178222656,52.77870178222656,61278
2021-12-17-14-51-00 GMT-0500,52.775001525878906,52.790000915527344,52.7599983215332,52.76020050048828,52.76020050048828,20086
2021-12-17-14-52-00 GMT-0500,52.7599983215332,52.77000045776367,52.750999450683594,52.76499938964844,52.76499938964844,34522
2021-12-17-14-53-00 GMT-0500,52.76649856567383,52.779998779296875,52.7599983215332,52.76490020751953,52.76490020751953,29927
2021-12-17-14-54-00 GMT-0500,52.7599983215332,52.76499938964844,52.7400016784668,52.744998931884766,52.744998931884766,36388
2021-12-17-14-55-00 GMT-0500,52.744998931884766,52.75,52.7400016784668,52.744998931884766,52.744998931884766,38690
2021-12-17-14-56-00 GMT-0500,52.74409866333008,52.75,52.7400016784668,52.744998931884766,52.744998931884766,16746
2021-12-17-14-57-00 GMT-0500,52.744998931884766,52.75,52.7400016784668,52.75,52.75,22072
2021-12-17-14-58-00 GMT-0500,52.7599983215332,52.7599983215332,52.7400016784668,52.755001068115234,52.755001068115234,35919
2021-12-17-14-59-00 GMT-0500,52.755001068115234,52.779998779296875,52.75,52.775001525878906,52.775001525878906,34424
2021-12-17-15-00-00 GMT-0500,52.77299880981445,52.78990173339844,52.77000045776367,52.7776985168457,52.7776985168457,26185
2021-12-17-15-01-00 GMT-0500,52.777198791503906,52.79499816894531,52.77000045776367,52.79499816894531,52.79499816894531,44314
2021-12-17-15-02-00 GMT-0500,52.79570007324219,52.79570007324219,52.775001525878906,52.78499984741211,52.78499984741211,22908
2021-12-17-15-03-00 GMT-0500,52.78499984741211,52.78499984741211,52.77000045776367,52.775001525878906,52.775001525878906,141068
2021-12-17-15-04-00 GMT-0500,52.775001525878906,52.78499984741211,52.75320053100586,52.755001068115234,52.755001068115234,111016
2021-12-17-15-05-00 GMT-0500,52.7599983215332,52.77000045776367,52.75,52.77000045776367,52.77000045776367,90627
2021-12-17-15-06-00 GMT-0500,52.76499938964844,52.779998779296875,52.76499938964844,52.775001525878906,52.775001525878906,24231
2021-12-17-15-07-00 GMT-0500,52.77000045776367,52.785400390625,52.77000045776367,52.78010177612305,52.78010177612305,28260
2021-12-17-15-08-00 GMT-0500,52.78139877319336,52.790000915527344,52.779998779296875,52.78499984741211,52.78499984741211,21360
2021-12-17-15-09-00 GMT-0500,52.790000915527344,52.790000915527344,52.78300094604492,52.78499984741211,52.78499984741211,16457
2021-12-17-15-10-00 GMT-0500,52.779998779296875,52.790000915527344,52.775001525878906,52.775299072265625,52.775299072265625,88125
2021-12-17-15-11-00 GMT-0500,52.775001525878906,52.790000915527344,52.775001525878906,52.78499984741211,52.78499984741211,21522
2021-12-17-15-12-00 GMT-0500,52.779998779296875,52.790000915527344,52.779998779296875,52.790000915527344,52.790000915527344,12530
2021-12-17-15-13-00 GMT-0500,52.78499984741211,52.790000915527344,52.7599983215332,52.76300048828125,52.76300048828125,43066
2021-12-17-15-14-00 GMT-0500,52.7599983215332,52.779998779296875,52.7599983215332,52.775001525878906,52.775001525878906,26360
2021-12-17-15-15-00 GMT-0500,52.775001525878906,52.814998626708984,52.77399826049805,52.814998626708984,52.814998626708984,57620
2021-12-17-15-16-00 GMT-0500,52.814998626708984,52.81999969482422,52.779998779296875,52.78499984741211,52.78499984741211,52208
2021-12-17-15-17-00 GMT-0500,52.78499984741211,52.80500030517578,52.779998779296875,52.79999923706055,52.79999923706055,55048
2021-12-17-15-18-00 GMT-0500,52.80500030517578,52.83000183105469,52.790000915527344,52.80500030517578,52.80500030517578,65312
2021-12-17-15-19-00 GMT-0500,52.80500030517578,52.814998626708984,52.79999923706055,52.8129997253418,52.8129997253418,22133
2021-12-17-15-20-00 GMT-0500,52.81999969482422,52.81999969482422,52.80500030517578,52.814998626708984,52.814998626708984,20159
2021-12-17-15-21-00 GMT-0500,52.814998626708984,52.81999969482422,52.810001373291016,52.814998626708984,52.814998626708984,15107
2021-12-17-15-22-00 GMT-0500,52.814998626708984,52.81999969482422,52.77000045776367,52.775001525878906,52.775001525878906,77021
2021-12-17-15-23-00 GMT-0500,52.77000045776367,52.809898376464844,52.77000045776367,52.79499816894531,52.79499816894531,44184
2021-12-17-15-24-00 GMT-0500,52.790000915527344,52.79999923706055,52.78499984741211,52.790000915527344,52.790000915527344,20942
2021-12-17-15-25-00 GMT-0500,52.78499984741211,52.790000915527344,52.779998779296875,52.78499984741211,52.78499984741211,23774
2021-12-17-15-26-00 GMT-0500,52.779998779296875,52.78499984741211,52.75,52.75,52.75,38295
2021-12-17-15-27-00 GMT-0500,52.75,52.7599983215332,52.7400016784668,52.75,52.75,56103
2021-12-17-15-28-00 GMT-0500,52.746700286865234,52.7599983215332,52.73099899291992,52.755001068115234,52.755001068115234,44586
2021-12-17-15-29-00 GMT-0500,52.755001068115234,52.779998779296875,52.75469970703125,52.775001525878906,52.775001525878906,54641
2021-12-17-15-30-00 GMT-0500,52.77000045776367,52.849998474121094,52.77000045776367,52.845001220703125,52.845001220703125,133091
2021-12-17-15-31-00 GMT-0500,52.84000015258789,52.849998474121094,52.83000183105469,52.845001220703125,52.845001220703125,53694
2021-12-17-15-32-00 GMT-0500,52.849998474121094,52.869998931884766,52.84000015258789,52.845001220703125,52.845001220703125,112151
2021-12-17-15-33-00 GMT-0500,52.845001220703125,52.88999938964844,52.84000015258789,52.88410186767578,52.88410186767578,119086
2021-12-17-15-34-00 GMT-0500,52.8849983215332,52.89500045776367,52.86000061035156,52.880001068115234,52.880001068115234,132897
2021-12-17-15-35-00 GMT-0500,52.880001068115234,52.904998779296875,52.875,52.880001068115234,52.880001068115234,66950
2021-12-17-15-36-00 GMT-0500,52.875,52.880001068115234,52.845001220703125,52.869998931884766,52.869998931884766,109238
2021-12-17-15-37-00 GMT-0500,52.86819839477539,52.880001068115234,52.845001220703125,52.849998474121094,52.849998474121094,87397
2021-12-17-15-38-00 GMT-0500,52.849998474121094,52.88740158081055,52.845001220703125,52.8849983215332,52.8849983215332,85990
2021-12-17-15-39-00 GMT-0500,52.8849983215332,52.900001525878906,52.884300231933594,52.89500045776367,52.89500045776367,105312
2021-12-17-15-40-00 GMT-0500,52.89500045776367,52.90999984741211,52.88999938964844,52.900001525878906,52.900001525878906,93146
2021-12-17-15-41-00 GMT-0500,52.904998779296875,52.915000915527344,52.875,52.88570022583008,52.88570022583008,73306
2021-12-17-15-42-00 GMT-0500,52.88999938964844,52.94499969482422,52.88999938964844,52.935001373291016,52.935001373291016,112743
2021-12-17-15-43-00 GMT-0500,52.93989944458008,52.970001220703125,52.93989944458008,52.959999084472656,52.959999084472656,64103
2021-12-17-15-44-00 GMT-0500,52.96500015258789,52.970001220703125,52.92499923706055,52.935001373291016,52.935001373291016,119594
2021-12-17-15-45-00 GMT-0500,52.935001373291016,52.970001220703125,52.92499923706055,52.970001220703125,52.970001220703125,132109
2021-12-17-15-46-00 GMT-0500,52.970001220703125,52.970001220703125,52.92499923706055,52.96989822387695,52.96989822387695,162203
2021-12-17-15-47-00 GMT-0500,52.959999084472656,52.970001220703125,52.935001373291016,52.935001373291016,52.935001373291016,149751
2021-12-17-15-48-00 GMT-0500,52.935001373291016,52.939998626708984,52.91999816894531,52.92499923706055,52.92499923706055,104690
2021-12-17-15-49-00 GMT-0500,52.92499923706055,52.92499923706055,52.8849983215332,52.89500045776367,52.89500045776367,151294
2021-12-17-15-50-00 GMT-0500,52.89500045776367,52.95000076293945,52.89500045776367,52.93000030517578,52.93000030517578,230618
2021-12-17-15-51-00 GMT-0500,52.93000030517578,52.959999084472656,52.93000030517578,52.95500183105469,52.95500183105469,115949
2021-12-17-15-52-00 GMT-0500,52.95500183105469,52.96500015258789,52.939998626708984,52.95500183105469,52.95500183105469,240735
2021-12-17-15-53-00 GMT-0500,52.95000076293945,52.95500183105469,52.93000030517578,52.935001373291016,52.935001373291016,145233
2021-12-17-15-54-00 GMT-0500,52.935001373291016,52.939998626708984,52.900001525878906,52.91999816894531,52.91999816894531,513128
2021-12-17-15-55-00 GMT-0500,52.91999816894531,53.189998626708984,52.915000915527344,53.154998779296875,53.154998779296875,1397301
2021-12-17-15-56-00 GMT-0500,53.154998779296875,53.15999984741211,53.04999923706055,53.11000061035156,53.11000061035156,599029
2021-12-17-15-57-00 GMT-0500,53.099998474121094,53.20000076293945,53.099998474121094,53.125,53.125,596595
2021-12-17-15-58-00 GMT-0500,53.119998931884766,53.20000076293945,53.119998931884766,53.150001525878906,53.150001525878906,684046
2021-12-17-15-59-00 GMT-0500,53.154998779296875,53.220001220703125,53.1150016784668,53.15999984741211,53.15999984741211,1303597
2021-12-17-16-00-00 GMT-0500,53.17,53.17,52.92,53.04,53.04,21396312
2021-12-17-16-01-00 GMT-0500,52.9,53.17,52.9,53.02,53.02,0
2021-12-17-16-02-00 GMT-0500,53.17,53.17,52.9,53.02,53.02,0
2021-12-17-16-03-00 GMT-0500,52.95,53.17,52.95,53.01,53.01,0
2021-12-17-16-04-00 GMT-0500,53.02,53.17,52.945,53.17,53.17,0
2021-12-17-16-05-00 GMT-0500,53.17,53.17,52.94,53.17,53.17,0
2021-12-17-16-06-00 GMT-0500,53.17,53.17,52.93,53.17,53.17,0
2021-12-17-16-07-00 GMT-0500,53.15,53.18,53.095,53.095,53.095,0
2021-12-17-16-08-00 GMT-0500,53.17,53.17,53.095,53.17,53.17,0
2021-12-17-16-09-00 GMT-0500,53.06,53.06,53.06,53.06,53.06,0
2021-12-17-16-10-00 GMT-0500,53.17,53.17,53.06,53.06,53.06,0
2021-12-17-16-11-00 GMT-0500,53.1,53.1,53.1,53.1,53.1,0
2021-12-17-16-12-00 GMT-0500,53.02,53.17,53.02,53.03,53.03,0
2021-12-17-16-13-00 GMT-0500,53.11,53.11,53.02,53.1,53.1,0
2021-12-17-16-14-00 GMT-0500,53.11,53.14,53.11,53.11,53.11,0
2021-12-17-16-15-00 GMT-0500,53.15,53.15,53.11,53.15,53.15,0
2021-12-17-16-16-00 GMT-0500,53.14,53.18,53.14,53.18,53.18,0
2021-12-17-16-17-00 GMT-0500,53.17,53.18,53.17,53.18,53.18,0
2021-12-17-16-18-00 GMT-0500,53.17,53.1701,53.17,53.17,53.17,0
2021-12-17-16-19-00 GMT-0500,53.17,53.18,53.17,53.17,53.17,0
2021-12-17-16-20-00 GMT-0500,53.1,53.2,53.1,53.2,53.2,0
2021-12-17-16-21-00 GMT-0500,53.1,53.2,53.1,53.11,53.11,0
2021-12-17-16-22-00 GMT-0500,53.17,53.17,53.1,53.17,53.17,0
2021-12-17-16-25-00 GMT-0500,53.11,53.11,53.11,53.11,53.11,0
2021-12-17-16-28-00 GMT-0500,53.17,53.2,53.11,53.19,53.19,0
2021-12-17-16-29-00 GMT-0500,53.2,53.2,53.12,53.17,53.17,0
2021-12-17-16-30-00 GMT-0500,53.17,53.17,53.1,53.11,53.11,0
2021-12-17-16-31-00 GMT-0500,53.1,53.15,53.1,53.15,53.15,0
2021-12-17-16-32-00 GMT-0500,53.15,53.17,53.15,53.15,53.15,0
2021-12-17-16-33-00 GMT-0500,53.17,53.2,53.1,53.1,53.1,0
2021-12-17-16-34-00 GMT-0500,53.1001,53.1001,53.1001,53.1001,53.1001,0
2021-12-17-16-35-00 GMT-0500,53.17,53.2,53.17,53.2,53.2,0
2021-12-17-16-40-00 GMT-0500,53.135,53.135,53.12,53.12,53.12,0
2021-12-17-16-42-00 GMT-0500,53.17,53.17,53.17,53.17,53.17,0
2021-12-17-16-43-00 GMT-0500,53.16,53.17,53.135,53.17,53.17,0
2021-12-17-16-44-00 GMT-0500,53.16,53.17,53.16,53.17,53.17,0
2021-12-17-16-45-00 GMT-0500,53.135,53.135,53.135,53.135,53.135,0
2021-12-17-16-50-00 GMT-0500,53.17,53.2,53.15,53.15,53.15,0
2021-12-17-16-52-00 GMT-0500,53.12,53.12,53.1,53.1,53.1,0
2021-12-17-16-56-00 GMT-0500,53.11,53.155,53.11,53.155,53.155,0
2021-12-17-16-57-00 GMT-0500,53.155,53.155,53.155,53.155,53.155,0
2021-12-17-16-58-00 GMT-0500,53.2,53.2,53.14,53.16,53.16,0
2021-12-17-16-59-00 GMT-0500,53.16,53.19,53.16,53.19,53.19,0
2021-12-17-17-01-00 GMT-0500,53.18,53.18,53.18,53.18,53.18,0
2021-12-17-17-02-00 GMT-0500,53.14,53.14,53.14,53.14,53.14,0
2021-12-17-17-08-00 GMT-0500,53.19,53.19,53.19,53.19,53.19,0
2021-12-17-17-10-00 GMT-0500,53.12,53.13,53.12,53.13,53.13,0
2021-12-17-17-11-00 GMT-0500,53.12,53.14,53.12,53.14,53.14,0
2021-12-17-17-12-00 GMT-0500,53.16,53.16,53.13,53.13,53.13,0
2021-12-17-17-13-00 GMT-0500,53.16,53.2,53.15,53.15,53.15,0
2021-12-17-17-14-00 GMT-0500,53.16,53.26,53.16,53.25,53.25,0
2021-12-17-17-15-00 GMT-0500,53.12,53.25,53.12,53.25,53.25,0
2021-12-17-17-17-00 GMT-0500,53.16,53.16,53.16,53.16,53.16,0
2021-12-17-17-18-00 GMT-0500,53.15,53.15,53.13,53.13,53.13,0
2021-12-17-17-20-00 GMT-0500,53.13,53.13,53.13,53.13,53.13,0
2021-12-17-17-25-00 GMT-0500,53.19,53.19,53.17,53.17,53.17,0
2021-12-17-17-27-00 GMT-0500,53.15,53.15,53.15,53.15,53.15,0
2021-12-17-17-29-00 GMT-0500,53.17,53.19,53.17,53.17,53.17,0
2021-12-17-17-30-00 GMT-0500,53.14,53.19,53.14,53.19,53.19,0
2021-12-17-17-33-00 GMT-0500,53.2,53.2,53.2,53.2,53.2,0
2021-12-17-17-38-00 GMT-0500,53.14,53.19,53.14,53.14,53.14,0
2021-12-17-17-49-00 GMT-0500,53.175,53.175,53.175,53.175,53.175,0
2021-12-17-17-51-00 GMT-0500,53.175,53.175,53.15,53.15,53.15,0
2021-12-17-17-52-00 GMT-0500,53.15,53.15,53.14,53.14,53.14,0
2021-12-17-17-53-00 GMT-0500,53.135,53.14,53.135,53.135,53.135,0
2021-12-17-17-54-00 GMT-0500,53.12,53.2,53.12,53.2,53.2,0
2021-12-17-17-58-00 GMT-0500,53.14,53.14,53.13,53.14,53.14,0
2021-12-17-18-03-00 GMT-0500,53.12,53.12,53.12,53.12,53.12,0
2021-12-17-18-34-00 GMT-0500,53.13,53.13,53.12,53.12,53.12,0
2021-12-17-18-35-00 GMT-0500,53.13,53.13,53.12,53.13,53.13,0
2021-12-17-18-51-00 GMT-0500,52.9643,53.12,52.9643,52.9643,52.9643,0
2021-12-17-19-47-00 GMT-0500,53.15,53.15,53.14,53.15,53.15,0
2021-12-17-19-53-00 GMT-0500,53.14,53.14,53.12,53.12,53.12,0
2021-12-17-19-55-00 GMT-0500,53.12,53.13,53.12,53.12,53.12,0
