Datetime,Open,High,Low,Close,Adj Close,Volume
2021-08-11-04-00-00 GMT-0400,237.0,239.0,235.02,239.0,239.0,0
2021-08-11-04-09-00 GMT-0400,238.0,238.07,238.0,238.07,238.07,0
2021-08-11-04-12-00 GMT-0400,237.99,238.1,237.99,238.1,238.1,0
2021-08-11-04-24-00 GMT-0400,237.9,238.0,237.9,238.0,238.0,0
2021-08-11-04-28-00 GMT-0400,237.64,237.64,237.64,237.64,237.64,0
2021-08-11-04-54-00 GMT-0400,237.81,238.1,237.81,238.1,238.1,0
2021-08-11-04-58-00 GMT-0400,238.0,238.01,238.0,238.01,238.01,0
2021-08-11-05-14-00 GMT-0400,238.06,238.06,237.66,237.66,237.66,0
2021-08-11-05-15-00 GMT-0400,237.66,237.66,237.66,237.66,237.66,0
2021-08-11-05-19-00 GMT-0400,238.06,238.06,237.97,237.97,237.97,0
2021-08-11-05-20-00 GMT-0400,237.97,237.97,237.97,237.97,237.97,0
2021-08-11-05-26-00 GMT-0400,237.88,237.88,237.7,237.7,237.7,0
2021-08-11-05-27-00 GMT-0400,237.7,237.7,237.7,237.7,237.7,0
2021-08-11-05-38-00 GMT-0400,237.96,237.96,237.96,237.96,237.96,0
2021-08-11-05-42-00 GMT-0400,237.95,237.95,237.95,237.95,237.95,0
2021-08-11-05-50-00 GMT-0400,237.8,237.8,237.8,237.8,237.8,0
2021-08-11-07-00-00 GMT-0400,237.71,238.0,237.71,237.81,237.81,0
2021-08-11-07-01-00 GMT-0400,237.85,237.85,237.8,237.81,237.81,0
2021-08-11-07-05-00 GMT-0400,237.96,237.97,237.96,237.97,237.97,0
2021-08-11-07-08-00 GMT-0400,237.97,238.0,237.97,238.0,238.0,0
2021-08-11-07-12-00 GMT-0400,237.97,237.97,237.9,237.97,237.97,0
2021-08-11-07-17-00 GMT-0400,237.86,238.0,237.86,238.0,238.0,0
2021-08-11-07-18-00 GMT-0400,237.97,237.97,237.95,237.95,237.95,0
2021-08-11-07-26-00 GMT-0400,237.99,237.99,237.98,237.98,237.98,0
2021-08-11-07-27-00 GMT-0400,237.98,237.98,237.98,237.98,237.98,0
2021-08-11-07-28-00 GMT-0400,237.98,237.98,237.8,237.94,237.94,0
2021-08-11-07-41-00 GMT-0400,238.0,238.0,237.9,238.0,238.0,0
2021-08-11-07-42-00 GMT-0400,238.0,238.0,237.98,238.0,238.0,0
2021-08-11-07-45-00 GMT-0400,237.95,237.95,237.9,237.9,237.9,0
2021-08-11-07-48-00 GMT-0400,237.9,237.9,237.9,237.9,237.9,0
2021-08-11-07-55-00 GMT-0400,237.98,237.98,237.9,237.9,237.9,0
2021-08-11-08-00-00 GMT-0400,237.6,238.665,237.6,238.0,238.0,0
2021-08-11-08-06-00 GMT-0400,237.85,237.85,237.85,237.85,237.85,0
2021-08-11-08-08-00 GMT-0400,238.0,238.0,237.82,237.85,237.85,0
2021-08-11-08-16-00 GMT-0400,237.85,237.89,237.85,237.89,237.89,0
2021-08-11-08-18-00 GMT-0400,237.82,237.82,237.77,237.77,237.77,0
2021-08-11-08-21-00 GMT-0400,237.626,237.626,237.626,237.626,237.626,0
2021-08-11-08-22-00 GMT-0400,237.89,237.89,237.89,237.89,237.89,0
2021-08-11-08-28-00 GMT-0400,237.84,237.93,237.8,237.93,237.93,0
2021-08-11-08-29-00 GMT-0400,237.8,237.8,237.77,237.77,237.77,0
2021-08-11-08-30-00 GMT-0400,237.85,237.85,237.77,237.77,237.77,0
2021-08-11-08-31-00 GMT-0400,237.93,238.09,237.77,238.01,238.01,0
2021-08-11-08-32-00 GMT-0400,238.06,238.16,238.06,238.16,238.16,0
2021-08-11-08-33-00 GMT-0400,238.16,238.68,238.16,238.68,238.68,0
2021-08-11-08-34-00 GMT-0400,238.68,238.68,238.1,238.16,238.16,0
2021-08-11-08-36-00 GMT-0400,238.07,238.07,238.06,238.06,238.06,0
2021-08-11-08-37-00 GMT-0400,238.06,238.07,237.77,237.99,237.99,0
2021-08-11-08-41-00 GMT-0400,238.07,238.1,238.07,238.07,238.07,0
2021-08-11-08-42-00 GMT-0400,238.01,238.1,238.01,238.08,238.08,0
2021-08-11-08-43-00 GMT-0400,238.45,238.68,238.45,238.68,238.68,0
2021-08-11-08-44-00 GMT-0400,238.1,238.1,238.1,238.1,238.1,0
2021-08-11-08-45-00 GMT-0400,238.64,238.64,238.64,238.64,238.64,0
2021-08-11-08-47-00 GMT-0400,238.6,238.64,238.6,238.64,238.64,0
2021-08-11-08-52-00 GMT-0400,238.6,239.03,238.6,238.64,238.64,0
2021-08-11-08-53-00 GMT-0400,238.86,238.86,238.86,238.86,238.86,0
2021-08-11-08-55-00 GMT-0400,238.8,238.8,238.8,238.8,238.8,0
2021-08-11-08-58-00 GMT-0400,238.86,238.86,238.2,238.2,238.2,0
2021-08-11-08-59-00 GMT-0400,238.25,238.25,238.25,238.25,238.25,0
2021-08-11-09-00-00 GMT-0400,238.5,238.615,238.2,238.53,238.53,0
2021-08-11-09-01-00 GMT-0400,238.53,238.615,238.53,238.55,238.55,0
2021-08-11-09-03-00 GMT-0400,239.03,239.03,238.35,238.615,238.615,0
2021-08-11-09-04-00 GMT-0400,238.615,239.03,238.26,238.615,238.615,0
2021-08-11-09-05-00 GMT-0400,238.55,239.01,238.55,238.605,238.605,0
2021-08-11-09-06-00 GMT-0400,238.2,239.01,238.2,239.01,239.01,0
2021-08-11-09-07-00 GMT-0400,238.2,238.5,238.2,238.5,238.5,0
2021-08-11-09-08-00 GMT-0400,238.78,238.78,238.78,238.78,238.78,0
2021-08-11-09-09-00 GMT-0400,238.605,238.605,238.5,238.5,238.5,0
2021-08-11-09-10-00 GMT-0400,238.78,238.9,238.78,238.9,238.9,0
2021-08-11-09-11-00 GMT-0400,238.9,238.9,238.7,238.7,238.7,0
2021-08-11-09-12-00 GMT-0400,238.5,238.65,238.5,238.5,238.5,0
2021-08-11-09-13-00 GMT-0400,238.6,238.6,238.57,238.57,238.57,0
2021-08-11-09-14-00 GMT-0400,238.625,238.625,238.57,238.57,238.57,0
2021-08-11-09-30-00 GMT-0400,237.6300048828125,238.36000061035156,237.5399932861328,237.6300048828125,237.6300048828125,128256
2021-08-11-09-31-00 GMT-0400,237.63999938964844,237.75,236.97999572753906,237.3105010986328,237.3105010986328,37688
2021-08-11-09-32-00 GMT-0400,237.38999938964844,237.4969940185547,237.05999755859375,237.32000732421875,237.32000732421875,28866
2021-08-11-09-33-00 GMT-0400,237.3800048828125,237.4499969482422,236.97000122070312,237.22999572753906,237.22999572753906,23881
2021-08-11-09-34-00 GMT-0400,237.22999572753906,237.50999450683594,237.1300048828125,237.18499755859375,237.18499755859375,20797
2021-08-11-09-35-00 GMT-0400,237.1199951171875,237.32000732421875,237.1199951171875,237.19000244140625,237.19000244140625,18390
2021-08-11-09-36-00 GMT-0400,237.1999969482422,237.75999450683594,237.1300048828125,237.75999450683594,237.75999450683594,28190
2021-08-11-09-37-00 GMT-0400,237.72000122070312,237.91000366210938,237.52000427246094,237.59950256347656,237.59950256347656,21170
2021-08-11-09-38-00 GMT-0400,237.6199951171875,237.83999633789062,237.60000610351562,237.7899932861328,237.7899932861328,14584
2021-08-11-09-39-00 GMT-0400,237.8300018310547,237.94000244140625,237.63999938964844,237.63999938964844,237.63999938964844,24106
2021-08-11-09-40-00 GMT-0400,237.64999389648438,237.75,237.39999389648438,237.47000122070312,237.47000122070312,21725
2021-08-11-09-41-00 GMT-0400,237.49000549316406,237.55499267578125,237.36000061035156,237.38999938964844,237.38999938964844,11827
2021-08-11-09-42-00 GMT-0400,237.4199981689453,237.4199981689453,237.07000732421875,237.0800018310547,237.0800018310547,21764
2021-08-11-09-43-00 GMT-0400,237.02999877929688,237.0500030517578,236.8159942626953,236.92999267578125,236.92999267578125,24019
2021-08-11-09-44-00 GMT-0400,236.9600067138672,237.49000549316406,236.9600067138672,237.26499938964844,237.26499938964844,26079
2021-08-11-09-45-00 GMT-0400,237.25999450683594,237.27999877929688,236.88999938964844,236.94729614257812,236.94729614257812,20584
2021-08-11-09-46-00 GMT-0400,236.94500732421875,237.08999633789062,236.81539916992188,237.060302734375,237.060302734375,19731
2021-08-11-09-47-00 GMT-0400,237.0500030517578,237.1699981689453,236.85000610351562,236.94000244140625,236.94000244140625,14179
2021-08-11-09-48-00 GMT-0400,236.9499969482422,237.10000610351562,236.88999938964844,236.97470092773438,236.97470092773438,24091
2021-08-11-09-49-00 GMT-0400,237.0,237.3800048828125,236.98599243164062,237.1699981689453,237.1699981689453,17461
2021-08-11-09-50-00 GMT-0400,237.2100067138672,237.30999755859375,237.1699981689453,237.27999877929688,237.27999877929688,15374
2021-08-11-09-51-00 GMT-0400,237.25,237.33999633789062,237.10000610351562,237.10000610351562,237.10000610351562,23799
2021-08-11-09-52-00 GMT-0400,237.08999633789062,237.08999633789062,236.90699768066406,237.0,237.0,42281
2021-08-11-09-53-00 GMT-0400,237.0,237.05999755859375,236.89999389648438,237.0449981689453,237.0449981689453,60176
2021-08-11-09-54-00 GMT-0400,237.07000732421875,237.14999389648438,236.9499969482422,236.97000122070312,236.97000122070312,39341
2021-08-11-09-55-00 GMT-0400,236.96499633789062,237.36000061035156,236.94000244140625,237.36000061035156,237.36000061035156,71070
2021-08-11-09-56-00 GMT-0400,237.35000610351562,237.36000061035156,237.11000061035156,237.19500732421875,237.19500732421875,41937
2021-08-11-09-57-00 GMT-0400,237.16000366210938,237.22999572753906,236.9199981689453,237.01499938964844,237.01499938964844,36342
2021-08-11-09-58-00 GMT-0400,237.01499938964844,237.08999633789062,236.75999450683594,236.8249969482422,236.8249969482422,49573
2021-08-11-09-59-00 GMT-0400,236.82000732421875,236.82000732421875,235.8000030517578,235.8000030517578,235.8000030517578,110003
2021-08-11-10-00-00 GMT-0400,235.8699951171875,236.50999450683594,235.82000732421875,236.4499969482422,236.4499969482422,51103
2021-08-11-10-01-00 GMT-0400,236.4600067138672,236.5399932861328,236.38999938964844,236.44000244140625,236.44000244140625,26828
2021-08-11-10-02-00 GMT-0400,236.49000549316406,236.50999450683594,236.35000610351562,236.48500061035156,236.48500061035156,21133
2021-08-11-10-03-00 GMT-0400,236.4949951171875,236.52000427246094,236.3278045654297,236.4499969482422,236.4499969482422,30890
2021-08-11-10-04-00 GMT-0400,236.49000549316406,236.50999450683594,236.30999755859375,236.30999755859375,236.30999755859375,30292
2021-08-11-10-05-00 GMT-0400,236.3000030517578,236.39999389648438,236.2100067138672,236.3000030517578,236.3000030517578,34718
2021-08-11-10-06-00 GMT-0400,236.30499267578125,236.31539916992188,236.11000061035156,236.24000549316406,236.24000549316406,23510
2021-08-11-10-07-00 GMT-0400,236.22000122070312,236.22000122070312,236.0749969482422,236.10989379882812,236.10989379882812,15070
2021-08-11-10-08-00 GMT-0400,236.11000061035156,236.25,236.08999633789062,236.25,236.25,19266
2021-08-11-10-09-00 GMT-0400,236.22000122070312,236.48500061035156,236.2100067138672,236.4600067138672,236.4600067138672,23561
2021-08-11-10-10-00 GMT-0400,236.44000244140625,236.52000427246094,236.38999938964844,236.4499969482422,236.4499969482422,20658
2021-08-11-10-11-00 GMT-0400,236.4499969482422,236.5,236.32000732421875,236.4600067138672,236.4600067138672,12311
2021-08-11-10-12-00 GMT-0400,236.4600067138672,236.49000549316406,236.3000030517578,236.3000030517578,236.3000030517578,14467
2021-08-11-10-13-00 GMT-0400,236.2895050048828,236.3300018310547,236.25,236.2899932861328,236.2899932861328,9804
2021-08-11-10-14-00 GMT-0400,236.28550720214844,236.30999755859375,236.14999389648438,236.15499877929688,236.15499877929688,12072
2021-08-11-10-15-00 GMT-0400,236.22000122070312,236.3249969482422,236.1699981689453,236.22500610351562,236.22500610351562,14082
2021-08-11-10-16-00 GMT-0400,236.2100067138672,236.36000061035156,236.1999969482422,236.26499938964844,236.26499938964844,17561
2021-08-11-10-17-00 GMT-0400,236.27999877929688,236.3699951171875,236.22999572753906,236.27999877929688,236.27999877929688,10139
2021-08-11-10-18-00 GMT-0400,236.28590393066406,236.39999389648438,236.28590393066406,236.3800048828125,236.3800048828125,13184
2021-08-11-10-19-00 GMT-0400,236.41000366210938,236.49000549316406,236.41000366210938,236.4468994140625,236.4468994140625,17136
2021-08-11-10-20-00 GMT-0400,236.44000244140625,236.4709014892578,236.3699951171875,236.4199981689453,236.4199981689453,11821
2021-08-11-10-21-00 GMT-0400,236.42999267578125,236.47000122070312,236.2899932861328,236.302001953125,236.302001953125,10495
2021-08-11-10-22-00 GMT-0400,236.30340576171875,236.30999755859375,236.22999572753906,236.30999755859375,236.30999755859375,8463
2021-08-11-10-23-00 GMT-0400,236.32000732421875,236.375,236.25999450683594,236.25999450683594,236.25999450683594,12640
2021-08-11-10-24-00 GMT-0400,236.27000427246094,236.2899932861328,236.158203125,236.1999969482422,236.1999969482422,8016
2021-08-11-10-25-00 GMT-0400,236.22000122070312,236.3350067138672,236.22000122070312,236.30459594726562,236.30459594726562,17269
2021-08-11-10-26-00 GMT-0400,236.3000030517578,236.3000030517578,236.22000122070312,236.22999572753906,236.22999572753906,10532
2021-08-11-10-27-00 GMT-0400,236.25,236.27999877929688,236.08900451660156,236.16000366210938,236.16000366210938,12170
2021-08-11-10-28-00 GMT-0400,236.1699981689453,236.31500244140625,236.1699981689453,236.27999877929688,236.27999877929688,6953
2021-08-11-10-29-00 GMT-0400,236.25999450683594,236.25999450683594,236.14999389648438,236.14999389648438,236.14999389648438,7067
2021-08-11-10-30-00 GMT-0400,236.1699981689453,236.21499633789062,236.1300048828125,236.15359497070312,236.15359497070312,7128
2021-08-11-10-31-00 GMT-0400,236.14410400390625,236.22000122070312,236.1300048828125,236.16000366210938,236.16000366210938,13294
2021-08-11-10-32-00 GMT-0400,236.1300048828125,236.1300048828125,235.8800048828125,235.96420288085938,235.96420288085938,38661
2021-08-11-10-33-00 GMT-0400,235.97999572753906,236.1934051513672,235.97999572753906,236.0800018310547,236.0800018310547,15283
2021-08-11-10-34-00 GMT-0400,236.08999633789062,236.1300048828125,235.9199981689453,235.9199981689453,235.9199981689453,9504
2021-08-11-10-35-00 GMT-0400,235.90829467773438,235.90829467773438,235.7100067138672,235.72000122070312,235.72000122070312,25704
2021-08-11-10-36-00 GMT-0400,235.74000549316406,235.8699951171875,235.61000061035156,235.8699951171875,235.8699951171875,26867
2021-08-11-10-37-00 GMT-0400,235.8800048828125,236.01499938964844,235.83999633789062,235.99000549316406,235.99000549316406,21079
2021-08-11-10-38-00 GMT-0400,236.0,236.05499267578125,235.89999389648438,235.89999389648438,235.89999389648438,18055
2021-08-11-10-39-00 GMT-0400,235.9095001220703,235.90989685058594,235.69000244140625,235.69000244140625,235.69000244140625,12505
2021-08-11-10-40-00 GMT-0400,235.72000122070312,235.7899932861328,235.25,235.25,235.25,83547
2021-08-11-10-41-00 GMT-0400,235.27499389648438,235.6699981689453,235.27000427246094,235.47999572753906,235.47999572753906,36216
2021-08-11-10-42-00 GMT-0400,235.48500061035156,235.48500061035156,235.1999969482422,235.42630004882812,235.42630004882812,39230
2021-08-11-10-43-00 GMT-0400,235.42999267578125,235.49000549316406,235.22000122070312,235.38999938964844,235.38999938964844,31312
2021-08-11-10-44-00 GMT-0400,235.41000366210938,235.47500610351562,235.35000610351562,235.4199981689453,235.4199981689453,20713
2021-08-11-10-45-00 GMT-0400,235.38999938964844,235.7100067138672,235.36000061035156,235.6199951171875,235.6199951171875,24080
2021-08-11-10-46-00 GMT-0400,235.61500549316406,235.65989685058594,235.26499938964844,235.3300018310547,235.3300018310547,19012
2021-08-11-10-47-00 GMT-0400,235.35000610351562,235.5399932861328,235.32000732421875,235.52000427246094,235.52000427246094,17168
2021-08-11-10-48-00 GMT-0400,235.52999877929688,235.6199951171875,235.47999572753906,235.52999877929688,235.52999877929688,9745
2021-08-11-10-49-00 GMT-0400,235.5500030517578,235.5800018310547,235.4499969482422,235.4499969482422,235.4499969482422,10468
2021-08-11-10-50-00 GMT-0400,235.4499969482422,235.58999633789062,235.4199981689453,235.47000122070312,235.47000122070312,15880
2021-08-11-10-51-00 GMT-0400,235.47999572753906,235.5,235.27000427246094,235.3800048828125,235.3800048828125,19751
2021-08-11-10-52-00 GMT-0400,235.36000061035156,235.3800048828125,235.2899932861328,235.35000610351562,235.35000610351562,10664
2021-08-11-10-53-00 GMT-0400,235.36000061035156,235.3800048828125,235.16000366210938,235.1750030517578,235.1750030517578,18464
2021-08-11-10-54-00 GMT-0400,235.19000244140625,235.3300018310547,235.17999267578125,235.27999877929688,235.27999877929688,19608
2021-08-11-10-55-00 GMT-0400,235.28500366210938,235.5,235.25,235.47000122070312,235.47000122070312,12597
2021-08-11-10-56-00 GMT-0400,235.52000427246094,235.5800018310547,235.4949951171875,235.5500030517578,235.5500030517578,13439
2021-08-11-10-57-00 GMT-0400,235.5500030517578,235.66000366210938,235.42999267578125,235.4499969482422,235.4499969482422,12954
2021-08-11-10-58-00 GMT-0400,235.4499969482422,235.4499969482422,235.2100067138672,235.2550048828125,235.2550048828125,15624
2021-08-11-10-59-00 GMT-0400,235.27000427246094,235.30499267578125,235.1699981689453,235.22000122070312,235.22000122070312,13974
2021-08-11-11-00-00 GMT-0400,235.22000122070312,235.32000732421875,235.17999267578125,235.27000427246094,235.27000427246094,18234
2021-08-11-11-01-00 GMT-0400,235.25,235.25,235.12240600585938,235.1300048828125,235.1300048828125,20373
2021-08-11-11-02-00 GMT-0400,235.14999389648438,235.14999389648438,235.02000427246094,235.05999755859375,235.05999755859375,21986
2021-08-11-11-03-00 GMT-0400,235.07000732421875,235.24000549316406,234.8800048828125,235.22000122070312,235.22000122070312,95787
2021-08-11-11-04-00 GMT-0400,235.24000549316406,235.3524932861328,235.14999389648438,235.17999267578125,235.17999267578125,23988
2021-08-11-11-05-00 GMT-0400,235.1649932861328,235.3699951171875,235.1649932861328,235.25,235.25,14659
2021-08-11-11-06-00 GMT-0400,235.24000549316406,235.39999389648438,235.21499633789062,235.39999389648438,235.39999389648438,11911
2021-08-11-11-07-00 GMT-0400,235.38499450683594,235.41000366210938,235.1999969482422,235.25999450683594,235.25999450683594,16162
2021-08-11-11-08-00 GMT-0400,235.24000549316406,235.25,235.10000610351562,235.2050018310547,235.2050018310547,9571
2021-08-11-11-09-00 GMT-0400,235.22000122070312,235.25,235.19000244140625,235.2100067138672,235.2100067138672,11481
2021-08-11-11-10-00 GMT-0400,235.1865997314453,235.32000732421875,235.18040466308594,235.2100067138672,235.2100067138672,13286
2021-08-11-11-11-00 GMT-0400,235.2100067138672,235.2100067138672,234.97000122070312,235.02999877929688,235.02999877929688,19546
2021-08-11-11-12-00 GMT-0400,235.02000427246094,235.17039489746094,234.99000549316406,235.0749969482422,235.0749969482422,31415
2021-08-11-11-13-00 GMT-0400,235.07000732421875,235.22999572753906,235.07000732421875,235.14500427246094,235.14500427246094,9992
2021-08-11-11-14-00 GMT-0400,235.1199951171875,235.14999389648438,235.02999877929688,235.14999389648438,235.14999389648438,11472
2021-08-11-11-15-00 GMT-0400,235.16000366210938,235.33999633789062,235.10499572753906,235.25,235.25,17032
2021-08-11-11-16-00 GMT-0400,235.22999572753906,235.2550048828125,235.07009887695312,235.0800018310547,235.0800018310547,23077
2021-08-11-11-17-00 GMT-0400,235.07000732421875,235.13999938964844,235.0500030517578,235.11000061035156,235.11000061035156,24079
2021-08-11-11-18-00 GMT-0400,235.08999633789062,235.14999389648438,235.02000427246094,235.11000061035156,235.11000061035156,11939
2021-08-11-11-19-00 GMT-0400,235.11000061035156,235.1300048828125,235.02130126953125,235.05999755859375,235.05999755859375,9433
2021-08-11-11-20-00 GMT-0400,235.07000732421875,235.14999389648438,235.07000732421875,235.10499572753906,235.10499572753906,16692
2021-08-11-11-21-00 GMT-0400,235.10000610351562,235.19000244140625,235.07000732421875,235.11000061035156,235.11000061035156,23087
2021-08-11-11-22-00 GMT-0400,235.10000610351562,235.14999389648438,235.10000610351562,235.125,235.125,13611
2021-08-11-11-23-00 GMT-0400,235.11000061035156,235.11000061035156,235.02499389648438,235.02999877929688,235.02999877929688,10957
2021-08-11-11-24-00 GMT-0400,235.02999877929688,235.13119506835938,235.00999450683594,235.11500549316406,235.11500549316406,18132
2021-08-11-11-25-00 GMT-0400,235.11500549316406,235.1300048828125,235.08999633789062,235.1300048828125,235.1300048828125,13138
2021-08-11-11-26-00 GMT-0400,235.1300048828125,235.14999389648438,235.0399932861328,235.1199951171875,235.1199951171875,14085
2021-08-11-11-27-00 GMT-0400,235.11500549316406,235.1199951171875,235.0500030517578,235.0500030517578,235.0500030517578,6714
2021-08-11-11-28-00 GMT-0400,235.05999755859375,235.1999969482422,235.0399932861328,235.17999267578125,235.17999267578125,17841
2021-08-11-11-29-00 GMT-0400,235.1750030517578,235.1999969482422,235.10499572753906,235.11480712890625,235.11480712890625,10912
2021-08-11-11-30-00 GMT-0400,235.11000061035156,235.27999877929688,235.0500030517578,235.27999877929688,235.27999877929688,14493
2021-08-11-11-31-00 GMT-0400,235.2899932861328,235.30999755859375,235.24000549316406,235.25,235.25,9049
2021-08-11-11-32-00 GMT-0400,235.24000549316406,235.24000549316406,235.10000610351562,235.10499572753906,235.10499572753906,6107
2021-08-11-11-33-00 GMT-0400,235.11000061035156,235.13499450683594,235.10000610351562,235.10000610351562,235.10000610351562,19017
2021-08-11-11-34-00 GMT-0400,235.11000061035156,235.11000061035156,235.0500030517578,235.0800018310547,235.0800018310547,10466
2021-08-11-11-35-00 GMT-0400,235.0800018310547,235.16000366210938,235.0800018310547,235.08999633789062,235.08999633789062,18786
2021-08-11-11-36-00 GMT-0400,235.08999633789062,235.24000549316406,235.0500030517578,235.1699981689453,235.1699981689453,33740
2021-08-11-11-37-00 GMT-0400,235.18499755859375,235.20480346679688,235.0500030517578,235.10000610351562,235.10000610351562,16212
2021-08-11-11-38-00 GMT-0400,235.08999633789062,235.13999938964844,235.07000732421875,235.10000610351562,235.10000610351562,11566
2021-08-11-11-39-00 GMT-0400,235.11000061035156,235.1300048828125,235.06500244140625,235.07000732421875,235.07000732421875,7986
2021-08-11-11-40-00 GMT-0400,235.05999755859375,235.1199951171875,235.00999450683594,235.10499572753906,235.10499572753906,15234
2021-08-11-11-41-00 GMT-0400,235.1199951171875,235.1199951171875,235.02000427246094,235.02999877929688,235.02999877929688,18993
2021-08-11-11-42-00 GMT-0400,235.00999450683594,235.1199951171875,235.0,235.02499389648438,235.02499389648438,20532
2021-08-11-11-43-00 GMT-0400,235.00999450683594,235.08999633789062,235.00999450683594,235.07000732421875,235.07000732421875,10977
2021-08-11-11-44-00 GMT-0400,235.0800018310547,235.11000061035156,235.0,235.00999450683594,235.00999450683594,8897
2021-08-11-11-45-00 GMT-0400,235.0,235.02999877929688,234.99000549316406,235.02999877929688,235.02999877929688,16980
2021-08-11-11-46-00 GMT-0400,235.02999877929688,235.1199951171875,235.01620483398438,235.07000732421875,235.07000732421875,8958
2021-08-11-11-47-00 GMT-0400,235.06500244140625,235.0800018310547,235.0,235.05999755859375,235.05999755859375,10607
2021-08-11-11-48-00 GMT-0400,235.0399932861328,235.08999633789062,235.02999877929688,235.07000732421875,235.07000732421875,7459
2021-08-11-11-49-00 GMT-0400,235.07000732421875,235.10000610351562,235.05999755859375,235.05999755859375,235.05999755859375,10974
2021-08-11-11-50-00 GMT-0400,235.05499267578125,235.10000610351562,235.0399932861328,235.0399932861328,235.0399932861328,9872
2021-08-11-11-51-00 GMT-0400,235.0399932861328,235.0699005126953,234.99000549316406,235.06500244140625,235.06500244140625,15756
2021-08-11-11-52-00 GMT-0400,235.08999633789062,235.1300048828125,235.0574951171875,235.08999633789062,235.08999633789062,18327
2021-08-11-11-53-00 GMT-0400,235.10000610351562,235.11000061035156,235.02999877929688,235.0500030517578,235.0500030517578,11078
2021-08-11-11-54-00 GMT-0400,235.05650329589844,235.0800018310547,235.03990173339844,235.03990173339844,235.03990173339844,4210
2021-08-11-11-55-00 GMT-0400,235.02999877929688,235.125,235.02000427246094,235.1199951171875,235.1199951171875,20289
2021-08-11-11-56-00 GMT-0400,235.1199951171875,235.125,235.07000732421875,235.07000732421875,235.07000732421875,10853
2021-08-11-11-57-00 GMT-0400,235.07000732421875,235.11000061035156,235.0,235.0749969482422,235.0749969482422,10723
2021-08-11-11-58-00 GMT-0400,235.0800018310547,235.1199951171875,235.05999755859375,235.07000732421875,235.07000732421875,11185
2021-08-11-11-59-00 GMT-0400,235.0500030517578,235.0500030517578,235.0,235.02999877929688,235.02999877929688,11361
2021-08-11-12-00-00 GMT-0400,235.02999877929688,235.1300048828125,235.02999877929688,235.11500549316406,235.11500549316406,9447
2021-08-11-12-01-00 GMT-0400,235.1300048828125,235.1999969482422,235.125,235.16000366210938,235.16000366210938,9359
2021-08-11-12-02-00 GMT-0400,235.16000366210938,235.2100067138672,235.15499877929688,235.2050018310547,235.2050018310547,9566
2021-08-11-12-03-00 GMT-0400,235.22000122070312,235.3000030517578,235.10000610351562,235.29559326171875,235.29559326171875,16025
2021-08-11-12-04-00 GMT-0400,235.2899932861328,235.2899932861328,235.22000122070312,235.22000122070312,235.22000122070312,5127
2021-08-11-12-05-00 GMT-0400,235.24000549316406,235.3300018310547,235.22999572753906,235.3300018310547,235.3300018310547,30055
2021-08-11-12-06-00 GMT-0400,235.3343963623047,235.37989807128906,235.2949981689453,235.2949981689453,235.2949981689453,17776
2021-08-11-12-07-00 GMT-0400,235.2899932861328,235.3300018310547,235.19000244140625,235.19000244140625,235.19000244140625,17496
2021-08-11-12-08-00 GMT-0400,235.1999969482422,235.2664031982422,235.1699981689453,235.25,235.25,7298
2021-08-11-12-09-00 GMT-0400,235.25999450683594,235.25999450683594,235.1699981689453,235.1699981689453,235.1699981689453,4042
2021-08-11-12-10-00 GMT-0400,235.1652069091797,235.17999267578125,235.1063995361328,235.1472930908203,235.1472930908203,9459
2021-08-11-12-11-00 GMT-0400,235.1472930908203,235.1699981689453,235.11000061035156,235.16000366210938,235.16000366210938,7423
2021-08-11-12-12-00 GMT-0400,235.1699981689453,235.25999450683594,235.1699981689453,235.22999572753906,235.22999572753906,8891
2021-08-11-12-13-00 GMT-0400,235.23500061035156,235.25970458984375,235.2100067138672,235.22000122070312,235.22000122070312,5821
2021-08-11-12-14-00 GMT-0400,235.22000122070312,235.22999572753906,235.1699981689453,235.17999267578125,235.17999267578125,9318
2021-08-11-12-15-00 GMT-0400,235.19000244140625,235.19000244140625,235.02999877929688,235.02999877929688,235.02999877929688,8027
2021-08-11-12-16-00 GMT-0400,235.01499938964844,235.10000610351562,235.01499938964844,235.10000610351562,235.10000610351562,9830
2021-08-11-12-17-00 GMT-0400,235.0841064453125,235.10499572753906,235.05999755859375,235.0800018310547,235.0800018310547,4538
2021-08-11-12-18-00 GMT-0400,235.07000732421875,235.07000732421875,234.97999572753906,235.00999450683594,235.00999450683594,26699
2021-08-11-12-19-00 GMT-0400,235.0050048828125,235.0561065673828,235.0050048828125,235.00999450683594,235.00999450683594,9057
2021-08-11-12-20-00 GMT-0400,235.00999450683594,235.02000427246094,234.97999572753906,235.02000427246094,235.02000427246094,15289
2021-08-11-12-21-00 GMT-0400,235.0500030517578,235.10000610351562,235.00999450683594,235.0800018310547,235.0800018310547,9160
2021-08-11-12-22-00 GMT-0400,235.09500122070312,235.09500122070312,235.02999877929688,235.0800018310547,235.0800018310547,4694
2021-08-11-12-23-00 GMT-0400,235.10000610351562,235.1699981689453,235.0800018310547,235.14930725097656,235.14930725097656,7324
2021-08-11-12-24-00 GMT-0400,235.14840698242188,235.1999969482422,235.0,235.1999969482422,235.1999969482422,12103
2021-08-11-12-25-00 GMT-0400,235.22000122070312,235.36000061035156,235.22000122070312,235.36000061035156,235.36000061035156,6986
2021-08-11-12-26-00 GMT-0400,235.38499450683594,235.38499450683594,235.32000732421875,235.32000732421875,235.32000732421875,9074
2021-08-11-12-27-00 GMT-0400,235.30999755859375,235.3300018310547,235.25,235.25999450683594,235.25999450683594,6150
2021-08-11-12-28-00 GMT-0400,235.28399658203125,235.3300018310547,235.27999877929688,235.27999877929688,235.27999877929688,7569
2021-08-11-12-29-00 GMT-0400,235.30999755859375,235.3927001953125,235.3000030517578,235.3699951171875,235.3699951171875,8314
2021-08-11-12-30-00 GMT-0400,235.3699951171875,235.39999389648438,235.35000610351562,235.3800048828125,235.3800048828125,8218
2021-08-11-12-31-00 GMT-0400,235.38999938964844,235.39999389648438,235.3699951171875,235.39999389648438,235.39999389648438,9242
2021-08-11-12-32-00 GMT-0400,235.39500427246094,235.5,235.39500427246094,235.5,235.5,8472
2021-08-11-12-33-00 GMT-0400,235.52000427246094,235.60000610351562,235.52000427246094,235.55999755859375,235.55999755859375,9370
2021-08-11-12-34-00 GMT-0400,235.5800018310547,235.66000366210938,235.5800018310547,235.66000366210938,235.66000366210938,7548
2021-08-11-12-35-00 GMT-0400,235.6699981689453,235.69000244140625,235.6199951171875,235.64500427246094,235.64500427246094,10110
2021-08-11-12-36-00 GMT-0400,235.6300048828125,235.63499450683594,235.61000061035156,235.6300048828125,235.6300048828125,3810
2021-08-11-12-37-00 GMT-0400,235.61000061035156,235.72000122070312,235.61000061035156,235.72000122070312,235.72000122070312,8299
2021-08-11-12-38-00 GMT-0400,235.7100067138672,235.72000122070312,235.66000366210938,235.72000122070312,235.72000122070312,7235
2021-08-11-12-39-00 GMT-0400,235.70889282226562,235.70889282226562,235.66000366210938,235.6999969482422,235.6999969482422,7199
2021-08-11-12-40-00 GMT-0400,235.6999969482422,235.7100067138672,235.46099853515625,235.5,235.5,35235
2021-08-11-12-41-00 GMT-0400,235.5050048828125,235.50999450683594,235.44090270996094,235.49000549316406,235.49000549316406,15777
2021-08-11-12-42-00 GMT-0400,235.49000549316406,235.50999450683594,235.41000366210938,235.41000366210938,235.41000366210938,5686
2021-08-11-12-43-00 GMT-0400,235.41000366210938,235.47000122070312,235.41000366210938,235.4499969482422,235.4499969482422,7660
2021-08-11-12-44-00 GMT-0400,235.4499969482422,235.46499633789062,235.42999267578125,235.44000244140625,235.44000244140625,3901
2021-08-11-12-45-00 GMT-0400,235.42999267578125,235.4499969482422,235.39999389648438,235.44000244140625,235.44000244140625,6991
2021-08-11-12-46-00 GMT-0400,235.47000122070312,235.5,235.47000122070312,235.49000549316406,235.49000549316406,7679
2021-08-11-12-47-00 GMT-0400,235.50999450683594,235.50999450683594,235.4499969482422,235.5,235.5,4962
2021-08-11-12-48-00 GMT-0400,235.49000549316406,235.5,235.47500610351562,235.4801025390625,235.4801025390625,3909
2021-08-11-12-49-00 GMT-0400,235.49000549316406,235.50999450683594,235.44679260253906,235.4600067138672,235.4600067138672,11667
2021-08-11-12-50-00 GMT-0400,235.47500610351562,235.5,235.4499969482422,235.49000549316406,235.49000549316406,4163
2021-08-11-12-51-00 GMT-0400,235.47000122070312,235.47000122070312,235.4199981689453,235.42999267578125,235.42999267578125,6335
2021-08-11-12-52-00 GMT-0400,235.42999267578125,235.42999267578125,235.31500244140625,235.31500244140625,235.31500244140625,7409
2021-08-11-12-53-00 GMT-0400,235.32000732421875,235.4199981689453,235.29420471191406,235.39999389648438,235.39999389648438,7883
2021-08-11-12-54-00 GMT-0400,235.41000366210938,235.4199981689453,235.39999389648438,235.41000366210938,235.41000366210938,5468
2021-08-11-12-55-00 GMT-0400,235.4199981689453,235.4600067138672,235.41000366210938,235.41000366210938,235.41000366210938,9407
2021-08-11-12-56-00 GMT-0400,235.39999389648438,235.39999389648438,235.33999633789062,235.35000610351562,235.35000610351562,5395
2021-08-11-12-57-00 GMT-0400,235.33999633789062,235.35000610351562,235.25,235.26499938964844,235.26499938964844,9691
2021-08-11-12-58-00 GMT-0400,235.22999572753906,235.2899932861328,235.22459411621094,235.28500366210938,235.28500366210938,6034
2021-08-11-12-59-00 GMT-0400,235.3000030517578,235.32000732421875,235.27000427246094,235.29249572753906,235.29249572753906,8548
2021-08-11-13-00-00 GMT-0400,235.2899932861328,235.3699951171875,235.27000427246094,235.3300018310547,235.3300018310547,15231
2021-08-11-13-01-00 GMT-0400,235.36000061035156,235.41000366210938,235.36000061035156,235.4040069580078,235.4040069580078,12761
2021-08-11-13-02-00 GMT-0400,235.41000366210938,235.52000427246094,235.41000366210938,235.41000366210938,235.41000366210938,24244
2021-08-11-13-03-00 GMT-0400,235.4199981689453,235.50999450683594,235.4199981689453,235.4600067138672,235.4600067138672,10014
2021-08-11-13-04-00 GMT-0400,235.47999572753906,235.49000549316406,235.41000366210938,235.42959594726562,235.42959594726562,7160
2021-08-11-13-05-00 GMT-0400,235.42999267578125,235.47999572753906,235.41000366210938,235.47000122070312,235.47000122070312,7719
2021-08-11-13-06-00 GMT-0400,235.47000122070312,235.47000122070312,235.33999633789062,235.3699951171875,235.3699951171875,8902
2021-08-11-13-07-00 GMT-0400,235.3699951171875,235.42999267578125,235.3699951171875,235.3800048828125,235.3800048828125,4957
2021-08-11-13-08-00 GMT-0400,235.34500122070312,235.3699951171875,235.33419799804688,235.36000061035156,235.36000061035156,6269
2021-08-11-13-09-00 GMT-0400,235.35000610351562,235.3699951171875,235.3300018310547,235.3350067138672,235.3350067138672,7668
2021-08-11-13-10-00 GMT-0400,235.3350067138672,235.44000244140625,235.3300018310547,235.44000244140625,235.44000244140625,13337
2021-08-11-13-11-00 GMT-0400,235.43310546875,235.4600067138672,235.4149932861328,235.42999267578125,235.42999267578125,9143
2021-08-11-13-12-00 GMT-0400,235.44000244140625,235.5050048828125,235.44000244140625,235.5050048828125,235.5050048828125,7969
2021-08-11-13-13-00 GMT-0400,235.5,235.5,235.38999938964844,235.39999389648438,235.39999389648438,10391
2021-08-11-13-14-00 GMT-0400,235.41000366210938,235.4499969482422,235.41000366210938,235.44000244140625,235.44000244140625,7731
2021-08-11-13-15-00 GMT-0400,235.44000244140625,235.44000244140625,235.4199981689453,235.44000244140625,235.44000244140625,4634
2021-08-11-13-16-00 GMT-0400,235.4499969482422,235.5,235.4499969482422,235.4864044189453,235.4864044189453,14760
2021-08-11-13-17-00 GMT-0400,235.47999572753906,235.47999572753906,235.4499969482422,235.46080017089844,235.46080017089844,4522
2021-08-11-13-18-00 GMT-0400,235.4499969482422,235.49000549316406,235.3800048828125,235.49000549316406,235.49000549316406,10856
2021-08-11-13-19-00 GMT-0400,235.4949951171875,235.52000427246094,235.47000122070312,235.5,235.5,20694
2021-08-11-13-20-00 GMT-0400,235.5,235.5,235.4499969482422,235.5,235.5,14070
2021-08-11-13-21-00 GMT-0400,235.5,235.52999877929688,235.42999267578125,235.43580627441406,235.43580627441406,40132
2021-08-11-13-22-00 GMT-0400,235.44000244140625,235.47999572753906,235.44000244140625,235.46499633789062,235.46499633789062,11804
2021-08-11-13-23-00 GMT-0400,235.4600067138672,235.4600067138672,235.33999633789062,235.35000610351562,235.35000610351562,9631
2021-08-11-13-24-00 GMT-0400,235.35000610351562,235.41000366210938,235.3300018310547,235.3800048828125,235.3800048828125,9164
2021-08-11-13-25-00 GMT-0400,235.39999389648438,235.41000366210938,235.33999633789062,235.39999389648438,235.39999389648438,6516
2021-08-11-13-26-00 GMT-0400,235.39999389648438,235.41250610351562,235.36000061035156,235.39999389648438,235.39999389648438,7224
2021-08-11-13-27-00 GMT-0400,235.41000366210938,235.55999755859375,235.41000366210938,235.5399932861328,235.5399932861328,30562
2021-08-11-13-28-00 GMT-0400,235.5399932861328,235.69239807128906,235.53500366210938,235.69239807128906,235.69239807128906,12214
2021-08-11-13-29-00 GMT-0400,235.6699981689453,235.67999267578125,235.52999877929688,235.5601043701172,235.5601043701172,15990
2021-08-11-13-30-00 GMT-0400,235.55999755859375,235.5749969482422,235.5,235.52000427246094,235.52000427246094,10741
2021-08-11-13-31-00 GMT-0400,235.5,235.5,235.41000366210938,235.49000549316406,235.49000549316406,11075
2021-08-11-13-32-00 GMT-0400,235.49000549316406,235.49000549316406,235.39559936523438,235.4199981689453,235.4199981689453,7950
2021-08-11-13-33-00 GMT-0400,235.41180419921875,235.4499969482422,235.3699951171875,235.4499969482422,235.4499969482422,8903
2021-08-11-13-34-00 GMT-0400,235.44000244140625,235.4600067138672,235.38870239257812,235.39999389648438,235.39999389648438,10782
2021-08-11-13-35-00 GMT-0400,235.39370727539062,235.4499969482422,235.35049438476562,235.38999938964844,235.38999938964844,13190
2021-08-11-13-36-00 GMT-0400,235.3800048828125,235.38999938964844,235.36000061035156,235.3721923828125,235.3721923828125,4778
2021-08-11-13-37-00 GMT-0400,235.36000061035156,235.3699951171875,235.25,235.25999450683594,235.25999450683594,10463
2021-08-11-13-38-00 GMT-0400,235.2550048828125,235.2550048828125,235.17999267578125,235.1999969482422,235.1999969482422,14609
2021-08-11-13-39-00 GMT-0400,235.1999969482422,235.24000549316406,235.14999389648438,235.1750030517578,235.1750030517578,20703
2021-08-11-13-40-00 GMT-0400,235.16000366210938,235.17999267578125,235.11000061035156,235.16000366210938,235.16000366210938,15431
2021-08-11-13-41-00 GMT-0400,235.1699981689453,235.1750030517578,235.1300048828125,235.14999389648438,235.14999389648438,17345
2021-08-11-13-42-00 GMT-0400,235.13999938964844,235.22000122070312,235.11000061035156,235.125,235.125,12448
2021-08-11-13-43-00 GMT-0400,235.11790466308594,235.11790466308594,235.02000427246094,235.03799438476562,235.03799438476562,12025
2021-08-11-13-44-00 GMT-0400,235.0399932861328,235.16439819335938,235.03500366210938,235.16000366210938,235.16000366210938,19390
2021-08-11-13-45-00 GMT-0400,235.1699981689453,235.22000122070312,235.1699981689453,235.2100067138672,235.2100067138672,8999
2021-08-11-13-46-00 GMT-0400,235.2100067138672,235.22000122070312,235.1197052001953,235.15199279785156,235.15199279785156,9564
2021-08-11-13-47-00 GMT-0400,235.16000366210938,235.24000549316406,235.16000366210938,235.22999572753906,235.22999572753906,11966
2021-08-11-13-48-00 GMT-0400,235.24000549316406,235.27000427246094,235.19000244140625,235.25,235.25,7082
2021-08-11-13-49-00 GMT-0400,235.25,235.25,235.14999389648438,235.25,235.25,13920
2021-08-11-13-50-00 GMT-0400,235.24000549316406,235.2666015625,235.22999572753906,235.24000549316406,235.24000549316406,8205
2021-08-11-13-51-00 GMT-0400,235.25,235.27000427246094,235.24000549316406,235.27000427246094,235.27000427246094,10029
2021-08-11-13-52-00 GMT-0400,235.3000030517578,235.3800048828125,235.3000030517578,235.3300018310547,235.3300018310547,10439
2021-08-11-13-53-00 GMT-0400,235.3271026611328,235.39999389648438,235.1999969482422,235.39999389648438,235.39999389648438,13164
2021-08-11-13-54-00 GMT-0400,235.41000366210938,235.4199981689453,235.33999633789062,235.36000061035156,235.36000061035156,7868
2021-08-11-13-55-00 GMT-0400,235.35000610351562,235.3699951171875,235.30999755859375,235.32000732421875,235.32000732421875,6450
2021-08-11-13-56-00 GMT-0400,235.3300018310547,235.35000610351562,235.2899932861328,235.32000732421875,235.32000732421875,6914
2021-08-11-13-57-00 GMT-0400,235.30999755859375,235.38980102539062,235.3000030517578,235.3699951171875,235.3699951171875,9202
2021-08-11-13-58-00 GMT-0400,235.35000610351562,235.38900756835938,235.33999633789062,235.35000610351562,235.35000610351562,5908
2021-08-11-13-59-00 GMT-0400,235.33999633789062,235.34500122070312,235.2908935546875,235.33999633789062,235.33999633789062,6677
2021-08-11-14-00-00 GMT-0400,235.32339477539062,235.3300018310547,235.22999572753906,235.22999572753906,235.22999572753906,8294
2021-08-11-14-01-00 GMT-0400,235.24000549316406,235.32000732421875,235.19500732421875,235.32000732421875,235.32000732421875,18057
2021-08-11-14-02-00 GMT-0400,235.30999755859375,235.32000732421875,235.27000427246094,235.27999877929688,235.27999877929688,10877
2021-08-11-14-03-00 GMT-0400,235.3000030517578,235.30499267578125,235.25,235.2550048828125,235.2550048828125,6728
2021-08-11-14-04-00 GMT-0400,235.27000427246094,235.27999877929688,235.22000122070312,235.24000549316406,235.24000549316406,8865
2021-08-11-14-05-00 GMT-0400,235.24000549316406,235.25,235.22000122070312,235.22999572753906,235.22999572753906,5888
2021-08-11-14-06-00 GMT-0400,235.22999572753906,235.3699951171875,235.22500610351562,235.35000610351562,235.35000610351562,17903
2021-08-11-14-07-00 GMT-0400,235.36500549316406,235.41949462890625,235.34500122070312,235.3800048828125,235.3800048828125,18147
2021-08-11-14-08-00 GMT-0400,235.38499450683594,235.4149932861328,235.3699951171875,235.3800048828125,235.3800048828125,17383
2021-08-11-14-09-00 GMT-0400,235.38999938964844,235.38999938964844,235.3000030517578,235.30999755859375,235.30999755859375,13876
2021-08-11-14-10-00 GMT-0400,235.32000732421875,235.35499572753906,235.25999450683594,235.27000427246094,235.27000427246094,17555
2021-08-11-14-11-00 GMT-0400,235.25999450683594,235.35000610351562,235.23480224609375,235.33999633789062,235.33999633789062,14446
2021-08-11-14-12-00 GMT-0400,235.35000610351562,235.38999938964844,235.3300018310547,235.3800048828125,235.3800048828125,6428
2021-08-11-14-13-00 GMT-0400,235.3800048828125,235.38999938964844,235.3699951171875,235.38999938964844,235.38999938964844,8629
2021-08-11-14-14-00 GMT-0400,235.38999938964844,235.39849853515625,235.3800048828125,235.39849853515625,235.39849853515625,1952
2021-08-11-14-15-00 GMT-0400,235.39999389648438,235.39999389648438,235.3000030517578,235.33999633789062,235.33999633789062,12858
2021-08-11-14-16-00 GMT-0400,235.33999633789062,235.33999633789062,235.22000122070312,235.22500610351562,235.22500610351562,10281
2021-08-11-14-17-00 GMT-0400,235.21499633789062,235.25,235.13999938964844,235.14999389648438,235.14999389648438,17483
2021-08-11-14-18-00 GMT-0400,235.1699981689453,235.1699981689453,235.08999633789062,235.11000061035156,235.11000061035156,8563
2021-08-11-14-19-00 GMT-0400,235.10000610351562,235.11000061035156,235.05999755859375,235.0854949951172,235.0854949951172,8077
2021-08-11-14-20-00 GMT-0400,235.0800018310547,235.0800018310547,235.02999877929688,235.0399932861328,235.0399932861328,7442
2021-08-11-14-21-00 GMT-0400,235.0399932861328,235.05499267578125,235.0,235.02000427246094,235.02000427246094,30169
2021-08-11-14-22-00 GMT-0400,235.02000427246094,235.0399932861328,234.99000549316406,235.0399932861328,235.0399932861328,40429
2021-08-11-14-23-00 GMT-0400,235.01499938964844,235.03500366210938,235.00999450683594,235.00999450683594,235.00999450683594,5212
2021-08-11-14-24-00 GMT-0400,235.02000427246094,235.02999877929688,234.9949951171875,235.02000427246094,235.02000427246094,13862
2021-08-11-14-25-00 GMT-0400,235.00999450683594,235.02999877929688,235.00999450683594,235.00999450683594,235.00999450683594,16418
2021-08-11-14-26-00 GMT-0400,235.0,235.0500030517578,235.0,235.02999877929688,235.02999877929688,14688
2021-08-11-14-27-00 GMT-0400,235.02000427246094,235.0500030517578,234.9949951171875,235.0449981689453,235.0449981689453,18966
2021-08-11-14-28-00 GMT-0400,235.0449981689453,235.07000732421875,235.0,235.02499389648438,235.02499389648438,11774
2021-08-11-14-29-00 GMT-0400,235.00999450683594,235.13999938964844,235.0,235.0800018310547,235.0800018310547,19692
2021-08-11-14-30-00 GMT-0400,235.05999755859375,235.08999633789062,235.02000427246094,235.05999755859375,235.05999755859375,20081
2021-08-11-14-31-00 GMT-0400,235.0800018310547,235.10000610351562,235.00999450683594,235.01010131835938,235.01010131835938,16857
2021-08-11-14-32-00 GMT-0400,235.0399932861328,235.05499267578125,235.02000427246094,235.02000427246094,235.02000427246094,7519
2021-08-11-14-33-00 GMT-0400,235.00999450683594,235.0399932861328,235.0,235.02000427246094,235.02000427246094,6014
2021-08-11-14-34-00 GMT-0400,235.02000427246094,235.0399932861328,235.00999450683594,235.0399932861328,235.0399932861328,6710
2021-08-11-14-35-00 GMT-0400,235.0500030517578,235.125,235.02000427246094,235.08999633789062,235.08999633789062,20771
2021-08-11-14-36-00 GMT-0400,235.08999633789062,235.10000610351562,235.03500366210938,235.08999633789062,235.08999633789062,14062
2021-08-11-14-37-00 GMT-0400,235.10000610351562,235.14500427246094,235.08999633789062,235.10000610351562,235.10000610351562,13357
2021-08-11-14-38-00 GMT-0400,235.08999633789062,235.08999633789062,235.00999450683594,235.02000427246094,235.02000427246094,16536
2021-08-11-14-39-00 GMT-0400,235.01499938964844,235.02000427246094,235.0,235.02000427246094,235.02000427246094,11863
2021-08-11-14-40-00 GMT-0400,235.00999450683594,235.04989624023438,235.00999450683594,235.00999450683594,235.00999450683594,7681
2021-08-11-14-41-00 GMT-0400,235.00999450683594,235.02000427246094,234.99000549316406,235.0050048828125,235.0050048828125,14954
2021-08-11-14-42-00 GMT-0400,235.00999450683594,235.05999755859375,235.0,235.0399932861328,235.0399932861328,15118
2021-08-11-14-43-00 GMT-0400,235.0399932861328,235.0449981689453,235.0,235.0449981689453,235.0449981689453,11963
2021-08-11-14-44-00 GMT-0400,235.0399932861328,235.0399932861328,234.97500610351562,234.99000549316406,234.99000549316406,20571
2021-08-11-14-45-00 GMT-0400,234.97999572753906,235.0399932861328,234.97999572753906,235.0399932861328,235.0399932861328,20269
2021-08-11-14-46-00 GMT-0400,235.03500366210938,235.06500244140625,235.02000427246094,235.02000427246094,235.02000427246094,10190
2021-08-11-14-47-00 GMT-0400,235.02000427246094,235.07000732421875,235.01499938964844,235.05999755859375,235.05999755859375,15663
2021-08-11-14-48-00 GMT-0400,235.05999755859375,235.07000732421875,235.0050048828125,235.02000427246094,235.02000427246094,24629
2021-08-11-14-49-00 GMT-0400,235.01890563964844,235.02999877929688,235.00999450683594,235.00999450683594,235.00999450683594,13381
2021-08-11-14-50-00 GMT-0400,235.00999450683594,235.03500366210938,235.00999450683594,235.03500366210938,235.03500366210938,6300
2021-08-11-14-51-00 GMT-0400,235.03500366210938,235.0500030517578,235.02099609375,235.02999877929688,235.02999877929688,11233
2021-08-11-14-52-00 GMT-0400,235.02000427246094,235.03500366210938,235.0,235.03500366210938,235.03500366210938,10894
2021-08-11-14-53-00 GMT-0400,235.03500366210938,235.0500030517578,235.02000427246094,235.02000427246094,235.02000427246094,10590
2021-08-11-14-54-00 GMT-0400,235.00999450683594,235.07000732421875,235.0,235.0,235.0,15867
2021-08-11-14-55-00 GMT-0400,235.0050048828125,235.0050048828125,234.97500610351562,235.0,235.0,16436
2021-08-11-14-56-00 GMT-0400,235.0,235.0222930908203,234.9949951171875,235.02000427246094,235.02000427246094,12471
2021-08-11-14-57-00 GMT-0400,235.02000427246094,235.02999877929688,234.9499969482422,234.9499969482422,234.9499969482422,13163
2021-08-11-14-58-00 GMT-0400,234.9499969482422,234.9499969482422,234.9250030517578,234.94000244140625,234.94000244140625,14424
2021-08-11-14-59-00 GMT-0400,234.94500732421875,234.97999572753906,234.92999267578125,234.97999572753906,234.97999572753906,17139
2021-08-11-15-00-00 GMT-0400,234.99000549316406,235.05999755859375,234.99000549316406,235.00999450683594,235.00999450683594,19753
2021-08-11-15-01-00 GMT-0400,235.02000427246094,235.02000427246094,234.97000122070312,234.97999572753906,234.97999572753906,8826
2021-08-11-15-02-00 GMT-0400,234.97079467773438,234.97079467773438,234.92999267578125,234.94000244140625,234.94000244140625,9585
2021-08-11-15-03-00 GMT-0400,234.93499755859375,234.9600067138672,234.91000366210938,234.94500732421875,234.94500732421875,11376
2021-08-11-15-04-00 GMT-0400,234.9499969482422,234.97999572753906,234.9499969482422,234.97999572753906,234.97999572753906,6408
2021-08-11-15-05-00 GMT-0400,234.98500061035156,234.98500061035156,234.5800018310547,234.86000061035156,234.86000061035156,52452
2021-08-11-15-06-00 GMT-0400,234.86000061035156,234.94000244140625,234.8000030517578,234.9300994873047,234.9300994873047,29833
2021-08-11-15-07-00 GMT-0400,234.92999267578125,235.02999877929688,234.9178924560547,235.0,235.0,17403
2021-08-11-15-08-00 GMT-0400,235.00999450683594,235.0399932861328,234.91000366210938,234.91000366210938,234.91000366210938,21762
2021-08-11-15-09-00 GMT-0400,234.91000366210938,235.10000610351562,234.89999389648438,234.97999572753906,234.97999572753906,39497
2021-08-11-15-10-00 GMT-0400,234.97999572753906,235.27999877929688,234.85000610351562,235.1999969482422,235.1999969482422,60825
2021-08-11-15-11-00 GMT-0400,235.1999969482422,235.22000122070312,235.1199951171875,235.13999938964844,235.13999938964844,13679
2021-08-11-15-12-00 GMT-0400,235.16000366210938,235.16000366210938,235.1199951171875,235.1300048828125,235.1300048828125,9870
2021-08-11-15-13-00 GMT-0400,235.1300048828125,235.13999938964844,235.02000427246094,235.0800018310547,235.0800018310547,14877
2021-08-11-15-14-00 GMT-0400,235.08999633789062,235.1199951171875,235.0500030517578,235.0800018310547,235.0800018310547,23132
2021-08-11-15-15-00 GMT-0400,235.0655059814453,235.14999389648438,235.0655059814453,235.1199951171875,235.1199951171875,12489
2021-08-11-15-16-00 GMT-0400,235.1199951171875,235.22999572753906,235.11000061035156,235.22500610351562,235.22500610351562,8192
2021-08-11-15-17-00 GMT-0400,235.23500061035156,235.23500061035156,235.1999969482422,235.2100067138672,235.2100067138672,4489
2021-08-11-15-18-00 GMT-0400,235.1999969482422,235.2100067138672,235.1300048828125,235.19000244140625,235.19000244140625,12104
2021-08-11-15-19-00 GMT-0400,235.19000244140625,235.2100067138672,235.1750030517578,235.2100067138672,235.2100067138672,7552
2021-08-11-15-20-00 GMT-0400,235.20010375976562,235.23500061035156,235.19500732421875,235.22999572753906,235.22999572753906,12172
2021-08-11-15-21-00 GMT-0400,235.22999572753906,235.2899932861328,235.22999572753906,235.2899932861328,235.2899932861328,8445
2021-08-11-15-22-00 GMT-0400,235.3000030517578,235.3800048828125,235.3000030517578,235.3800048828125,235.3800048828125,17853
2021-08-11-15-23-00 GMT-0400,235.3876953125,235.49000549316406,235.3876953125,235.41000366210938,235.41000366210938,17438
2021-08-11-15-24-00 GMT-0400,235.44000244140625,235.4499969482422,235.36000061035156,235.3699951171875,235.3699951171875,9979
2021-08-11-15-25-00 GMT-0400,235.3699951171875,235.44000244140625,235.3699951171875,235.44000244140625,235.44000244140625,18814
2021-08-11-15-26-00 GMT-0400,235.44000244140625,235.4499969482422,235.36000061035156,235.36630249023438,235.36630249023438,15022
2021-08-11-15-27-00 GMT-0400,235.35000610351562,235.35000610351562,235.30999755859375,235.32000732421875,235.32000732421875,8594
2021-08-11-15-28-00 GMT-0400,235.32000732421875,235.3350067138672,235.27000427246094,235.27999877929688,235.27999877929688,16066
2021-08-11-15-29-00 GMT-0400,235.27999877929688,235.36000061035156,235.25999450683594,235.36000061035156,235.36000061035156,12112
2021-08-11-15-30-00 GMT-0400,235.35000610351562,235.35000610351562,235.25999450683594,235.2899932861328,235.2899932861328,13095
2021-08-11-15-31-00 GMT-0400,235.2899932861328,235.38999938964844,235.28500366210938,235.38999938964844,235.38999938964844,24025
2021-08-11-15-32-00 GMT-0400,235.38999938964844,235.38999938964844,235.2899932861328,235.32000732421875,235.32000732421875,15098
2021-08-11-15-33-00 GMT-0400,235.32000732421875,235.38999938964844,235.32000732421875,235.35000610351562,235.35000610351562,13544
2021-08-11-15-34-00 GMT-0400,235.33999633789062,235.39999389648438,235.3000030517578,235.34500122070312,235.34500122070312,22287
2021-08-11-15-35-00 GMT-0400,235.34500122070312,235.35499572753906,235.27499389648438,235.27999877929688,235.27999877929688,15280
2021-08-11-15-36-00 GMT-0400,235.2899932861328,235.30999755859375,235.22999572753906,235.25,235.25,12909
2021-08-11-15-37-00 GMT-0400,235.25,235.27000427246094,235.2100067138672,235.27000427246094,235.27000427246094,10376
2021-08-11-15-38-00 GMT-0400,235.25999450683594,235.25999450683594,235.22000122070312,235.25,235.25,15326
2021-08-11-15-39-00 GMT-0400,235.24000549316406,235.24000549316406,235.15499877929688,235.15499877929688,235.15499877929688,22775
2021-08-11-15-40-00 GMT-0400,235.16000366210938,235.1750030517578,235.08999633789062,235.09500122070312,235.09500122070312,19601
2021-08-11-15-41-00 GMT-0400,235.08999633789062,235.19000244140625,235.08999633789062,235.16000366210938,235.16000366210938,38804
2021-08-11-15-42-00 GMT-0400,235.14999389648438,235.19000244140625,235.1300048828125,235.1699981689453,235.1699981689453,24882
2021-08-11-15-43-00 GMT-0400,235.14999389648438,235.16000366210938,235.10000610351562,235.13499450683594,235.13499450683594,12513
2021-08-11-15-44-00 GMT-0400,235.13499450683594,235.1750030517578,235.11000061035156,235.14500427246094,235.14500427246094,24417
2021-08-11-15-45-00 GMT-0400,235.13999938964844,235.14999389648438,235.07000732421875,235.0800018310547,235.0800018310547,30251
2021-08-11-15-46-00 GMT-0400,235.0800018310547,235.0800018310547,235.02000427246094,235.0399932861328,235.0399932861328,24689
2021-08-11-15-47-00 GMT-0400,235.03500366210938,235.10549926757812,235.00999450683594,235.10549926757812,235.10549926757812,35865
2021-08-11-15-48-00 GMT-0400,235.10000610351562,235.17990112304688,235.0800018310547,235.14999389648438,235.14999389648438,32140
2021-08-11-15-49-00 GMT-0400,235.1501007080078,235.1501007080078,235.02999877929688,235.0399932861328,235.0399932861328,26958
2021-08-11-15-50-00 GMT-0400,235.02999877929688,235.0449981689453,234.96499633789062,234.97999572753906,234.97999572753906,41473
2021-08-11-15-51-00 GMT-0400,234.97999572753906,235.02999877929688,234.9600067138672,234.98500061035156,234.98500061035156,36939
2021-08-11-15-52-00 GMT-0400,234.99000549316406,235.00999450683594,234.85000610351562,234.86000061035156,234.86000061035156,33107
2021-08-11-15-53-00 GMT-0400,234.85000610351562,234.94500732421875,234.8300018310547,234.94000244140625,234.94000244140625,27280
2021-08-11-15-54-00 GMT-0400,234.93499755859375,235.01499938964844,234.91000366210938,234.92999267578125,234.92999267578125,34142
2021-08-11-15-55-00 GMT-0400,234.94000244140625,235.0699005126953,234.93499755859375,235.05499267578125,235.05499267578125,43092
2021-08-11-15-56-00 GMT-0400,235.0500030517578,235.05499267578125,234.9600067138672,234.99000549316406,234.99000549316406,52149
2021-08-11-15-57-00 GMT-0400,234.99000549316406,234.9949951171875,234.8800048828125,234.89999389648438,234.89999389648438,44442
2021-08-11-15-58-00 GMT-0400,234.90769958496094,234.92990112304688,234.8800048828125,234.88499450683594,234.88499450683594,63920
2021-08-11-15-59-00 GMT-0400,234.88499450683594,235.08999633789062,234.8300018310547,235.0500030517578,235.0500030517578,135813
2021-08-11-16-00-00 GMT-0400,235.06,235.1,234.63,235.06,235.06,7091973
2021-08-11-16-01-00 GMT-0400,235.06,235.1,234.7,235.06,235.06,0
2021-08-11-16-02-00 GMT-0400,235.06,235.06,234.895,234.915,234.915,0
2021-08-11-16-03-00 GMT-0400,234.915,235.06,234.75,235.06,235.06,0
2021-08-11-16-04-00 GMT-0400,235.06,235.06,234.905,235.06,235.06,0
2021-08-11-16-05-00 GMT-0400,235.0,235.0056,234.905,234.905,234.905,0
2021-08-11-16-06-00 GMT-0400,235.04,235.06,234.75,234.75,234.75,0
2021-08-11-16-07-00 GMT-0400,235.06,235.06,234.9,234.9,234.9,0
2021-08-11-16-08-00 GMT-0400,235.05,235.1,235.04,235.1,235.1,0
2021-08-11-16-09-00 GMT-0400,235.15,235.2,235.075,235.14,235.14,0
2021-08-11-16-10-00 GMT-0400,235.15,235.15,235.08,235.15,235.15,0
2021-08-11-16-11-00 GMT-0400,235.2,235.2,235.0,235.0,235.0,0
2021-08-11-16-12-00 GMT-0400,235.14,235.14,235.0,235.0,235.0,0
2021-08-11-16-13-00 GMT-0400,235.1,235.2,235.1,235.2,235.2,0
2021-08-11-16-14-00 GMT-0400,235.2,235.2,235.08,235.08,235.08,0
2021-08-11-16-15-00 GMT-0400,235.095,235.095,235.08,235.095,235.095,0
2021-08-11-16-16-00 GMT-0400,235.08,235.1,235.08,235.1,235.1,0
2021-08-11-16-17-00 GMT-0400,235.095,235.095,235.01,235.01,235.01,0
2021-08-11-16-18-00 GMT-0400,235.095,235.095,235.095,235.095,235.095,0
2021-08-11-16-19-00 GMT-0400,235.095,235.19,235.095,235.095,235.095,0
2021-08-11-16-21-00 GMT-0400,235.0967,235.19,235.09,235.19,235.19,0
2021-08-11-16-22-00 GMT-0400,235.09,235.095,235.06,235.06,235.06,0
2021-08-11-16-23-00 GMT-0400,235.08,235.17,235.0,235.06,235.06,0
2021-08-11-16-24-00 GMT-0400,235.17,235.17,235.14,235.14,235.14,0
2021-08-11-16-25-00 GMT-0400,235.085,235.09,235.05,235.05,235.05,0
2021-08-11-16-26-00 GMT-0400,235.045,235.08,235.0,235.045,235.045,0
2021-08-11-16-27-00 GMT-0400,235.045,235.09,235.0,235.045,235.045,0
2021-08-11-16-28-00 GMT-0400,235.05,235.09,235.0,235.09,235.09,0
2021-08-11-16-29-00 GMT-0400,235.09,235.09,235.0,235.0,235.0,0
2021-08-11-16-30-00 GMT-0400,235.045,235.09,235.045,235.09,235.09,0
2021-08-11-16-31-00 GMT-0400,235.09,235.09,235.045,235.045,235.045,0
2021-08-11-16-33-00 GMT-0400,235.09,235.09,235.0,235.09,235.09,0
2021-08-11-16-34-00 GMT-0400,235.09,235.09,235.09,235.09,235.09,0
2021-08-11-16-36-00 GMT-0400,235.09,235.09,234.8,234.8,234.8,0
2021-08-11-16-37-00 GMT-0400,235.17,235.17,234.985,235.17,235.17,0
2021-08-11-16-38-00 GMT-0400,235.1,235.17,235.1,235.17,235.17,0
2021-08-11-16-39-00 GMT-0400,235.14,235.14,234.985,234.985,234.985,0
2021-08-11-16-40-00 GMT-0400,235.06,235.17,234.7,235.17,235.17,0
2021-08-11-16-41-00 GMT-0400,235.06,235.14,234.935,235.06,235.06,0
2021-08-11-16-42-00 GMT-0400,235.04,235.15,234.935,234.935,234.935,0
2021-08-11-16-43-00 GMT-0400,234.935,234.935,234.935,234.935,234.935,0
2021-08-11-16-44-00 GMT-0400,235.06,235.06,235.06,235.06,235.06,0
2021-08-11-16-46-00 GMT-0400,235.14,235.14,235.14,235.14,235.14,0
2021-08-11-16-47-00 GMT-0400,235.12,235.14,234.7,235.0,235.0,0
2021-08-11-16-48-00 GMT-0400,235.14,235.14,235.0,235.11,235.11,0
2021-08-11-16-49-00 GMT-0400,235.11,235.11,235.11,235.11,235.11,0
2021-08-11-16-50-00 GMT-0400,235.1,235.1,235.1,235.1,235.1,0
2021-08-11-16-51-00 GMT-0400,235.1,235.1,234.895,234.895,234.895,0
2021-08-11-16-52-00 GMT-0400,234.895,235.06,234.895,235.06,235.06,0
2021-08-11-16-53-00 GMT-0400,235.02,235.02,235.02,235.02,235.02,0
2021-08-11-16-54-00 GMT-0400,234.71,235.05,234.71,235.05,235.05,0
2021-08-11-16-55-00 GMT-0400,234.99,235.05,234.99,235.05,235.05,0
2021-08-11-16-56-00 GMT-0400,234.9,235.05,234.71,235.05,235.05,0
2021-08-11-16-57-00 GMT-0400,234.99,235.05,234.9,234.9,234.9,0
2021-08-11-16-58-00 GMT-0400,235.0,235.0,234.9,234.9,234.9,0
2021-08-11-17-00-00 GMT-0400,234.99,234.99,234.9,234.99,234.99,0
2021-08-11-17-01-00 GMT-0400,234.94,235.0,234.9,235.0,235.0,0
2021-08-11-17-03-00 GMT-0400,235.0,235.0,234.905,234.905,234.905,0
2021-08-11-17-04-00 GMT-0400,235.09,235.09,234.905,234.905,234.905,0
2021-08-11-17-05-00 GMT-0400,234.9,235.0,234.9,234.92,234.92,0
2021-08-11-17-06-00 GMT-0400,235.0,235.0,234.99,234.99,234.99,0
2021-08-11-17-08-00 GMT-0400,235.09,235.09,234.92,234.92,234.92,0
2021-08-11-17-09-00 GMT-0400,234.92,235.09,234.75,234.92,234.92,0
2021-08-11-17-10-00 GMT-0400,235.0,235.0,235.0,235.0,235.0,0
2021-08-11-17-12-00 GMT-0400,234.95,235.09,234.92,234.92,234.92,0
2021-08-11-17-13-00 GMT-0400,234.99,234.99,234.99,234.99,234.99,0
2021-08-11-17-14-00 GMT-0400,234.99,235.09,234.92,234.92,234.92,0
2021-08-11-17-15-00 GMT-0400,235.0,235.01,234.75,234.75,234.75,0
2021-08-11-17-17-00 GMT-0400,234.92,234.95,234.9,234.91,234.91,0
2021-08-11-17-18-00 GMT-0400,235.05,235.09,234.82,234.99,234.99,0
2021-08-11-17-20-00 GMT-0400,235.08,235.09,234.99,235.035,235.035,0
2021-08-11-17-21-00 GMT-0400,234.99,235.05,234.945,234.945,234.945,0
2021-08-11-17-22-00 GMT-0400,235.05,235.05,234.99,234.99,234.99,0
2021-08-11-17-23-00 GMT-0400,234.945,235.09,234.8,234.99,234.99,0
2021-08-11-17-24-00 GMT-0400,234.98,235.09,234.945,234.945,234.945,0
2021-08-11-17-25-00 GMT-0400,235.08,235.08,234.99,234.99,234.99,0
2021-08-11-17-26-00 GMT-0400,234.945,234.99,234.945,234.99,234.99,0
2021-08-11-17-27-00 GMT-0400,235.09,235.09,234.945,234.945,234.945,0
2021-08-11-17-28-00 GMT-0400,235.08,235.08,234.99,235.05,235.05,0
2021-08-11-17-31-00 GMT-0400,234.945,234.945,234.945,234.945,234.945,0
2021-08-11-17-33-00 GMT-0400,234.945,235.09,234.945,235.09,235.09,0
2021-08-11-17-34-00 GMT-0400,235.06,235.06,234.945,234.945,234.945,0
2021-08-11-17-35-00 GMT-0400,234.98,234.99,234.945,234.99,234.99,0
2021-08-11-17-36-00 GMT-0400,234.99,235.09,234.945,235.09,235.09,0
2021-08-11-17-38-00 GMT-0400,235.09,235.09,235.05,235.05,235.05,0
2021-08-11-17-39-00 GMT-0400,234.99,235.09,234.945,234.945,234.945,0
2021-08-11-17-40-00 GMT-0400,234.99,234.99,234.945,234.945,234.945,0
2021-08-11-17-42-00 GMT-0400,235.09,235.09,234.99,234.99,234.99,0
2021-08-11-17-43-00 GMT-0400,234.99,234.995,234.98,234.99,234.99,0
2021-08-11-17-44-00 GMT-0400,235.05,235.05,235.05,235.05,235.05,0
2021-08-11-17-47-00 GMT-0400,235.035,235.035,235.035,235.035,235.035,0
2021-08-11-17-49-00 GMT-0400,234.995,235.05,234.995,235.05,235.05,0
2021-08-11-17-50-00 GMT-0400,235.01,235.01,235.0,235.0,235.0,0
2021-08-11-17-51-00 GMT-0400,234.945,235.05,234.945,234.945,234.945,0
2021-08-11-17-56-00 GMT-0400,234.995,235.05,234.995,235.0,235.0,0
2021-08-11-17-59-00 GMT-0400,234.995,235.09,234.995,235.09,235.09,0
2021-08-11-18-11-00 GMT-0400,235.05,235.08,235.05,235.08,235.08,0
2021-08-11-18-12-00 GMT-0400,235.08,235.08,235.08,235.08,235.08,0
2021-08-11-18-21-00 GMT-0400,235.06,235.06,235.05,235.05,235.05,0
2021-08-11-18-32-00 GMT-0400,235.02,235.06,235.02,235.02,235.02,0
2021-08-11-18-43-00 GMT-0400,235.02,235.02,235.0,235.0,235.0,0
2021-08-11-18-50-00 GMT-0400,235.02,235.02,234.82,234.82,234.82,0
2021-08-11-18-52-00 GMT-0400,235.01,235.01,235.01,235.01,235.01,0
2021-08-11-18-58-00 GMT-0400,235.02,235.02,234.98,234.98,234.98,0
2021-08-11-19-16-00 GMT-0400,235.0,235.02,234.91,234.91,234.91,0
2021-08-11-19-43-00 GMT-0400,234.98,234.98,234.98,234.98,234.98,0
2021-08-11-19-51-00 GMT-0400,235.0,235.0,234.95,234.98,234.98,0
2021-08-11-19-52-00 GMT-0400,234.94,234.94,234.9,234.9,234.9,0
2021-08-11-19-53-00 GMT-0400,234.9,234.9,234.9,234.9,234.9,0
2021-08-11-19-58-00 GMT-0400,234.9,235.01,234.9,235.01,235.01,0
