Datetime,Open,High,Low,Close,Adj Close,Volume
2022-01-18-04-00-00 GMT-0500,305.75,305.75,305.21,305.3,305.3,0
2022-01-18-04-01-00 GMT-0500,305.25,305.84,305.25,305.7,305.7,0
2022-01-18-04-02-00 GMT-0500,305.75,305.99,305.59,305.59,305.59,0
2022-01-18-04-03-00 GMT-0500,305.75,305.75,305.6,305.71,305.71,0
2022-01-18-04-04-00 GMT-0500,305.65,305.74,305.57,305.7,305.7,0
2022-01-18-04-05-00 GMT-0500,305.64,305.71,305.26,305.48,305.48,0
2022-01-18-04-06-00 GMT-0500,305.28,305.47,305.06,305.2,305.2,0
2022-01-18-04-07-00 GMT-0500,305.15,305.2,304.82,304.84,304.84,0
2022-01-18-04-08-00 GMT-0500,304.9,305.28,304.89,305.12,305.12,0
2022-01-18-04-09-00 GMT-0500,305.11,305.3,305.0,305.29,305.29,0
2022-01-18-04-10-00 GMT-0500,305.3,305.4,305.2,305.21,305.21,0
2022-01-18-04-11-00 GMT-0500,305.31,305.32,305.2,305.32,305.32,0
2022-01-18-04-12-00 GMT-0500,305.3,305.33,305.2,305.2,305.2,0
2022-01-18-04-13-00 GMT-0500,305.22,305.22,305.1,305.1,305.1,0
2022-01-18-04-14-00 GMT-0500,305.1,305.26,305.1,305.13,305.13,0
2022-01-18-04-15-00 GMT-0500,305.13,305.14,304.37,304.4,304.4,0
2022-01-18-04-16-00 GMT-0500,304.38,304.39,303.53,303.71,303.71,0
2022-01-18-04-17-00 GMT-0500,303.71,303.97,303.7,303.9,303.9,0
2022-01-18-04-18-00 GMT-0500,303.9,303.9,303.7,303.8,303.8,0
2022-01-18-04-19-00 GMT-0500,303.8,303.87,303.5,303.7,303.7,0
2022-01-18-04-20-00 GMT-0500,303.7,304.0,303.64,304.0,304.0,0
2022-01-18-04-21-00 GMT-0500,304.0,304.0,303.55,303.79,303.79,0
2022-01-18-04-22-00 GMT-0500,303.79,303.79,303.3,303.35,303.35,0
2022-01-18-04-23-00 GMT-0500,303.35,303.61,303.32,303.5,303.5,0
2022-01-18-04-24-00 GMT-0500,303.56,303.86,303.52,303.86,303.86,0
2022-01-18-04-25-00 GMT-0500,303.73,303.88,303.69,303.71,303.71,0
2022-01-18-04-26-00 GMT-0500,303.75,304.0,303.75,304.0,304.0,0
2022-01-18-04-27-00 GMT-0500,304.0,304.1,303.99,304.0,304.0,0
2022-01-18-04-28-00 GMT-0500,304.0,304.5,304.0,304.29,304.29,0
2022-01-18-04-29-00 GMT-0500,304.36,304.52,304.23,304.4,304.4,0
2022-01-18-04-30-00 GMT-0500,304.4,304.5,304.36,304.5,304.5,0
2022-01-18-04-31-00 GMT-0500,304.21,304.59,304.21,304.49,304.49,0
2022-01-18-04-32-00 GMT-0500,304.23,304.82,304.23,304.36,304.36,0
2022-01-18-04-33-00 GMT-0500,304.36,304.49,304.0,304.0,304.0,0
2022-01-18-04-34-00 GMT-0500,304.29,304.29,304.0,304.12,304.12,0
2022-01-18-04-35-00 GMT-0500,304.04,304.25,303.96,304.21,304.21,0
2022-01-18-04-36-00 GMT-0500,304.11,304.17,303.93,304.17,304.17,0
2022-01-18-04-37-00 GMT-0500,304.0,304.0,303.8,303.8,303.8,0
2022-01-18-04-38-00 GMT-0500,303.8,303.89,303.64,303.68,303.68,0
2022-01-18-04-39-00 GMT-0500,303.89,304.0,303.77,303.99,303.99,0
2022-01-18-04-40-00 GMT-0500,304.05,304.14,304.02,304.14,304.14,0
2022-01-18-04-41-00 GMT-0500,304.0,304.01,304.0,304.0,304.0,0
2022-01-18-04-42-00 GMT-0500,304.0,304.14,304.0,304.1,304.1,0
2022-01-18-04-43-00 GMT-0500,304.0,304.12,303.64,303.64,303.64,0
2022-01-18-04-44-00 GMT-0500,303.69,304.0,303.6,304.0,304.0,0
2022-01-18-04-45-00 GMT-0500,304.0,304.0,303.74,304.0,304.0,0
2022-01-18-04-46-00 GMT-0500,304.09,304.16,304.01,304.14,304.14,0
2022-01-18-04-47-00 GMT-0500,304.16,304.37,304.16,304.37,304.37,0
2022-01-18-04-48-00 GMT-0500,304.38,304.49,304.15,304.15,304.15,0
2022-01-18-04-49-00 GMT-0500,304.49,304.6,304.31,304.49,304.49,0
2022-01-18-04-50-00 GMT-0500,304.49,304.63,304.49,304.55,304.55,0
2022-01-18-04-51-00 GMT-0500,304.63,304.63,304.49,304.49,304.49,0
2022-01-18-04-52-00 GMT-0500,304.55,304.55,304.55,304.55,304.55,0
2022-01-18-04-53-00 GMT-0500,304.55,304.85,304.55,304.79,304.79,0
2022-01-18-04-54-00 GMT-0500,304.81,304.85,304.73,304.73,304.73,0
2022-01-18-04-55-00 GMT-0500,304.73,304.75,304.7,304.7,304.7,0
2022-01-18-04-56-00 GMT-0500,304.66,304.69,304.66,304.68,304.68,0
2022-01-18-04-57-00 GMT-0500,304.58,304.69,304.39,304.49,304.49,0
2022-01-18-04-58-00 GMT-0500,304.49,304.49,304.4,304.42,304.42,0
2022-01-18-04-59-00 GMT-0500,304.42,304.56,304.41,304.53,304.53,0
2022-01-18-05-00-00 GMT-0500,304.52,304.6,304.52,304.6,304.6,0
2022-01-18-05-01-00 GMT-0500,304.68,304.68,304.6,304.61,304.61,0
2022-01-18-05-02-00 GMT-0500,304.67,304.67,304.52,304.6,304.6,0
2022-01-18-05-03-00 GMT-0500,304.65,304.81,304.64,304.81,304.81,0
2022-01-18-05-04-00 GMT-0500,304.81,304.95,304.8,304.81,304.81,0
2022-01-18-05-05-00 GMT-0500,304.81,304.97,304.79,304.79,304.79,0
2022-01-18-05-06-00 GMT-0500,304.79,304.97,304.75,304.76,304.76,0
2022-01-18-05-07-00 GMT-0500,304.8,304.88,304.76,304.79,304.79,0
2022-01-18-05-08-00 GMT-0500,304.88,304.88,304.79,304.79,304.79,0
2022-01-18-05-09-00 GMT-0500,304.88,304.88,304.75,304.8,304.8,0
2022-01-18-05-10-00 GMT-0500,304.79,304.79,304.75,304.75,304.75,0
2022-01-18-05-11-00 GMT-0500,304.91,304.92,304.89,304.92,304.92,0
2022-01-18-05-12-00 GMT-0500,304.91,304.95,304.91,304.95,304.95,0
2022-01-18-05-13-00 GMT-0500,304.91,304.93,304.79,304.93,304.93,0
2022-01-18-05-14-00 GMT-0500,304.94,305.15,304.93,305.15,305.15,0
2022-01-18-05-15-00 GMT-0500,305.15,305.15,305.13,305.13,305.13,0
2022-01-18-05-16-00 GMT-0500,305.1,305.1,304.8,304.8,304.8,0
2022-01-18-05-17-00 GMT-0500,304.91,304.97,304.79,304.8,304.8,0
2022-01-18-05-18-00 GMT-0500,304.95,304.98,304.62,304.62,304.62,0
2022-01-18-05-19-00 GMT-0500,304.92,304.92,304.79,304.8,304.8,0
2022-01-18-05-20-00 GMT-0500,304.87,304.87,304.82,304.82,304.82,0
2022-01-18-05-21-00 GMT-0500,304.8,304.9,304.78,304.9,304.9,0
2022-01-18-05-22-00 GMT-0500,304.87,304.94,304.8,304.94,304.94,0
2022-01-18-05-23-00 GMT-0500,304.94,304.94,304.94,304.94,304.94,0
2022-01-18-05-24-00 GMT-0500,304.95,305.0,304.95,304.97,304.97,0
2022-01-18-05-25-00 GMT-0500,304.97,305.19,304.97,305.08,305.08,0
2022-01-18-05-26-00 GMT-0500,305.1,305.13,305.09,305.1,305.1,0
2022-01-18-05-27-00 GMT-0500,305.1,305.1,304.82,304.95,304.95,0
2022-01-18-05-28-00 GMT-0500,304.82,304.92,304.82,304.92,304.92,0
2022-01-18-05-29-00 GMT-0500,304.92,304.95,304.92,304.95,304.95,0
2022-01-18-05-30-00 GMT-0500,305.05,305.1,304.95,304.98,304.98,0
2022-01-18-05-31-00 GMT-0500,305.1,305.17,305.08,305.08,305.08,0
2022-01-18-05-32-00 GMT-0500,305.0,305.02,304.84,304.96,304.96,0
2022-01-18-05-33-00 GMT-0500,304.96,304.96,304.83,304.86,304.86,0
2022-01-18-05-34-00 GMT-0500,304.93,304.99,304.83,304.95,304.95,0
2022-01-18-05-35-00 GMT-0500,304.95,304.95,304.51,304.75,304.75,0
2022-01-18-05-36-00 GMT-0500,304.8,304.8,304.47,304.5,304.5,0
2022-01-18-05-37-00 GMT-0500,304.77,304.77,304.5,304.5,304.5,0
2022-01-18-05-39-00 GMT-0500,304.53,304.79,304.39,304.45,304.45,0
2022-01-18-05-40-00 GMT-0500,304.74,304.74,304.34,304.53,304.53,0
2022-01-18-05-41-00 GMT-0500,304.5,304.53,303.97,304.03,304.03,0
2022-01-18-05-42-00 GMT-0500,304.18,304.18,304.18,304.18,304.18,0
2022-01-18-05-44-00 GMT-0500,304.18,304.23,304.03,304.18,304.18,0
2022-01-18-05-45-00 GMT-0500,304.28,304.32,304.14,304.29,304.29,0
2022-01-18-05-46-00 GMT-0500,304.37,304.68,304.37,304.68,304.68,0
2022-01-18-05-47-00 GMT-0500,304.51,304.7,304.08,304.23,304.23,0
2022-01-18-05-48-00 GMT-0500,304.19,304.47,304.18,304.37,304.37,0
2022-01-18-05-49-00 GMT-0500,304.41,304.41,304.12,304.4,304.4,0
2022-01-18-05-50-00 GMT-0500,304.35,304.37,304.35,304.35,304.35,0
2022-01-18-05-51-00 GMT-0500,304.49,304.49,304.49,304.49,304.49,0
2022-01-18-05-52-00 GMT-0500,304.51,304.63,304.51,304.59,304.59,0
2022-01-18-05-53-00 GMT-0500,304.58,304.59,304.58,304.59,304.59,0
2022-01-18-05-54-00 GMT-0500,304.59,304.66,304.5,304.66,304.66,0
2022-01-18-05-55-00 GMT-0500,304.66,304.69,304.59,304.69,304.69,0
2022-01-18-05-56-00 GMT-0500,304.53,304.6,304.16,304.58,304.58,0
2022-01-18-05-57-00 GMT-0500,304.36,304.61,304.36,304.61,304.61,0
2022-01-18-05-58-00 GMT-0500,304.59,304.61,304.5,304.55,304.55,0
2022-01-18-05-59-00 GMT-0500,304.5,304.57,304.36,304.5,304.5,0
2022-01-18-06-00-00 GMT-0500,304.5,304.57,304.33,304.44,304.44,0
2022-01-18-06-01-00 GMT-0500,304.55,304.56,304.5,304.5,304.5,0
2022-01-18-06-02-00 GMT-0500,304.54,304.54,304.14,304.14,304.14,0
2022-01-18-06-03-00 GMT-0500,304.47,304.47,303.99,304.18,304.18,0
2022-01-18-06-04-00 GMT-0500,304.01,304.25,303.5,303.75,303.75,0
2022-01-18-06-05-00 GMT-0500,303.75,303.83,303.56,303.75,303.75,0
2022-01-18-06-06-00 GMT-0500,303.83,304.19,303.69,304.17,304.17,0
2022-01-18-06-07-00 GMT-0500,304.28,304.28,304.28,304.28,304.28,0
2022-01-18-06-08-00 GMT-0500,304.35,304.37,304.35,304.37,304.37,0
2022-01-18-06-09-00 GMT-0500,304.35,304.35,304.28,304.33,304.33,0
2022-01-18-06-10-00 GMT-0500,304.3,304.34,304.28,304.28,304.28,0
2022-01-18-06-11-00 GMT-0500,304.25,304.28,304.25,304.27,304.27,0
2022-01-18-06-12-00 GMT-0500,304.25,304.28,304.0,304.04,304.04,0
2022-01-18-06-13-00 GMT-0500,304.11,304.3,303.78,304.11,304.11,0
2022-01-18-06-14-00 GMT-0500,304.17,304.37,304.17,304.37,304.37,0
2022-01-18-06-16-00 GMT-0500,304.24,304.44,304.24,304.44,304.44,0
2022-01-18-06-17-00 GMT-0500,304.26,304.3,304.01,304.17,304.17,0
2022-01-18-06-18-00 GMT-0500,304.11,304.23,304.1,304.23,304.23,0
2022-01-18-06-19-00 GMT-0500,304.23,304.3,304.21,304.23,304.23,0
2022-01-18-06-20-00 GMT-0500,304.38,304.38,304.37,304.38,304.38,0
2022-01-18-06-21-00 GMT-0500,304.24,304.38,304.24,304.38,304.38,0
2022-01-18-06-22-00 GMT-0500,304.23,304.36,304.13,304.36,304.36,0
2022-01-18-06-23-00 GMT-0500,304.34,304.38,304.29,304.38,304.38,0
2022-01-18-06-24-00 GMT-0500,304.25,304.29,303.91,303.97,303.97,0
2022-01-18-06-25-00 GMT-0500,303.91,303.97,303.91,303.94,303.94,0
2022-01-18-06-26-00 GMT-0500,303.91,303.94,303.8,303.84,303.84,0
2022-01-18-06-28-00 GMT-0500,303.96,303.97,303.96,303.97,303.97,0
2022-01-18-06-29-00 GMT-0500,303.97,304.0,303.76,303.99,303.99,0
2022-01-18-06-30-00 GMT-0500,303.84,304.0,303.84,303.86,303.86,0
2022-01-18-06-31-00 GMT-0500,303.96,304.0,303.85,303.99,303.99,0
2022-01-18-06-32-00 GMT-0500,304.0,304.0,303.55,303.87,303.87,0
2022-01-18-06-33-00 GMT-0500,303.89,303.89,303.51,303.6,303.6,0
2022-01-18-06-34-00 GMT-0500,303.77,303.97,303.5,303.81,303.81,0
2022-01-18-06-35-00 GMT-0500,303.91,303.99,303.83,303.92,303.92,0
2022-01-18-06-36-00 GMT-0500,303.92,304.02,303.92,304.02,304.02,0
2022-01-18-06-37-00 GMT-0500,304.36,304.36,304.2,304.2,304.2,0
2022-01-18-06-38-00 GMT-0500,304.2,304.2,304.0,304.02,304.02,0
2022-01-18-06-39-00 GMT-0500,304.03,304.26,304.03,304.26,304.26,0
2022-01-18-06-40-00 GMT-0500,304.23,304.3,304.05,304.05,304.05,0
2022-01-18-06-41-00 GMT-0500,304.23,304.23,304.02,304.17,304.17,0
2022-01-18-06-42-00 GMT-0500,304.25,304.25,304.0,304.24,304.24,0
2022-01-18-06-43-00 GMT-0500,304.24,304.25,304.05,304.25,304.25,0
2022-01-18-06-44-00 GMT-0500,304.13,304.13,304.05,304.05,304.05,0
2022-01-18-06-45-00 GMT-0500,304.25,304.25,304.13,304.25,304.25,0
2022-01-18-06-46-00 GMT-0500,304.25,304.55,304.25,304.55,304.55,0
2022-01-18-06-47-00 GMT-0500,304.4,304.55,304.11,304.49,304.49,0
2022-01-18-06-48-00 GMT-0500,304.27,304.54,304.26,304.27,304.27,0
2022-01-18-06-49-00 GMT-0500,304.26,304.31,304.13,304.2,304.2,0
2022-01-18-06-50-00 GMT-0500,304.2,304.34,304.2,304.26,304.26,0
2022-01-18-06-51-00 GMT-0500,304.22,304.29,304.05,304.24,304.24,0
2022-01-18-06-52-00 GMT-0500,304.2,304.23,304.2,304.23,304.23,0
2022-01-18-06-53-00 GMT-0500,304.25,304.25,303.85,304.0,304.0,0
2022-01-18-06-54-00 GMT-0500,304.05,304.05,304.0,304.03,304.03,0
2022-01-18-06-55-00 GMT-0500,304.05,304.13,304.0,304.13,304.13,0
2022-01-18-06-56-00 GMT-0500,304.01,304.13,304.0,304.05,304.05,0
2022-01-18-06-57-00 GMT-0500,304.15,304.15,304.13,304.13,304.13,0
2022-01-18-06-58-00 GMT-0500,304.03,304.27,304.03,304.16,304.16,0
2022-01-18-06-59-00 GMT-0500,304.13,304.24,304.13,304.24,304.24,0
2022-01-18-07-00-00 GMT-0500,304.28,304.62,304.07,304.62,304.62,0
2022-01-18-07-01-00 GMT-0500,304.73,304.85,304.6,304.85,304.85,0
2022-01-18-07-02-00 GMT-0500,304.78,304.78,304.6,304.72,304.72,0
2022-01-18-07-03-00 GMT-0500,304.74,304.88,304.6,304.88,304.88,0
2022-01-18-07-04-00 GMT-0500,304.86,304.86,304.6,304.84,304.84,0
2022-01-18-07-05-00 GMT-0500,304.87,304.88,304.8,304.8,304.8,0
2022-01-18-07-06-00 GMT-0500,304.82,304.88,304.6,304.6,304.6,0
2022-01-18-07-07-00 GMT-0500,304.7,304.71,304.6,304.71,304.71,0
2022-01-18-07-08-00 GMT-0500,304.8,304.86,304.7,304.78,304.78,0
2022-01-18-07-09-00 GMT-0500,304.78,304.97,304.78,304.97,304.97,0
2022-01-18-07-10-00 GMT-0500,304.88,304.98,304.55,304.79,304.79,0
2022-01-18-07-11-00 GMT-0500,304.7,304.84,304.55,304.84,304.84,0
2022-01-18-07-12-00 GMT-0500,304.62,304.89,304.43,304.58,304.58,0
2022-01-18-07-13-00 GMT-0500,304.7,304.73,304.53,304.7,304.7,0
2022-01-18-07-14-00 GMT-0500,304.7,304.71,304.47,304.5,304.5,0
2022-01-18-07-15-00 GMT-0500,304.51,304.51,304.11,304.11,304.11,0
2022-01-18-07-16-00 GMT-0500,304.26,304.63,304.25,304.63,304.63,0
2022-01-18-07-17-00 GMT-0500,304.7,304.77,304.5,304.7,304.7,0
2022-01-18-07-18-00 GMT-0500,304.76,304.77,304.5,304.65,304.65,0
2022-01-18-07-19-00 GMT-0500,304.72,304.72,304.5,304.6,304.6,0
2022-01-18-07-20-00 GMT-0500,304.6,304.7,304.6,304.6,304.6,0
2022-01-18-07-21-00 GMT-0500,304.7,304.81,304.65,304.77,304.77,0
2022-01-18-07-22-00 GMT-0500,304.79,304.99,304.7,304.7,304.7,0
2022-01-18-07-23-00 GMT-0500,304.8,304.85,304.62,304.7,304.7,0
2022-01-18-07-24-00 GMT-0500,304.67,304.67,304.45,304.63,304.63,0
2022-01-18-07-25-00 GMT-0500,304.61,304.69,304.61,304.68,304.68,0
2022-01-18-07-26-00 GMT-0500,304.68,304.68,304.49,304.61,304.61,0
2022-01-18-07-27-00 GMT-0500,304.61,304.63,304.61,304.62,304.62,0
2022-01-18-07-28-00 GMT-0500,304.61,304.61,304.15,304.37,304.37,0
2022-01-18-07-29-00 GMT-0500,304.52,304.76,304.47,304.6,304.6,0
2022-01-18-07-30-00 GMT-0500,304.7,304.77,304.62,304.7,304.7,0
2022-01-18-07-31-00 GMT-0500,304.76,304.76,304.56,304.69,304.69,0
2022-01-18-07-32-00 GMT-0500,304.6,304.65,304.33,304.49,304.49,0
2022-01-18-07-33-00 GMT-0500,304.46,304.57,304.25,304.57,304.57,0
2022-01-18-07-34-00 GMT-0500,304.5,304.53,304.35,304.53,304.53,0
2022-01-18-07-35-00 GMT-0500,304.53,304.55,304.45,304.49,304.49,0
2022-01-18-07-36-00 GMT-0500,304.49,304.5,304.4,304.44,304.44,0
2022-01-18-07-37-00 GMT-0500,304.44,304.64,304.4,304.45,304.45,0
2022-01-18-07-38-00 GMT-0500,304.54,304.57,304.39,304.5,304.5,0
2022-01-18-07-39-00 GMT-0500,304.58,304.71,304.53,304.53,304.53,0
2022-01-18-07-40-00 GMT-0500,304.52,304.7,304.46,304.5,304.5,0
2022-01-18-07-41-00 GMT-0500,304.5,304.55,304.45,304.51,304.51,0
2022-01-18-07-42-00 GMT-0500,304.51,304.55,304.47,304.48,304.48,0
2022-01-18-07-43-00 GMT-0500,304.48,304.55,304.47,304.51,304.51,0
2022-01-18-07-44-00 GMT-0500,304.52,304.8,304.52,304.67,304.67,0
2022-01-18-07-45-00 GMT-0500,304.67,304.8,304.67,304.76,304.76,0
2022-01-18-07-46-00 GMT-0500,304.72,304.95,304.72,304.9,304.9,0
2022-01-18-07-47-00 GMT-0500,304.95,305.09,304.9,305.09,305.09,0
2022-01-18-07-48-00 GMT-0500,305.09,305.29,305.09,305.25,305.25,0
2022-01-18-07-49-00 GMT-0500,305.25,305.33,305.15,305.28,305.28,0
2022-01-18-07-50-00 GMT-0500,305.29,305.35,305.16,305.29,305.29,0
2022-01-18-07-51-00 GMT-0500,305.29,305.34,305.1,305.2,305.2,0
2022-01-18-07-52-00 GMT-0500,305.2,305.22,305.04,305.11,305.11,0
2022-01-18-07-53-00 GMT-0500,305.15,305.17,304.98,305.0,305.0,0
2022-01-18-07-54-00 GMT-0500,304.97,305.11,304.9,305.01,305.01,0
2022-01-18-07-55-00 GMT-0500,305.1,305.15,304.92,304.98,304.98,0
2022-01-18-07-56-00 GMT-0500,305.14,305.14,305.0,305.11,305.11,0
2022-01-18-07-57-00 GMT-0500,305.1,305.14,305.01,305.01,305.01,0
2022-01-18-07-58-00 GMT-0500,305.04,305.14,305.01,305.03,305.03,0
2022-01-18-07-59-00 GMT-0500,305.15,305.24,305.11,305.14,305.14,0
2022-01-18-08-00-00 GMT-0500,304.6001,310.2,304.01,305.25,305.25,0
2022-01-18-08-01-00 GMT-0500,305.26,305.58,305.2,305.58,305.58,0
2022-01-18-08-02-00 GMT-0500,305.4,305.44,305.08,305.25,305.25,0
2022-01-18-08-03-00 GMT-0500,305.46,305.46,305.0,305.1,305.1,0
2022-01-18-08-04-00 GMT-0500,305.021,305.39,305.0,305.2,305.2,0
2022-01-18-08-05-00 GMT-0500,305.08,305.13,304.78,305.0,305.0,0
2022-01-18-08-06-00 GMT-0500,304.91,304.99,304.8,304.8,304.8,0
2022-01-18-08-07-00 GMT-0500,304.78,304.8,304.56,304.78,304.78,0
2022-01-18-08-08-00 GMT-0500,304.77,304.9,304.75,304.8,304.8,0
2022-01-18-08-09-00 GMT-0500,304.86,304.9,304.65,304.84,304.84,0
2022-01-18-08-10-00 GMT-0500,304.8,304.84,304.67,304.7,304.7,0
2022-01-18-08-11-00 GMT-0500,304.67,304.85,304.67,304.67,304.67,0
2022-01-18-08-12-00 GMT-0500,304.72,304.75,304.66,304.73,304.73,0
2022-01-18-08-13-00 GMT-0500,304.73,304.85,304.66,304.76,304.76,0
2022-01-18-08-14-00 GMT-0500,304.8,304.8,304.5,304.6,304.6,0
2022-01-18-08-15-00 GMT-0500,304.56,304.64,304.45,304.46,304.46,0
2022-01-18-08-16-00 GMT-0500,304.52,304.6,301.4,302.12,302.12,0
2022-01-18-08-17-00 GMT-0500,302.19,303.58,301.3,301.32,301.32,0
2022-01-18-08-18-00 GMT-0500,301.31,304.65,300.82,303.04,303.04,0
2022-01-18-08-19-00 GMT-0500,303.0,303.53,302.1,302.17,302.17,0
2022-01-18-08-20-00 GMT-0500,302.17,302.87,300.58,302.77,302.77,0
2022-01-18-08-21-00 GMT-0500,302.99,303.36,302.05,302.16,302.16,0
2022-01-18-08-22-00 GMT-0500,302.5,303.0,302.3,302.71,302.71,0
2022-01-18-08-23-00 GMT-0500,302.73,302.99,301.88,301.97,301.97,0
2022-01-18-08-24-00 GMT-0500,301.85,302.0,300.41,301.58,301.58,0
2022-01-18-08-25-00 GMT-0500,301.49,302.0,301.06,301.61,301.61,0
2022-01-18-08-26-00 GMT-0500,301.27,302.4,301.09,302.4,302.4,0
2022-01-18-08-27-00 GMT-0500,302.13,303.38,301.79,303.01,303.01,0
2022-01-18-08-28-00 GMT-0500,303.21,304.64,303.0,303.89,303.89,0
2022-01-18-08-29-00 GMT-0500,303.6,305.01,303.3,304.7901,304.7901,0
2022-01-18-08-30-00 GMT-0500,305.0,306.29,304.98,305.46,305.46,0
2022-01-18-08-31-00 GMT-0500,305.06,305.33,303.38,304.02,304.02,0
2022-01-18-08-32-00 GMT-0500,304.45,306.0,304.03,305.48,305.48,0
2022-01-18-08-33-00 GMT-0500,305.47,307.48,305.47,306.55,306.55,0
2022-01-18-08-34-00 GMT-0500,306.87,307.41,305.79,307.33,307.33,0
2022-01-18-08-35-00 GMT-0500,307.33,307.34,305.65,305.8,305.8,0
2022-01-18-08-36-00 GMT-0500,305.96,306.0,304.56,305.0999,305.0999,0
2022-01-18-08-37-00 GMT-0500,305.09,305.29,304.86,305.29,305.29,0
2022-01-18-08-38-00 GMT-0500,305.29,306.25,305.02,306.25,306.25,0
2022-01-18-08-39-00 GMT-0500,306.25,306.56,304.5,304.9,304.9,0
2022-01-18-08-40-00 GMT-0500,304.99,304.99,304.0,304.22,304.22,0
2022-01-18-08-41-00 GMT-0500,304.15,304.5,303.51,303.79,303.79,0
2022-01-18-08-42-00 GMT-0500,303.81,304.84,303.62,304.64,304.64,0
2022-01-18-08-43-00 GMT-0500,304.65,305.32,304.47,304.99,304.99,0
2022-01-18-08-44-00 GMT-0500,304.84,305.24,304.8,305.0,305.0,0
2022-01-18-08-45-00 GMT-0500,304.8,305.33,304.75,305.21,305.21,0
2022-01-18-08-46-00 GMT-0500,305.21,305.33,304.7,304.7,304.7,0
2022-01-18-08-47-00 GMT-0500,304.7,305.33,304.65,305.18,305.18,0
2022-01-18-08-48-00 GMT-0500,305.04,306.0,304.7,305.89,305.89,0
2022-01-18-08-49-00 GMT-0500,305.85,306.0,305.55,305.9999,305.9999,0
2022-01-18-08-50-00 GMT-0500,305.91,306.49,305.81,306.25,306.25,0
2022-01-18-08-51-00 GMT-0500,306.0,306.74,306.0,306.73,306.73,0
2022-01-18-08-52-00 GMT-0500,306.72,307.17,306.24,306.43,306.43,0
2022-01-18-08-53-00 GMT-0500,306.43,307.33,306.24,307.2,307.2,0
2022-01-18-08-54-00 GMT-0500,307.25,307.38,306.45,306.7,306.7,0
2022-01-18-08-55-00 GMT-0500,307.05,307.05,306.0,306.42,306.42,0
2022-01-18-08-56-00 GMT-0500,306.1221,306.4,305.57,305.85,305.85,0
2022-01-18-08-57-00 GMT-0500,305.94,306.05,305.71,305.81,305.81,0
2022-01-18-08-58-00 GMT-0500,305.75,306.19,305.6,305.85,305.85,0
2022-01-18-08-59-00 GMT-0500,305.83,306.05,305.8,306.05,306.05,0
2022-01-18-09-00-00 GMT-0500,306.05,306.05,305.6,306.0,306.0,0
2022-01-18-09-01-00 GMT-0500,305.825,306.0,305.55,305.745,305.745,0
2022-01-18-09-02-00 GMT-0500,305.745,305.93,305.52,305.54,305.54,0
2022-01-18-09-03-00 GMT-0500,305.54,305.54,304.79,305.285,305.285,0
2022-01-18-09-04-00 GMT-0500,305.285,305.47,305.1,305.43,305.43,0
2022-01-18-09-05-00 GMT-0500,305.44,305.8,305.25,305.36,305.36,0
2022-01-18-09-06-00 GMT-0500,305.31,306.51,305.25,305.51,305.51,0
2022-01-18-09-07-00 GMT-0500,305.65,305.65,305.25,305.37,305.37,0
2022-01-18-09-08-00 GMT-0500,305.42,305.42,305.06,305.17,305.17,0
2022-01-18-09-09-00 GMT-0500,305.1756,305.9,305.13,305.51,305.51,0
2022-01-18-09-10-00 GMT-0500,305.66,306.05,305.44,306.0,306.0,0
2022-01-18-09-11-00 GMT-0500,306.0,306.9,305.62,306.88,306.88,0
2022-01-18-09-12-00 GMT-0500,306.69,306.88,306.5,306.615,306.615,0
2022-01-18-09-13-00 GMT-0500,306.55,307.32,306.5,306.67,306.67,0
2022-01-18-09-14-00 GMT-0500,306.73,307.0,306.5,306.85,306.85,0
2022-01-18-09-30-00 GMT-0500,303.5,303.5400085449219,303.29998779296875,303.510009765625,303.510009765625,2717597
2022-01-18-09-31-00 GMT-0500,303.8299865722656,304.2629089355469,302.5199890136719,302.5199890136719,302.5199890136719,391489
2022-01-18-09-32-00 GMT-0500,302.6000061035156,304.3299865722656,302.3800048828125,304.1700134277344,304.1700134277344,284916
2022-01-18-09-33-00 GMT-0500,304.17999267578125,305.1531982421875,304.1199951171875,304.9700012207031,304.9700012207031,209148
2022-01-18-09-34-00 GMT-0500,304.9429931640625,306.0,304.8999938964844,305.1400146484375,305.1400146484375,315864
2022-01-18-09-35-00 GMT-0500,305.1700134277344,305.989990234375,304.6400146484375,304.82000732421875,304.82000732421875,210457
2022-01-18-09-36-00 GMT-0500,304.8699951171875,305.260009765625,304.4200134277344,304.8900146484375,304.8900146484375,209049
2022-01-18-09-37-00 GMT-0500,304.9599914550781,305.7799987792969,304.9599914550781,305.31500244140625,305.31500244140625,201931
2022-01-18-09-38-00 GMT-0500,305.3399963378906,306.3800048828125,305.2900085449219,306.32000732421875,306.32000732421875,250808
2022-01-18-09-39-00 GMT-0500,306.3399963378906,307.95001220703125,306.2699890136719,306.94000244140625,306.94000244140625,295787
2022-01-18-09-40-00 GMT-0500,306.9100036621094,307.20001220703125,305.69000244140625,305.8500061035156,305.8500061035156,219271
2022-01-18-09-41-00 GMT-0500,305.79998779296875,306.9549865722656,305.70001220703125,306.8800048828125,306.8800048828125,190806
2022-01-18-09-42-00 GMT-0500,306.8699951171875,308.14990234375,306.8500061035156,307.9700012207031,307.9700012207031,297712
2022-01-18-09-43-00 GMT-0500,307.9800109863281,308.0,307.29998779296875,307.5600891113281,307.5600891113281,154112
2022-01-18-09-44-00 GMT-0500,307.55999755859375,307.57000732421875,306.8550109863281,307.0199890136719,307.0199890136719,177565
2022-01-18-09-45-00 GMT-0500,307.1600036621094,307.5,306.6400146484375,306.7049865722656,306.7049865722656,132909
2022-01-18-09-46-00 GMT-0500,306.69000244140625,307.4989929199219,306.6099853515625,306.8699951171875,306.8699951171875,160355
2022-01-18-09-47-00 GMT-0500,306.885009765625,307.0299987792969,306.1200866699219,306.260009765625,306.260009765625,142196
2022-01-18-09-48-00 GMT-0500,306.1885986328125,306.4599914550781,305.95001220703125,306.010009765625,306.010009765625,127989
2022-01-18-09-49-00 GMT-0500,305.9599914550781,306.42999267578125,305.7799987792969,305.80999755859375,305.80999755859375,116036
2022-01-18-09-50-00 GMT-0500,305.760009765625,306.1300048828125,305.5799865722656,305.7200012207031,305.7200012207031,121605
2022-01-18-09-51-00 GMT-0500,305.7200012207031,305.7799987792969,305.1000061035156,305.3999938964844,305.3999938964844,161838
2022-01-18-09-52-00 GMT-0500,305.3299865722656,305.7699890136719,305.30999755859375,305.45001220703125,305.45001220703125,119495
2022-01-18-09-53-00 GMT-0500,305.4599914550781,306.1300048828125,305.32000732421875,305.7897033691406,305.7897033691406,142157
2022-01-18-09-54-00 GMT-0500,305.739990234375,306.32000732421875,305.68499755859375,306.0400085449219,306.0400085449219,137954
2022-01-18-09-55-00 GMT-0500,306.0400085449219,306.0400085449219,305.2850036621094,305.4200134277344,305.4200134277344,114634
2022-01-18-09-56-00 GMT-0500,305.42999267578125,306.0199890136719,305.3900146484375,305.7099914550781,305.7099914550781,76083
2022-01-18-09-57-00 GMT-0500,305.70001220703125,305.8900146484375,305.489990234375,305.57000732421875,305.57000732421875,80782
2022-01-18-09-58-00 GMT-0500,305.5,306.5199890136719,305.42999267578125,306.30999755859375,306.30999755859375,115734
2022-01-18-09-59-00 GMT-0500,306.3399963378906,307.25,306.2099914550781,307.07000732421875,307.07000732421875,149702
2022-01-18-10-00-00 GMT-0500,307.1099853515625,307.1099853515625,306.1400146484375,306.25,306.25,146576
2022-01-18-10-01-00 GMT-0500,306.239990234375,306.5,306.0799865722656,306.2900085449219,306.2900085449219,125122
2022-01-18-10-02-00 GMT-0500,306.30999755859375,306.69000244140625,306.1099853515625,306.4200134277344,306.4200134277344,111198
2022-01-18-10-03-00 GMT-0500,306.42999267578125,306.8699951171875,306.2699890136719,306.8599853515625,306.8599853515625,109159
2022-01-18-10-04-00 GMT-0500,306.82000732421875,307.55999755859375,306.82000732421875,307.4800109863281,307.4800109863281,139871
2022-01-18-10-05-00 GMT-0500,307.4800109863281,307.9800109863281,307.3299865722656,307.9800109863281,307.9800109863281,123150
2022-01-18-10-06-00 GMT-0500,307.92999267578125,309.1300048828125,307.8052978515625,308.79998779296875,308.79998779296875,236773
2022-01-18-10-07-00 GMT-0500,308.760009765625,308.760009765625,308.32000732421875,308.5498962402344,308.5498962402344,115256
2022-01-18-10-08-00 GMT-0500,308.5199890136719,308.8399963378906,308.1499938964844,308.79998779296875,308.79998779296875,113536
2022-01-18-10-09-00 GMT-0500,308.79998779296875,309.29998779296875,308.6099853515625,309.07000732421875,309.07000732421875,151909
2022-01-18-10-10-00 GMT-0500,309.07000732421875,309.510009765625,308.80169677734375,309.3999938964844,309.3999938964844,109516
2022-01-18-10-11-00 GMT-0500,309.42999267578125,309.79998779296875,308.92999267578125,309.6090087890625,309.6090087890625,125876
2022-01-18-10-12-00 GMT-0500,309.5799865722656,309.7300109863281,309.1600036621094,309.1600036621094,309.1600036621094,136266
2022-01-18-10-13-00 GMT-0500,309.125,309.70001220703125,308.8299865722656,308.9700012207031,308.9700012207031,151293
2022-01-18-10-14-00 GMT-0500,309.0,309.19000244140625,308.7099914550781,308.8299865722656,308.8299865722656,115270
2022-01-18-10-15-00 GMT-0500,308.8399963378906,309.4189147949219,308.760009765625,308.9700012207031,308.9700012207031,204069
2022-01-18-10-16-00 GMT-0500,308.95001220703125,309.3699951171875,308.760009765625,309.17999267578125,309.17999267578125,100869
2022-01-18-10-17-00 GMT-0500,309.1203918457031,309.3699951171875,308.8599853515625,308.8999938964844,308.8999938964844,66681
2022-01-18-10-18-00 GMT-0500,308.8500061035156,308.8900146484375,308.5799865722656,308.7699890136719,308.7699890136719,116657
2022-01-18-10-19-00 GMT-0500,308.75,309.07000732421875,308.44000244140625,308.8999938964844,308.8999938964844,122527
2022-01-18-10-20-00 GMT-0500,308.8999938964844,309.44000244140625,308.8800048828125,309.07000732421875,309.07000732421875,140780
2022-01-18-10-21-00 GMT-0500,309.0780029296875,309.1400146484375,308.54998779296875,308.67999267578125,308.67999267578125,80786
2022-01-18-10-22-00 GMT-0500,308.6600036621094,308.82000732421875,308.3599853515625,308.7720031738281,308.7720031738281,64272
2022-01-18-10-23-00 GMT-0500,308.7799987792969,309.19000244140625,308.7099914550781,309.19000244140625,309.19000244140625,72274
2022-01-18-10-24-00 GMT-0500,309.19000244140625,309.7699890136719,309.1700134277344,309.3599853515625,309.3599853515625,153271
2022-01-18-10-25-00 GMT-0500,309.2980041503906,309.57000732421875,308.7300109863281,308.8699951171875,308.8699951171875,117091
2022-01-18-10-26-00 GMT-0500,308.8800048828125,309.1671142578125,308.79998779296875,308.9599914550781,308.9599914550781,82766
2022-01-18-10-27-00 GMT-0500,308.92999267578125,309.260009765625,308.8599853515625,309.2189025878906,309.2189025878906,73237
2022-01-18-10-28-00 GMT-0500,309.224609375,309.44000244140625,308.9100036621094,309.0899963378906,309.0899963378906,89036
2022-01-18-10-29-00 GMT-0500,309.0799865722656,309.56768798828125,309.04998779296875,309.55999755859375,309.55999755859375,88052
2022-01-18-10-30-00 GMT-0500,309.5600891113281,309.5600891113281,308.8900146484375,308.8999938964844,308.8999938964844,91599
2022-01-18-10-31-00 GMT-0500,308.90948486328125,308.93011474609375,308.510009765625,308.7513122558594,308.7513122558594,98099
2022-01-18-10-32-00 GMT-0500,308.7200012207031,308.80999755859375,308.04998779296875,308.2900085449219,308.2900085449219,99752
2022-01-18-10-33-00 GMT-0500,308.32000732421875,308.3631896972656,308.0299987792969,308.2300109863281,308.2300109863281,77139
2022-01-18-10-34-00 GMT-0500,308.20001220703125,308.5,308.0899963378906,308.3599853515625,308.3599853515625,71356
2022-01-18-10-35-00 GMT-0500,308.3999938964844,308.70001220703125,308.2300109863281,308.3999938964844,308.3999938964844,96672
2022-01-18-10-36-00 GMT-0500,308.45001220703125,308.760009765625,308.2701110839844,308.7300109863281,308.7300109863281,73184
2022-01-18-10-37-00 GMT-0500,308.7085876464844,308.739990234375,308.239990234375,308.4100036621094,308.4100036621094,61730
2022-01-18-10-38-00 GMT-0500,308.3399963378906,308.3599853515625,308.20001220703125,308.260009765625,308.260009765625,82346
2022-01-18-10-39-00 GMT-0500,308.25,308.25,307.7200012207031,307.8599853515625,307.8599853515625,132530
2022-01-18-10-40-00 GMT-0500,307.8599853515625,308.0400085449219,307.7500915527344,307.9200134277344,307.9200134277344,57448
2022-01-18-10-41-00 GMT-0500,307.94000244140625,308.0281982421875,307.8500061035156,307.9700012207031,307.9700012207031,77882
2022-01-18-10-42-00 GMT-0500,307.9800109863281,308.3599853515625,307.9200134277344,308.2650146484375,308.2650146484375,70411
2022-01-18-10-43-00 GMT-0500,308.29998779296875,308.6210021972656,307.95001220703125,308.0199890136719,308.0199890136719,108238
2022-01-18-10-44-00 GMT-0500,308.010009765625,308.5299987792969,307.89898681640625,308.239990234375,308.239990234375,91057
2022-01-18-10-45-00 GMT-0500,308.260009765625,308.4100036621094,307.82000732421875,307.8399963378906,307.8399963378906,81947
2022-01-18-10-46-00 GMT-0500,307.8599853515625,308.1000061035156,307.6700134277344,308.0409851074219,308.0409851074219,70390
2022-01-18-10-47-00 GMT-0500,308.0799865722656,308.3800048828125,307.8500061035156,307.9150085449219,307.9150085449219,67788
2022-01-18-10-48-00 GMT-0500,308.0350036621094,308.2200012207031,307.9786071777344,308.17999267578125,308.17999267578125,59517
2022-01-18-10-49-00 GMT-0500,308.1400146484375,308.1549987792969,307.8500061035156,307.875,307.875,84677
2022-01-18-10-50-00 GMT-0500,307.88800048828125,307.9700012207031,307.3299865722656,307.55499267578125,307.55499267578125,77396
2022-01-18-10-51-00 GMT-0500,307.5799865722656,307.6600036621094,307.2900085449219,307.3599853515625,307.3599853515625,57821
2022-01-18-10-52-00 GMT-0500,307.3900146484375,307.45001220703125,307.1499938964844,307.2099914550781,307.2099914550781,57943
2022-01-18-10-53-00 GMT-0500,307.20001220703125,307.3699951171875,306.9200134277344,307.0419921875,307.0419921875,77726
2022-01-18-10-54-00 GMT-0500,307.0299987792969,307.19000244140625,306.54010009765625,306.54010009765625,306.54010009765625,107371
2022-01-18-10-55-00 GMT-0500,306.5400085449219,306.7900085449219,306.2699890136719,306.701904296875,306.701904296875,103454
2022-01-18-10-56-00 GMT-0500,306.7200012207031,307.0364990234375,306.69940185546875,306.8385925292969,306.8385925292969,56206
2022-01-18-10-57-00 GMT-0500,306.851806640625,306.95001220703125,306.42999267578125,306.4700012207031,306.4700012207031,72047
2022-01-18-10-58-00 GMT-0500,306.42999267578125,306.5400085449219,306.2699890136719,306.4054870605469,306.4054870605469,61139
2022-01-18-10-59-00 GMT-0500,306.42999267578125,306.8500061035156,306.3500061035156,306.7099914550781,306.7099914550781,61990
2022-01-18-11-00-00 GMT-0500,306.7200012207031,306.7900085449219,306.3999938964844,306.5799865722656,306.5799865722656,75779
2022-01-18-11-01-00 GMT-0500,306.6099853515625,306.6099853515625,306.2099914550781,306.5400085449219,306.5400085449219,61347
2022-01-18-11-02-00 GMT-0500,306.5400085449219,306.6400146484375,306.3900146484375,306.5,306.5,61484
2022-01-18-11-03-00 GMT-0500,306.49359130859375,306.69000244140625,306.3599853515625,306.4200134277344,306.4200134277344,84192
2022-01-18-11-04-00 GMT-0500,306.4200134277344,306.69000244140625,306.29998779296875,306.3399963378906,306.3399963378906,66540
2022-01-18-11-05-00 GMT-0500,306.3599853515625,306.4679870605469,306.15618896484375,306.19000244140625,306.19000244140625,75793
2022-01-18-11-06-00 GMT-0500,306.19000244140625,306.2099914550781,305.6199951171875,305.80999755859375,305.80999755859375,148862
2022-01-18-11-07-00 GMT-0500,305.82000732421875,305.8900146484375,305.1400146484375,305.3319091796875,305.3319091796875,135996
2022-01-18-11-08-00 GMT-0500,305.32000732421875,305.55999755859375,305.20001220703125,305.4599914550781,305.4599914550781,81743
2022-01-18-11-09-00 GMT-0500,305.4700012207031,305.75,305.2900085449219,305.5899963378906,305.5899963378906,69280
2022-01-18-11-10-00 GMT-0500,305.5804138183594,305.8380126953125,305.30999755859375,305.3450012207031,305.3450012207031,42661
2022-01-18-11-11-00 GMT-0500,305.75,305.7799987792969,305.4801025390625,305.510009765625,305.510009765625,114206
2022-01-18-11-12-00 GMT-0500,305.510009765625,305.5400085449219,305.3399963378906,305.42999267578125,305.42999267578125,52016
2022-01-18-11-13-00 GMT-0500,305.44171142578125,305.57501220703125,305.2381896972656,305.5299987792969,305.5299987792969,49322
2022-01-18-11-14-00 GMT-0500,305.5299987792969,305.7099914550781,305.44000244140625,305.6296081542969,305.6296081542969,49442
2022-01-18-11-15-00 GMT-0500,305.5979919433594,305.93438720703125,305.5199890136719,305.82000732421875,305.82000732421875,68717
2022-01-18-11-16-00 GMT-0500,305.82000732421875,305.8399963378906,305.4601135253906,305.510009765625,305.510009765625,64450
2022-01-18-11-17-00 GMT-0500,305.4949951171875,305.6499938964844,305.3305969238281,305.5899963378906,305.5899963378906,59756
2022-01-18-11-18-00 GMT-0500,305.54998779296875,305.9700012207031,305.5318908691406,305.6099853515625,305.6099853515625,62296
2022-01-18-11-19-00 GMT-0500,305.55999755859375,305.7799987792969,305.510009765625,305.6400146484375,305.6400146484375,65220
2022-01-18-11-20-00 GMT-0500,305.6099853515625,305.6400146484375,305.1700134277344,305.239990234375,305.239990234375,62467
2022-01-18-11-21-00 GMT-0500,305.2699890136719,305.44500732421875,305.05999755859375,305.4200134277344,305.4200134277344,58006
2022-01-18-11-22-00 GMT-0500,305.40008544921875,305.40008544921875,305.17010498046875,305.2349853515625,305.2349853515625,45441
2022-01-18-11-23-00 GMT-0500,305.239990234375,305.4761047363281,305.2099914550781,305.3399963378906,305.3399963378906,82780
2022-01-18-11-24-00 GMT-0500,305.3533935546875,305.5899963378906,305.2200012207031,305.3399963378906,305.3399963378906,51860
2022-01-18-11-25-00 GMT-0500,305.30999755859375,305.3500061035156,305.0899963378906,305.29998779296875,305.29998779296875,69730
2022-01-18-11-26-00 GMT-0500,305.30999755859375,305.55999755859375,305.260009765625,305.3929138183594,305.3929138183594,51738
2022-01-18-11-27-00 GMT-0500,305.4200134277344,305.6600036621094,305.30999755859375,305.614990234375,305.614990234375,44329
2022-01-18-11-28-00 GMT-0500,305.6000061035156,305.70001220703125,305.4700012207031,305.6700134277344,305.6700134277344,47976
2022-01-18-11-29-00 GMT-0500,305.6400146484375,305.7099914550781,305.4800109863281,305.6700134277344,305.6700134277344,66669
2022-01-18-11-30-00 GMT-0500,305.6700134277344,305.68499755859375,305.4110107421875,305.4949951171875,305.4949951171875,56226
2022-01-18-11-31-00 GMT-0500,305.4599914550781,305.5199890136719,304.79998779296875,304.8330993652344,304.8330993652344,158584
2022-01-18-11-32-00 GMT-0500,304.8399963378906,304.94000244140625,304.5799865722656,304.739990234375,304.739990234375,106044
2022-01-18-11-33-00 GMT-0500,304.7449951171875,304.9100036621094,304.7200012207031,304.8599853515625,304.8599853515625,57276
2022-01-18-11-34-00 GMT-0500,304.8699951171875,305.0790100097656,304.8599853515625,304.9599914550781,304.9599914550781,69083
2022-01-18-11-35-00 GMT-0500,305.0,305.239990234375,304.92999267578125,304.989990234375,304.989990234375,70213
2022-01-18-11-36-00 GMT-0500,304.9700012207031,305.04998779296875,304.82000732421875,305.0299987792969,305.0299987792969,68115
2022-01-18-11-37-00 GMT-0500,305.0,305.8846130371094,304.95721435546875,305.8299865722656,305.8299865722656,103773
2022-01-18-11-38-00 GMT-0500,305.7699890136719,305.7699890136719,305.25,305.29998779296875,305.29998779296875,88346
2022-01-18-11-39-00 GMT-0500,305.29998779296875,305.489990234375,305.1099853515625,305.2099914550781,305.2099914550781,127287
2022-01-18-11-40-00 GMT-0500,305.260009765625,305.5899963378906,305.2099914550781,305.3699951171875,305.3699951171875,66670
2022-01-18-11-41-00 GMT-0500,305.33990478515625,305.3999938964844,305.25,305.3800048828125,305.3800048828125,34272
2022-01-18-11-42-00 GMT-0500,305.3999938964844,305.5899963378906,305.239990234375,305.5400085449219,305.5400085449219,41557
2022-01-18-11-43-00 GMT-0500,305.5899963378906,305.6400146484375,305.3299865722656,305.3599853515625,305.3599853515625,39972
2022-01-18-11-44-00 GMT-0500,305.3399963378906,305.4100036621094,305.2001037597656,305.4100036621094,305.4100036621094,35938
2022-01-18-11-45-00 GMT-0500,305.3703918457031,305.75,305.3703918457031,305.69000244140625,305.69000244140625,46091
2022-01-18-11-46-00 GMT-0500,305.67999267578125,305.9800109863281,305.6700134277344,305.8768005371094,305.8768005371094,50683
2022-01-18-11-47-00 GMT-0500,305.909912109375,305.9200134277344,305.69000244140625,305.79998779296875,305.79998779296875,53061
2022-01-18-11-48-00 GMT-0500,305.8399963378906,306.1698913574219,305.7900085449219,306.0354919433594,306.0354919433594,62877
2022-01-18-11-49-00 GMT-0500,306.0343933105469,306.1400146484375,305.8800048828125,306.0899963378906,306.0899963378906,39784
2022-01-18-11-50-00 GMT-0500,306.1099853515625,306.5899963378906,306.010009765625,306.5606994628906,306.5606994628906,61480
2022-01-18-11-51-00 GMT-0500,306.57989501953125,306.6499938964844,306.2699890136719,306.2699890136719,306.2699890136719,65755
2022-01-18-11-52-00 GMT-0500,306.25,306.3500061035156,306.1199951171875,306.239990234375,306.239990234375,34327
2022-01-18-11-53-00 GMT-0500,306.2699890136719,306.4100036621094,306.19000244140625,306.2900085449219,306.2900085449219,46506
2022-01-18-11-54-00 GMT-0500,306.29998779296875,306.4800109863281,306.2449951171875,306.3927917480469,306.3927917480469,37818
2022-01-18-11-55-00 GMT-0500,306.3800048828125,306.4800109863281,306.2900085449219,306.364990234375,306.364990234375,46701
2022-01-18-11-56-00 GMT-0500,306.3500061035156,306.42999267578125,306.2149963378906,306.4114074707031,306.4114074707031,41412
2022-01-18-11-57-00 GMT-0500,306.42999267578125,306.5299987792969,306.2699890136719,306.42999267578125,306.42999267578125,52050
2022-01-18-11-58-00 GMT-0500,306.43499755859375,306.4700012207031,306.3800048828125,306.4599914550781,306.4599914550781,32015
2022-01-18-11-59-00 GMT-0500,306.45001220703125,306.4599914550781,306.3500061035156,306.4089050292969,306.4089050292969,23300
2022-01-18-12-00-00 GMT-0500,306.4200134277344,306.6600036621094,306.1499938964844,306.1697998046875,306.1697998046875,70541
2022-01-18-12-01-00 GMT-0500,306.19500732421875,306.2799987792969,305.8550109863281,305.8550109863281,305.8550109863281,64226
2022-01-18-12-02-00 GMT-0500,305.8739929199219,305.94970703125,305.75,305.8622131347656,305.8622131347656,39261
2022-01-18-12-03-00 GMT-0500,305.8800048828125,305.9800109863281,305.67999267578125,305.7099914550781,305.7099914550781,46266
2022-01-18-12-04-00 GMT-0500,305.6700134277344,305.7900085449219,305.6400146484375,305.69000244140625,305.69000244140625,42839
2022-01-18-12-05-00 GMT-0500,305.6700134277344,305.6962890625,305.5086975097656,305.5708923339844,305.5708923339844,33167
2022-01-18-12-06-00 GMT-0500,305.54998779296875,305.54998779296875,305.3900146484375,305.5,305.5,35425
2022-01-18-12-07-00 GMT-0500,305.4800109863281,305.5954895019531,305.25,305.32000732421875,305.32000732421875,58875
2022-01-18-12-08-00 GMT-0500,305.3399963378906,305.4200134277344,305.260009765625,305.3699951171875,305.3699951171875,27670
2022-01-18-12-09-00 GMT-0500,305.3500061035156,305.5400085449219,305.29998779296875,305.4700012207031,305.4700012207031,39789
2022-01-18-12-10-00 GMT-0500,305.4700012207031,305.639892578125,305.3999938964844,305.5849914550781,305.5849914550781,40791
2022-01-18-12-11-00 GMT-0500,305.57000732421875,305.57000732421875,305.25,305.25,305.25,41201
2022-01-18-12-12-00 GMT-0500,305.239990234375,305.4079895019531,305.2300109863281,305.2799987792969,305.2799987792969,28936
2022-01-18-12-13-00 GMT-0500,305.2900085449219,305.6099853515625,305.260009765625,305.5400085449219,305.5400085449219,33279
2022-01-18-12-14-00 GMT-0500,305.5299987792969,305.739990234375,305.3999938964844,305.6200866699219,305.6200866699219,44609
2022-01-18-12-15-00 GMT-0500,305.5799865722656,305.6300048828125,305.44000244140625,305.5400085449219,305.5400085449219,53057
2022-01-18-12-16-00 GMT-0500,305.5,305.5199890136719,305.30999755859375,305.4200134277344,305.4200134277344,38650
2022-01-18-12-17-00 GMT-0500,305.4200134277344,305.739990234375,305.3699951171875,305.6007080078125,305.6007080078125,47716
2022-01-18-12-18-00 GMT-0500,305.6000061035156,306.2900085449219,305.5299987792969,306.2499084472656,306.2499084472656,85998
2022-01-18-12-19-00 GMT-0500,306.2300109863281,306.239990234375,305.8299865722656,306.0,306.0,69810
2022-01-18-12-20-00 GMT-0500,306.0299987792969,306.12298583984375,305.9200134277344,305.9599914550781,305.9599914550781,52225
2022-01-18-12-21-00 GMT-0500,305.9700012207031,306.0787048339844,305.92999267578125,306.010009765625,306.010009765625,24313
2022-01-18-12-22-00 GMT-0500,306.0199890136719,306.239990234375,306.0199890136719,306.2101135253906,306.2101135253906,33592
2022-01-18-12-23-00 GMT-0500,306.25,306.25,305.82000732421875,305.8609924316406,305.8609924316406,34956
2022-01-18-12-24-00 GMT-0500,305.8900146484375,305.94000244140625,305.5,305.658203125,305.658203125,49950
2022-01-18-12-25-00 GMT-0500,305.6600036621094,305.75,305.55999755859375,305.6050109863281,305.6050109863281,26989
2022-01-18-12-26-00 GMT-0500,305.5899963378906,305.60931396484375,305.4200134277344,305.5199890136719,305.5199890136719,35951
2022-01-18-12-27-00 GMT-0500,305.5299987792969,305.5299987792969,305.30999755859375,305.44000244140625,305.44000244140625,47542
2022-01-18-12-28-00 GMT-0500,305.4150085449219,305.4150085449219,305.19000244140625,305.2300109863281,305.2300109863281,34776
2022-01-18-12-29-00 GMT-0500,305.2300109863281,305.42999267578125,305.20001220703125,305.37811279296875,305.37811279296875,50614
2022-01-18-12-30-00 GMT-0500,305.3599853515625,305.3599853515625,305.1199951171875,305.1499938964844,305.1499938964844,33594
2022-01-18-12-31-00 GMT-0500,305.1199951171875,305.1700134277344,304.93719482421875,305.1444091796875,305.1444091796875,71898
2022-01-18-12-32-00 GMT-0500,305.1000061035156,305.239990234375,305.0199890136719,305.05999755859375,305.05999755859375,48234
2022-01-18-12-33-00 GMT-0500,305.0409851074219,305.1000061035156,304.94000244140625,305.05999755859375,305.05999755859375,58778
2022-01-18-12-34-00 GMT-0500,305.04998779296875,305.3999938964844,305.04998779296875,305.2699890136719,305.2699890136719,45803
2022-01-18-12-35-00 GMT-0500,305.2632141113281,305.2699890136719,305.0400085449219,305.05999755859375,305.05999755859375,40408
2022-01-18-12-36-00 GMT-0500,305.0404968261719,305.1600036621094,305.0404968261719,305.0899963378906,305.0899963378906,19039
2022-01-18-12-37-00 GMT-0500,305.0799865722656,305.0899963378906,304.8800048828125,304.8800048828125,304.8800048828125,40438
2022-01-18-12-38-00 GMT-0500,304.8949890136719,304.92999267578125,304.760009765625,304.82000732421875,304.82000732421875,48602
2022-01-18-12-39-00 GMT-0500,304.8111877441406,305.0199890136719,304.7799987792969,304.94000244140625,304.94000244140625,55286
2022-01-18-12-40-00 GMT-0500,304.94000244140625,305.135009765625,304.92999267578125,305.1099853515625,305.1099853515625,31860
2022-01-18-12-41-00 GMT-0500,305.1000061035156,305.45098876953125,305.0400085449219,305.4211120605469,305.4211120605469,42752
2022-01-18-12-42-00 GMT-0500,305.44000244140625,305.44000244140625,305.260009765625,305.3500061035156,305.3500061035156,23100
2022-01-18-12-43-00 GMT-0500,305.343994140625,305.3900146484375,305.239990234375,305.30999755859375,305.30999755859375,30178
2022-01-18-12-44-00 GMT-0500,305.3500061035156,305.3800048828125,305.2099914550781,305.2402038574219,305.2402038574219,27786
2022-01-18-12-45-00 GMT-0500,305.2557067871094,305.5,305.20001220703125,305.4512939453125,305.4512939453125,38699
2022-01-18-12-46-00 GMT-0500,305.4700012207031,305.4700012207031,305.1400146484375,305.152587890625,305.152587890625,38092
2022-01-18-12-47-00 GMT-0500,305.125,305.2200012207031,304.8399963378906,305.1265869140625,305.1265869140625,62180
2022-01-18-12-48-00 GMT-0500,305.1099853515625,305.1199951171875,304.80999755859375,305.0,305.0,42344
2022-01-18-12-49-00 GMT-0500,305.0,305.25,304.9397888183594,304.9849853515625,304.9849853515625,35667
2022-01-18-12-50-00 GMT-0500,305.010009765625,305.0899963378906,304.7300109863281,304.9200134277344,304.9200134277344,50170
2022-01-18-12-51-00 GMT-0500,304.8800048828125,305.20001220703125,304.8800048828125,305.1650085449219,305.1650085449219,34427
2022-01-18-12-52-00 GMT-0500,305.1499938964844,305.1700134277344,304.9599914550781,305.0299987792969,305.0299987792969,31184
2022-01-18-12-53-00 GMT-0500,305.0257873535156,305.06500244140625,304.79998779296875,304.8399963378906,304.8399963378906,36910
2022-01-18-12-54-00 GMT-0500,304.8399963378906,304.8999938964844,304.6700134277344,304.6700134277344,304.6700134277344,42260
2022-01-18-12-55-00 GMT-0500,304.69000244140625,304.7200012207031,304.4599914550781,304.6000061035156,304.6000061035156,85981
2022-01-18-12-56-00 GMT-0500,304.614990234375,304.95001220703125,304.614990234375,304.95001220703125,304.95001220703125,794250
2022-01-18-12-57-00 GMT-0500,304.92999267578125,304.92999267578125,304.6400146484375,304.6661071777344,304.6661071777344,31835
2022-01-18-12-58-00 GMT-0500,304.6600036621094,304.8299865722656,304.6499938964844,304.7099914550781,304.7099914550781,31062
2022-01-18-12-59-00 GMT-0500,304.739990234375,304.75,304.6000061035156,304.69000244140625,304.69000244140625,31228
2022-01-18-13-00-00 GMT-0500,304.69000244140625,304.79998779296875,304.5841979980469,304.75,304.75,32547
2022-01-18-13-01-00 GMT-0500,304.7300109863281,304.930908203125,304.6400146484375,304.6400146484375,304.6400146484375,43574
2022-01-18-13-02-00 GMT-0500,304.6499938964844,304.6600036621094,304.4150085449219,304.4150085449219,304.4150085449219,53789
2022-01-18-13-03-00 GMT-0500,304.4100036621094,304.5799865722656,304.32000732421875,304.5400085449219,304.5400085449219,73979
2022-01-18-13-04-00 GMT-0500,304.5685119628906,304.5799865722656,304.3599853515625,304.3699951171875,304.3699951171875,58830
2022-01-18-13-05-00 GMT-0500,304.3599853515625,304.3599853515625,304.1700134277344,304.20001220703125,304.20001220703125,50294
2022-01-18-13-06-00 GMT-0500,304.17999267578125,304.2099914550781,304.07000732421875,304.1000061035156,304.1000061035156,77922
2022-01-18-13-07-00 GMT-0500,304.1099853515625,304.3500061035156,304.1050109863281,304.29998779296875,304.29998779296875,52067
2022-01-18-13-08-00 GMT-0500,304.2900085449219,304.32000732421875,304.1000061035156,304.2149963378906,304.2149963378906,57225
2022-01-18-13-09-00 GMT-0500,304.2149963378906,304.3900146484375,304.1499938964844,304.3699951171875,304.3699951171875,61627
2022-01-18-13-10-00 GMT-0500,304.3500061035156,304.5199890136719,304.239990234375,304.3999938964844,304.3999938964844,69232
2022-01-18-13-11-00 GMT-0500,304.44000244140625,304.6199951171875,304.29998779296875,304.4800109863281,304.4800109863281,52050
2022-01-18-13-12-00 GMT-0500,304.4800109863281,304.5,304.3500061035156,304.4200134277344,304.4200134277344,42568
2022-01-18-13-13-00 GMT-0500,304.3999938964844,304.5050048828125,304.25,304.5050048828125,304.5050048828125,54050
2022-01-18-13-14-00 GMT-0500,304.5181884765625,304.5899963378906,304.4100036621094,304.4800109863281,304.4800109863281,61937
2022-01-18-13-15-00 GMT-0500,304.4849853515625,304.5,304.29998779296875,304.3599853515625,304.3599853515625,68788
2022-01-18-13-16-00 GMT-0500,304.3598937988281,304.3699951171875,304.19500732421875,304.2193908691406,304.2193908691406,50617
2022-01-18-13-17-00 GMT-0500,304.2099914550781,304.30999755859375,304.1499938964844,304.1600036621094,304.1600036621094,65781
2022-01-18-13-18-00 GMT-0500,304.1600036621094,304.2799987792969,304.0299987792969,304.1449890136719,304.1449890136719,64476
2022-01-18-13-19-00 GMT-0500,304.1499938964844,304.2099914550781,303.9700012207031,304.08428955078125,304.08428955078125,95476
2022-01-18-13-20-00 GMT-0500,304.05999755859375,304.1099853515625,303.7799987792969,303.80999755859375,303.80999755859375,75498
2022-01-18-13-21-00 GMT-0500,303.8399963378906,303.8399963378906,303.30999755859375,303.3500061035156,303.3500061035156,112266
2022-01-18-13-22-00 GMT-0500,303.3500061035156,303.5299987792969,303.30010986328125,303.5199890136719,303.5199890136719,67130
2022-01-18-13-23-00 GMT-0500,303.5249938964844,303.5899963378906,303.3999938964844,303.5198974609375,303.5198974609375,54909
2022-01-18-13-24-00 GMT-0500,303.51458740234375,303.69500732421875,303.51458740234375,303.6400146484375,303.6400146484375,44646
2022-01-18-13-25-00 GMT-0500,303.6499938964844,303.7018127441406,303.4849853515625,303.54998779296875,303.54998779296875,68484
2022-01-18-13-26-00 GMT-0500,303.57000732421875,303.8190002441406,303.57000732421875,303.7200012207031,303.7200012207031,52392
2022-01-18-13-27-00 GMT-0500,303.75,303.9100036621094,303.6400146484375,303.80999755859375,303.80999755859375,42708
2022-01-18-13-28-00 GMT-0500,303.7900085449219,303.79010009765625,303.42999267578125,303.45220947265625,303.45220947265625,54122
2022-01-18-13-29-00 GMT-0500,303.4700012207031,303.9021911621094,303.4700012207031,303.8269958496094,303.8269958496094,62516
2022-01-18-13-30-00 GMT-0500,303.82000732421875,303.8699951171875,303.65411376953125,303.8599853515625,303.8599853515625,59994
2022-01-18-13-31-00 GMT-0500,303.8399963378906,303.8699951171875,303.57501220703125,303.6600036621094,303.6600036621094,50009
2022-01-18-13-32-00 GMT-0500,303.6600036621094,303.77850341796875,303.55999755859375,303.6099853515625,303.6099853515625,39889
2022-01-18-13-33-00 GMT-0500,303.6000061035156,303.82000732421875,303.5400085449219,303.77239990234375,303.77239990234375,41266
2022-01-18-13-34-00 GMT-0500,303.80999755859375,303.8299865722656,303.69000244140625,303.760009765625,303.760009765625,53464
2022-01-18-13-35-00 GMT-0500,303.7699890136719,303.9800109863281,303.7099914550781,303.8800048828125,303.8800048828125,69142
2022-01-18-13-36-00 GMT-0500,303.8500061035156,303.92999267578125,303.635009765625,303.68499755859375,303.68499755859375,77187
2022-01-18-13-37-00 GMT-0500,303.6499938964844,303.67498779296875,303.4100036621094,303.6099853515625,303.6099853515625,104142
2022-01-18-13-38-00 GMT-0500,303.6400146484375,303.8800048828125,303.6400146484375,303.760009765625,303.760009765625,55439
2022-01-18-13-39-00 GMT-0500,303.7699890136719,304.1398010253906,303.7300109863281,304.05999755859375,304.05999755859375,77702
2022-01-18-13-40-00 GMT-0500,304.04998779296875,304.25,303.989990234375,304.20001220703125,304.20001220703125,65055
2022-01-18-13-41-00 GMT-0500,304.181884765625,304.181884765625,304.0299987792969,304.16290283203125,304.16290283203125,46304
2022-01-18-13-42-00 GMT-0500,304.17999267578125,304.3900146484375,304.0799865722656,304.3599853515625,304.3599853515625,80300
2022-01-18-13-43-00 GMT-0500,304.37640380859375,304.75,304.25,304.4100036621094,304.4100036621094,114364
2022-01-18-13-44-00 GMT-0500,304.4200134277344,304.5,304.30999755859375,304.4248962402344,304.4248962402344,69244
2022-01-18-13-45-00 GMT-0500,304.4104919433594,304.4519958496094,304.1199951171875,304.3599853515625,304.3599853515625,79982
2022-01-18-13-46-00 GMT-0500,304.3699951171875,304.4200134277344,304.25,304.35101318359375,304.35101318359375,31275
2022-01-18-13-47-00 GMT-0500,304.32989501953125,304.3800048828125,303.8900146484375,303.9901123046875,303.9901123046875,90273
2022-01-18-13-48-00 GMT-0500,304.010009765625,304.1050109863281,303.9599914550781,304.1050109863281,304.1050109863281,43182
2022-01-18-13-49-00 GMT-0500,304.05999755859375,304.1600036621094,303.7449951171875,303.8800048828125,303.8800048828125,65314
2022-01-18-13-50-00 GMT-0500,303.87969970703125,304.1499938964844,303.7799987792969,304.10009765625,304.10009765625,43664
2022-01-18-13-51-00 GMT-0500,304.1499938964844,304.19000244140625,303.8800048828125,303.92999267578125,303.92999267578125,61069
2022-01-18-13-52-00 GMT-0500,303.9169921875,303.94000244140625,303.6300964355469,303.79998779296875,303.79998779296875,52600
2022-01-18-13-53-00 GMT-0500,303.7959899902344,303.9700012207031,303.7401123046875,303.9462890625,303.9462890625,32017
2022-01-18-13-54-00 GMT-0500,303.94000244140625,303.95318603515625,303.6400146484375,303.70001220703125,303.70001220703125,45371
2022-01-18-13-55-00 GMT-0500,303.70001220703125,303.8500061035156,303.6199951171875,303.67999267578125,303.67999267578125,38122
2022-01-18-13-56-00 GMT-0500,303.6791076660156,303.8299865722656,303.6423034667969,303.7699890136719,303.7699890136719,29748
2022-01-18-13-57-00 GMT-0500,303.7900085449219,304.1300048828125,303.7200012207031,304.0950012207031,304.0950012207031,50390
2022-01-18-13-58-00 GMT-0500,304.1099853515625,304.3799133300781,304.1099853515625,304.2900085449219,304.2900085449219,41795
2022-01-18-13-59-00 GMT-0500,304.29998779296875,304.3500061035156,304.05999755859375,304.2030944824219,304.2030944824219,51894
2022-01-18-14-00-00 GMT-0500,304.2099914550781,304.43499755859375,304.1099853515625,304.1400146484375,304.1400146484375,68335
2022-01-18-14-01-00 GMT-0500,304.1199951171875,304.4800109863281,304.0299987792969,304.30999755859375,304.30999755859375,61120
2022-01-18-14-02-00 GMT-0500,304.3500061035156,304.4100036621094,304.2099914550781,304.32000732421875,304.32000732421875,51699
2022-01-18-14-03-00 GMT-0500,304.3569030761719,304.3800048828125,304.04998779296875,304.1099853515625,304.1099853515625,69630
2022-01-18-14-04-00 GMT-0500,304.1300048828125,304.19000244140625,303.93499755859375,303.94000244140625,303.94000244140625,39915
2022-01-18-14-05-00 GMT-0500,303.960205078125,304.24029541015625,303.95001220703125,304.1099853515625,304.1099853515625,30883
2022-01-18-14-06-00 GMT-0500,304.1400146484375,304.19000244140625,304.0199890136719,304.0799865722656,304.0799865722656,40011
2022-01-18-14-07-00 GMT-0500,304.1044921875,304.3500061035156,304.0799865722656,304.239990234375,304.239990234375,37897
2022-01-18-14-08-00 GMT-0500,304.25,304.25,303.94000244140625,304.0400085449219,304.0400085449219,38806
2022-01-18-14-09-00 GMT-0500,304.07000732421875,304.17999267578125,304.0,304.11468505859375,304.11468505859375,30190
2022-01-18-14-10-00 GMT-0500,304.1400146484375,304.3349914550781,304.07000732421875,304.3349914550781,304.3349914550781,37585
2022-01-18-14-11-00 GMT-0500,304.32000732421875,304.3299865722656,304.010009765625,304.0589904785156,304.0589904785156,27706
2022-01-18-14-12-00 GMT-0500,304.04998779296875,304.1700134277344,303.7900085449219,303.8900146484375,303.8900146484375,38129
2022-01-18-14-13-00 GMT-0500,303.9100036621094,303.95001220703125,303.8135986328125,303.885009765625,303.885009765625,21832
2022-01-18-14-14-00 GMT-0500,303.8900146484375,304.010009765625,303.8599853515625,303.9283142089844,303.9283142089844,29207
2022-01-18-14-15-00 GMT-0500,303.94000244140625,304.1600036621094,303.92999267578125,304.1499938964844,304.1499938964844,36144
2022-01-18-14-16-00 GMT-0500,304.1600036621094,304.2998962402344,304.04998779296875,304.2349853515625,304.2349853515625,43928
2022-01-18-14-17-00 GMT-0500,304.2200927734375,304.2200927734375,304.05999755859375,304.05999755859375,304.05999755859375,46296
2022-01-18-14-18-00 GMT-0500,304.0799865722656,304.17999267578125,304.0299987792969,304.04998779296875,304.04998779296875,27933
2022-01-18-14-19-00 GMT-0500,304.07000732421875,304.4800109863281,304.05999755859375,304.3900146484375,304.3900146484375,47929
2022-01-18-14-20-00 GMT-0500,304.3900146484375,304.3900146484375,304.1000061035156,304.3299865722656,304.3299865722656,55726
2022-01-18-14-21-00 GMT-0500,304.2900085449219,304.4700012207031,304.2200012207031,304.31280517578125,304.31280517578125,27227
2022-01-18-14-22-00 GMT-0500,304.29998779296875,304.3599853515625,303.9100036621094,303.9988098144531,303.9988098144531,53635
2022-01-18-14-23-00 GMT-0500,303.9949951171875,304.20001220703125,303.95001220703125,304.20001220703125,304.20001220703125,31222
2022-01-18-14-24-00 GMT-0500,304.19000244140625,304.2200012207031,303.96551513671875,303.9700012207031,303.9700012207031,26451
2022-01-18-14-25-00 GMT-0500,303.989990234375,304.010009765625,303.6600036621094,303.69000244140625,303.69000244140625,52863
2022-01-18-14-26-00 GMT-0500,303.702392578125,303.92999267578125,303.69000244140625,303.8999938964844,303.8999938964844,25097
2022-01-18-14-27-00 GMT-0500,303.90399169921875,303.989990234375,303.7900085449219,303.8999938964844,303.8999938964844,22214
2022-01-18-14-28-00 GMT-0500,303.92498779296875,304.1199951171875,303.9153137207031,304.010009765625,304.010009765625,28431
2022-01-18-14-29-00 GMT-0500,303.9849853515625,304.05999755859375,303.8999938964844,303.989990234375,303.989990234375,30799
2022-01-18-14-30-00 GMT-0500,303.9800109863281,304.3699951171875,303.9549865722656,304.30999755859375,304.30999755859375,49734
2022-01-18-14-31-00 GMT-0500,304.31500244140625,304.7799987792969,304.29998779296875,304.6449890136719,304.6449890136719,88049
2022-01-18-14-32-00 GMT-0500,304.6300048828125,304.70001220703125,304.4800109863281,304.5299987792969,304.5299987792969,53143
2022-01-18-14-33-00 GMT-0500,304.54998779296875,304.79998779296875,304.5400085449219,304.5899963378906,304.5899963378906,69069
2022-01-18-14-34-00 GMT-0500,304.56500244140625,304.6199951171875,304.4100036621094,304.4801025390625,304.4801025390625,42821
2022-01-18-14-35-00 GMT-0500,304.4800109863281,304.57000732421875,304.3669128417969,304.42999267578125,304.42999267578125,48583
2022-01-18-14-36-00 GMT-0500,304.4700012207031,304.4700012207031,304.2300109863281,304.29998779296875,304.29998779296875,70951
2022-01-18-14-37-00 GMT-0500,304.2699890136719,304.4200134277344,304.20001220703125,304.3297119140625,304.3297119140625,46877
2022-01-18-14-38-00 GMT-0500,304.32000732421875,304.44000244140625,304.2900085449219,304.3399963378906,304.3399963378906,29867
2022-01-18-14-39-00 GMT-0500,304.3479919433594,304.4800109863281,304.2099914550781,304.2799987792969,304.2799987792969,41562
2022-01-18-14-40-00 GMT-0500,304.2900085449219,304.2900085449219,304.07000732421875,304.1400146484375,304.1400146484375,72204
2022-01-18-14-41-00 GMT-0500,304.1400146484375,304.3880920410156,304.1390075683594,304.3599853515625,304.3599853515625,37972
2022-01-18-14-42-00 GMT-0500,304.3900146484375,304.42999267578125,304.25,304.3399963378906,304.3399963378906,56802
2022-01-18-14-43-00 GMT-0500,304.3299865722656,304.5,304.2300109863281,304.3699951171875,304.3699951171875,52958
2022-01-18-14-44-00 GMT-0500,304.3609924316406,304.3800048828125,304.1700134277344,304.20001220703125,304.20001220703125,38226
2022-01-18-14-45-00 GMT-0500,304.2200012207031,304.3599853515625,304.1000061035156,304.2699890136719,304.2699890136719,35045
2022-01-18-14-46-00 GMT-0500,304.2900085449219,304.4200134277344,304.2900085449219,304.4100036621094,304.4100036621094,32592
2022-01-18-14-47-00 GMT-0500,304.3999938964844,304.7200012207031,304.3999938964844,304.6300048828125,304.6300048828125,74363
2022-01-18-14-48-00 GMT-0500,304.6400146484375,304.6499938964844,304.4700012207031,304.51611328125,304.51611328125,33490
2022-01-18-14-49-00 GMT-0500,304.5350036621094,304.6300048828125,304.5299987792969,304.57000732421875,304.57000732421875,36073
2022-01-18-14-50-00 GMT-0500,304.57000732421875,304.6400146484375,304.5299987792969,304.5967102050781,304.5967102050781,31075
2022-01-18-14-51-00 GMT-0500,304.6099853515625,304.8599853515625,304.6099853515625,304.79998779296875,304.79998779296875,55828
2022-01-18-14-52-00 GMT-0500,304.79998779296875,304.8599853515625,304.3999938964844,304.7799072265625,304.7799072265625,57046
2022-01-18-14-53-00 GMT-0500,304.75,304.94000244140625,304.75,304.9100036621094,304.9100036621094,45002
2022-01-18-14-54-00 GMT-0500,304.92999267578125,304.9599914550781,304.6600036621094,304.6600036621094,304.6600036621094,66645
2022-01-18-14-55-00 GMT-0500,304.6700134277344,304.82000732421875,304.4800109863281,304.56500244140625,304.56500244140625,91310
2022-01-18-14-56-00 GMT-0500,304.57000732421875,304.7402038574219,304.5199890136719,304.70001220703125,304.70001220703125,43804
2022-01-18-14-57-00 GMT-0500,304.6900939941406,304.9100036621094,304.625,304.6499938964844,304.6499938964844,46174
2022-01-18-14-58-00 GMT-0500,304.6549987792969,304.7298889160156,304.3800048828125,304.510009765625,304.510009765625,55809
2022-01-18-14-59-00 GMT-0500,304.4800109863281,304.5199890136719,304.2699890136719,304.2897033691406,304.2897033691406,62259
2022-01-18-15-00-00 GMT-0500,304.2850036621094,304.3399963378906,304.04998779296875,304.20001220703125,304.20001220703125,67706
2022-01-18-15-01-00 GMT-0500,304.19000244140625,304.20001220703125,303.968994140625,304.0199890136719,304.0199890136719,70322
2022-01-18-15-02-00 GMT-0500,304.0299987792969,304.4800109863281,304.0,304.4700012207031,304.4700012207031,51200
2022-01-18-15-03-00 GMT-0500,304.4599914550781,304.5098876953125,303.8900146484375,303.9800109863281,303.9800109863281,101973
2022-01-18-15-04-00 GMT-0500,303.9923095703125,303.9923095703125,303.68499755859375,303.82000732421875,303.82000732421875,76038
2022-01-18-15-05-00 GMT-0500,303.8169860839844,303.8999938964844,303.5,303.70001220703125,303.70001220703125,85389
2022-01-18-15-06-00 GMT-0500,303.70001220703125,303.9700012207031,303.67999267578125,303.9599914550781,303.9599914550781,54105
2022-01-18-15-07-00 GMT-0500,303.9800109863281,304.1099853515625,303.9367980957031,304.07000732421875,304.07000732421875,42816
2022-01-18-15-08-00 GMT-0500,304.0450134277344,304.05999755859375,303.8800048828125,303.8998107910156,303.8998107910156,41916
2022-01-18-15-09-00 GMT-0500,303.92999267578125,303.989990234375,303.8399963378906,303.8900146484375,303.8900146484375,34338
2022-01-18-15-10-00 GMT-0500,303.8800048828125,304.0548095703125,303.75,303.9700012207031,303.9700012207031,52036
2022-01-18-15-11-00 GMT-0500,303.9800109863281,304.25,303.9800109863281,304.2049865722656,304.2049865722656,39825
2022-01-18-15-12-00 GMT-0500,304.2038879394531,304.3399963378906,304.1499938964844,304.1700134277344,304.1700134277344,42563
2022-01-18-15-13-00 GMT-0500,304.19000244140625,304.25750732421875,304.07000732421875,304.2200012207031,304.2200012207031,44787
2022-01-18-15-14-00 GMT-0500,304.2099914550781,304.2300109863281,303.79998779296875,303.8478088378906,303.8478088378906,71751
2022-01-18-15-15-00 GMT-0500,303.8399963378906,303.8450012207031,303.07000732421875,303.1099853515625,303.1099853515625,186524
2022-01-18-15-16-00 GMT-0500,303.0849914550781,303.2099914550781,302.80999755859375,302.80999755859375,302.80999755859375,189702
2022-01-18-15-17-00 GMT-0500,302.8299865722656,303.0199890136719,302.55999755859375,302.989990234375,302.989990234375,114607
2022-01-18-15-18-00 GMT-0500,303.010009765625,303.20001220703125,302.8114013671875,303.17999267578125,303.17999267578125,61237
2022-01-18-15-19-00 GMT-0500,303.1700134277344,303.1799011230469,303.010009765625,303.0400085449219,303.0400085449219,59556
2022-01-18-15-20-00 GMT-0500,303.04998779296875,303.2250061035156,302.9100036621094,303.2250061035156,303.2250061035156,273276
2022-01-18-15-21-00 GMT-0500,303.2049865722656,303.2799987792969,303.07501220703125,303.2149963378906,303.2149963378906,63212
2022-01-18-15-22-00 GMT-0500,303.25,303.4100036621094,303.1449890136719,303.2900085449219,303.2900085449219,50820
2022-01-18-15-23-00 GMT-0500,303.364990234375,303.510009765625,303.2401123046875,303.4849853515625,303.4849853515625,52174
2022-01-18-15-24-00 GMT-0500,303.4849853515625,303.5199890136719,303.3299865722656,303.45001220703125,303.45001220703125,44937
2022-01-18-15-25-00 GMT-0500,303.4200134277344,303.489990234375,303.239990234375,303.31500244140625,303.31500244140625,60710
2022-01-18-15-26-00 GMT-0500,303.29998779296875,303.3599853515625,303.05999755859375,303.3399963378906,303.3399963378906,71227
2022-01-18-15-27-00 GMT-0500,303.30999755859375,303.625,303.29998779296875,303.43499755859375,303.43499755859375,54678
2022-01-18-15-28-00 GMT-0500,303.42999267578125,303.4895935058594,303.20001220703125,303.2300109863281,303.2300109863281,56897
2022-01-18-15-29-00 GMT-0500,303.2099914550781,303.3500061035156,303.1600036621094,303.3500061035156,303.3500061035156,46262
2022-01-18-15-30-00 GMT-0500,303.3399963378906,303.3399963378906,303.1199951171875,303.29998779296875,303.29998779296875,76852
2022-01-18-15-31-00 GMT-0500,303.2950134277344,303.3599853515625,303.010009765625,303.0899963378906,303.0899963378906,84585
2022-01-18-15-32-00 GMT-0500,303.0950012207031,303.2991027832031,302.9800109863281,303.1700134277344,303.1700134277344,117195
2022-01-18-15-33-00 GMT-0500,303.1650085449219,303.25250244140625,303.0199890136719,303.0400085449219,303.0400085449219,55973
2022-01-18-15-34-00 GMT-0500,303.0400085449219,303.1600036621094,302.8399963378906,302.95001220703125,302.95001220703125,57492
2022-01-18-15-35-00 GMT-0500,302.9599914550781,303.1299133300781,302.9100036621094,303.0,303.0,73731
2022-01-18-15-36-00 GMT-0500,303.0199890136719,303.1499938964844,302.5801086425781,302.6400146484375,302.6400146484375,110719
2022-01-18-15-37-00 GMT-0500,302.67498779296875,302.8399963378906,302.5400085449219,302.6099853515625,302.6099853515625,59003
2022-01-18-15-38-00 GMT-0500,302.5899963378906,302.7900085449219,302.5199890136719,302.6997985839844,302.6997985839844,88117
2022-01-18-15-39-00 GMT-0500,302.6600036621094,302.7392883300781,302.5199890136719,302.6000061035156,302.6000061035156,82862
2022-01-18-15-40-00 GMT-0500,302.57000732421875,302.6700134277344,302.510009765625,302.6061096191406,302.6061096191406,60071
2022-01-18-15-41-00 GMT-0500,302.6099853515625,302.6099853515625,302.25,302.39459228515625,302.39459228515625,147138
2022-01-18-15-42-00 GMT-0500,302.3800048828125,302.3800048828125,302.0899963378906,302.1000061035156,302.1000061035156,127996
2022-01-18-15-43-00 GMT-0500,302.0799865722656,302.2900085449219,302.0400085449219,302.2099914550781,302.2099914550781,122050
2022-01-18-15-44-00 GMT-0500,302.2300109863281,302.30999755859375,302.0,302.0150146484375,302.0150146484375,160921
2022-01-18-15-45-00 GMT-0500,302.0199890136719,302.4700012207031,302.0,302.44000244140625,302.44000244140625,127108
2022-01-18-15-46-00 GMT-0500,302.43499755859375,302.5799865722656,302.3599853515625,302.45001220703125,302.45001220703125,130520
2022-01-18-15-47-00 GMT-0500,302.4599914550781,302.5400085449219,302.239990234375,302.5299987792969,302.5299987792969,119081
2022-01-18-15-48-00 GMT-0500,302.5367126464844,302.5799865722656,302.1499938964844,302.32000732421875,302.32000732421875,94011
2022-01-18-15-49-00 GMT-0500,302.29998779296875,302.6499938964844,302.2099914550781,302.4800109863281,302.4800109863281,125265
2022-01-18-15-50-00 GMT-0500,302.489990234375,303.19989013671875,302.25,303.1700134277344,303.1700134277344,257548
2022-01-18-15-51-00 GMT-0500,303.1700134277344,303.17999267578125,302.6300048828125,302.6300048828125,302.6300048828125,148588
2022-01-18-15-52-00 GMT-0500,302.6400146484375,302.8299865722656,302.5899963378906,302.6499938964844,302.6499938964844,132630
2022-01-18-15-53-00 GMT-0500,302.6700134277344,302.92999267578125,302.6000061035156,302.80999755859375,302.80999755859375,124590
2022-01-18-15-54-00 GMT-0500,302.8299865722656,302.95001220703125,301.739990234375,302.0199890136719,302.0199890136719,348366
2022-01-18-15-55-00 GMT-0500,302.010009765625,302.4599914550781,301.8500061035156,302.2200012207031,302.2200012207031,287414
2022-01-18-15-56-00 GMT-0500,302.20001220703125,302.3999938964844,302.05999755859375,302.2300109863281,302.2300109863281,230700
2022-01-18-15-57-00 GMT-0500,302.2099914550781,302.82000732421875,302.1700134277344,302.6300048828125,302.6300048828125,249427
2022-01-18-15-58-00 GMT-0500,302.5400085449219,302.69000244140625,302.4200134277344,302.6000061035156,302.6000061035156,265092
2022-01-18-15-59-00 GMT-0500,302.6099853515625,303.1099853515625,302.2200012207031,302.7699890136719,302.7699890136719,1013116
2022-01-18-16-00-00 GMT-0500,302.65,303.12,302.65,303.0,303.0,4712613
2022-01-18-16-01-00 GMT-0500,302.9999,303.0,302.65,302.865,302.865,0
2022-01-18-16-02-00 GMT-0500,302.86,302.92,302.65,302.9,302.9,0
2022-01-18-16-03-00 GMT-0500,302.78,302.9,302.66,302.73,302.73,0
2022-01-18-16-04-00 GMT-0500,302.77,302.95,302.65,302.95,302.95,0
2022-01-18-16-05-00 GMT-0500,302.66,304.8456,302.66,302.85,302.85,0
2022-01-18-16-06-00 GMT-0500,302.97,303.0,302.65,302.75,302.75,0
2022-01-18-16-07-00 GMT-0500,302.8,302.9,302.66,302.8,302.8,0
2022-01-18-16-08-00 GMT-0500,302.81,303.0,302.65,302.93,302.93,0
2022-01-18-16-09-00 GMT-0500,302.92,302.96,302.81,302.88,302.88,0
2022-01-18-16-10-00 GMT-0500,302.87,303.0,302.65,302.94,302.94,0
2022-01-18-16-11-00 GMT-0500,302.95,303.0,302.84,303.0,303.0,0
2022-01-18-16-12-00 GMT-0500,302.935,303.0,302.92,303.0,303.0,0
2022-01-18-16-13-00 GMT-0500,302.92,303.0,302.71,302.97,302.97,0
2022-01-18-16-14-00 GMT-0500,302.98,303.0,302.72,303.0,303.0,0
2022-01-18-16-15-00 GMT-0500,303.0,303.12,302.84,303.06,303.06,0
2022-01-18-16-16-00 GMT-0500,303.1,303.12,303.0,303.0,303.0,0
2022-01-18-16-17-00 GMT-0500,303.06,303.35,302.91,303.3,303.3,0
2022-01-18-16-18-00 GMT-0500,303.35,303.4,303.04,303.2,303.2,0
2022-01-18-16-19-00 GMT-0500,303.145,303.25,303.1,303.14,303.14,0
2022-01-18-16-20-00 GMT-0500,303.25,303.25,303.05,303.175,303.175,0
2022-01-18-16-21-00 GMT-0500,303.1,303.25,303.03,303.15,303.15,0
2022-01-18-16-22-00 GMT-0500,303.15,303.2,303.06,303.1,303.1,0
2022-01-18-16-23-00 GMT-0500,303.065,303.18,303.0,303.1,303.1,0
2022-01-18-16-24-00 GMT-0500,303.1,303.25,302.925,303.125,303.125,0
2022-01-18-16-25-00 GMT-0500,303.125,303.45,303.125,303.2,303.2,0
2022-01-18-16-26-00 GMT-0500,303.25,303.3,303.15,303.3,303.3,0
2022-01-18-16-27-00 GMT-0500,303.3,303.31,303.1,303.29,303.29,0
2022-01-18-16-28-00 GMT-0500,303.29,303.29,303.0,303.075,303.075,0
2022-01-18-16-29-00 GMT-0500,303.15,303.15,303.0,303.15,303.15,0
2022-01-18-16-30-00 GMT-0500,303.1,303.15,303.0,303.15,303.15,0
2022-01-18-16-31-00 GMT-0500,303.15,303.29,303.075,303.22,303.22,0
2022-01-18-16-32-00 GMT-0500,303.22,303.22,302.65,303.15,303.15,0
2022-01-18-16-33-00 GMT-0500,303.05,303.22,302.65,303.08,303.08,0
2022-01-18-16-34-00 GMT-0500,303.05,303.22,303.0,303.11,303.11,0
2022-01-18-16-35-00 GMT-0500,303.11,303.22,303.0,303.22,303.22,0
2022-01-18-16-36-00 GMT-0500,303.12,303.22,303.02,303.12,303.12,0
2022-01-18-16-37-00 GMT-0500,303.12,303.22,303.02,303.2,303.2,0
2022-01-18-16-38-00 GMT-0500,303.2,303.22,303.02,303.2,303.2,0
2022-01-18-16-39-00 GMT-0500,303.165,303.29,303.0,303.145,303.145,0
2022-01-18-16-40-00 GMT-0500,303.29,303.4,303.02,303.3,303.3,0
2022-01-18-16-41-00 GMT-0500,303.4,303.4,302.65,303.205,303.205,0
2022-01-18-16-42-00 GMT-0500,303.205,303.34,302.65,302.65,302.65,0
2022-01-18-16-43-00 GMT-0500,302.65,303.3,302.65,302.65,302.65,0
2022-01-18-16-44-00 GMT-0500,302.65,303.48,302.65,302.65,302.65,0
2022-01-18-16-45-00 GMT-0500,302.65,303.48,302.65,303.34,303.34,0
2022-01-18-16-46-00 GMT-0500,303.26,303.48,303.2,303.48,303.48,0
2022-01-18-16-47-00 GMT-0500,303.3,303.48,303.15,303.3,303.3,0
2022-01-18-16-48-00 GMT-0500,303.48,303.48,303.1,303.18,303.18,0
2022-01-18-16-49-00 GMT-0500,303.3,303.3,302.65,303.27,303.27,0
2022-01-18-16-50-00 GMT-0500,303.28,303.3,302.65,303.2,303.2,0
2022-01-18-16-51-00 GMT-0500,303.225,303.3,303.2,303.225,303.225,0
2022-01-18-16-52-00 GMT-0500,303.3,303.3,303.2,303.3,303.3,0
2022-01-18-16-53-00 GMT-0500,303.3,303.3,303.1,303.16,303.16,0
2022-01-18-16-54-00 GMT-0500,303.145,303.3,286.0664,303.215,303.215,0
2022-01-18-16-55-00 GMT-0500,287.40787,303.3,287.40787,303.21,303.21,0
2022-01-18-16-56-00 GMT-0500,303.29,303.29,303.13,303.21,303.21,0
2022-01-18-16-57-00 GMT-0500,303.21,303.29,303.13,303.25,303.25,0
2022-01-18-16-58-00 GMT-0500,303.2,303.29,303.15,303.22,303.22,0
2022-01-18-16-59-00 GMT-0500,303.29,303.29,303.22,303.22,303.22,0
2022-01-18-17-00-00 GMT-0500,303.25,303.29,303.22,303.22,303.22,0
2022-01-18-17-01-00 GMT-0500,303.22,303.25,303.15,303.2,303.2,0
2022-01-18-17-02-00 GMT-0500,303.29,303.29,303.15,303.17,303.17,0
2022-01-18-17-03-00 GMT-0500,303.19,303.26,285.57132,303.26,303.26,0
2022-01-18-17-04-00 GMT-0500,303.2,312.6225,303.2,303.245,303.245,0
2022-01-18-17-05-00 GMT-0500,303.245,303.29,303.2,303.2,303.2,0
2022-01-18-17-06-00 GMT-0500,303.24,303.28,287.53622,303.24,303.24,0
2022-01-18-17-07-00 GMT-0500,303.26,303.28,303.17,303.17,303.17,0
2022-01-18-17-08-00 GMT-0500,303.17,303.2,303.0,303.1,303.1,0
2022-01-18-17-09-00 GMT-0500,303.1,303.2,303.0,303.2,303.2,0
2022-01-18-17-10-00 GMT-0500,303.1,303.2,303.0,303.05,303.05,0
2022-01-18-17-11-00 GMT-0500,303.05,303.1,302.9,302.95,302.95,0
2022-01-18-17-12-00 GMT-0500,303.0,303.0,302.85,302.855,302.855,0
2022-01-18-17-13-00 GMT-0500,302.9,303.0,302.8,302.9,302.9,0
2022-01-18-17-14-00 GMT-0500,302.9,303.0,302.83,302.96,302.96,0
2022-01-18-17-15-00 GMT-0500,303.0,303.0,302.81,302.95,302.95,0
2022-01-18-17-16-00 GMT-0500,302.95,303.1,302.84,302.95,302.95,0
2022-01-18-17-17-00 GMT-0500,302.92,303.08,302.77,302.77,302.77,0
2022-01-18-17-18-00 GMT-0500,302.99,303.0,302.77,303.0,303.0,0
2022-01-18-17-19-00 GMT-0500,303.0,303.0,302.68,302.84,302.84,0
2022-01-18-17-20-00 GMT-0500,303.0,303.0,302.68,303.0,303.0,0
2022-01-18-17-21-00 GMT-0500,302.86,303.0,302.72,302.855,302.855,0
2022-01-18-17-22-00 GMT-0500,302.855,303.0,302.72,302.87,302.87,0
2022-01-18-17-23-00 GMT-0500,303.0,303.0,302.74,302.96,302.96,0
2022-01-18-17-24-00 GMT-0500,302.84,303.0,302.75,302.89,302.89,0
2022-01-18-17-25-00 GMT-0500,302.89,302.89,302.75,302.86,302.86,0
2022-01-18-17-26-00 GMT-0500,302.86,303.0,302.85,302.94,302.94,0
2022-01-18-17-27-00 GMT-0500,302.945,303.0,302.86,302.94,302.94,0
2022-01-18-17-28-00 GMT-0500,303.0,303.0,302.88,302.88,302.88,0
2022-01-18-17-29-00 GMT-0500,303.0,303.0,302.89,302.94,302.94,0
2022-01-18-17-30-00 GMT-0500,302.94,303.0,302.88,302.96,302.96,0
2022-01-18-17-31-00 GMT-0500,303.0,303.0,302.94,302.95,302.95,0
2022-01-18-17-32-00 GMT-0500,302.94,303.0,302.88,302.88,302.88,0
2022-01-18-17-33-00 GMT-0500,302.95,302.95,302.87,302.92,302.92,0
2022-01-18-17-34-00 GMT-0500,302.94,302.95,302.79,302.87,302.87,0
2022-01-18-17-35-00 GMT-0500,302.88,302.95,302.79,302.88,302.88,0
2022-01-18-17-36-00 GMT-0500,302.87,302.95,302.79,302.95,302.95,0
2022-01-18-17-37-00 GMT-0500,302.95,302.95,302.88,302.95,302.95,0
2022-01-18-17-38-00 GMT-0500,302.91,302.95,302.87,302.88,302.88,0
2022-01-18-17-39-00 GMT-0500,302.92,302.95,302.79,302.94,302.94,0
2022-01-18-17-40-00 GMT-0500,302.94,302.95,302.79,302.93,302.93,0
2022-01-18-17-41-00 GMT-0500,302.86,302.92,302.8,302.8,302.8,0
2022-01-18-17-42-00 GMT-0500,302.92,302.95,302.8,302.95,302.95,0
2022-01-18-17-43-00 GMT-0500,302.87,302.95,302.79,302.92,302.92,0
2022-01-18-17-44-00 GMT-0500,302.81,302.93,302.75,302.79,302.79,0
2022-01-18-17-45-00 GMT-0500,302.76,302.8,302.72,302.76,302.76,0
2022-01-18-17-46-00 GMT-0500,302.76,302.8,302.75,302.75,302.75,0
2022-01-18-17-47-00 GMT-0500,302.75,302.8,302.72,302.8,302.8,0
2022-01-18-17-48-00 GMT-0500,302.79,302.8,302.72,302.8,302.8,0
2022-01-18-17-49-00 GMT-0500,302.8,302.8,302.72,302.8,302.8,0
2022-01-18-17-50-00 GMT-0500,302.76,302.8,302.72,302.75,302.75,0
2022-01-18-17-51-00 GMT-0500,302.75,302.8,302.7,302.725,302.725,0
2022-01-18-17-52-00 GMT-0500,302.75,302.8,302.7,302.75,302.75,0
2022-01-18-17-53-00 GMT-0500,302.8,302.8,302.7,302.75,302.75,0
2022-01-18-17-54-00 GMT-0500,302.75,302.8,302.7,302.8,302.8,0
2022-01-18-17-56-00 GMT-0500,302.8,302.8,302.7,302.79,302.79,0
2022-01-18-17-57-00 GMT-0500,302.8,302.8,302.7,302.8,302.8,0
2022-01-18-17-58-00 GMT-0500,302.75,302.8,302.75,302.8,302.8,0
2022-01-18-18-00-00 GMT-0500,302.8,303.1,302.8,303.06,303.06,0
2022-01-18-18-01-00 GMT-0500,303.06,303.07,303.0,303.0,303.0,0
2022-01-18-18-02-00 GMT-0500,303.0,303.1,303.0,303.0,303.0,0
2022-01-18-18-03-00 GMT-0500,302.93,303.1,302.93,302.95,302.95,0
2022-01-18-18-04-00 GMT-0500,303.09,303.1,303.0,303.09,303.09,0
2022-01-18-18-05-00 GMT-0500,303.1,303.1,302.95,302.95,302.95,0
2022-01-18-18-06-00 GMT-0500,302.95,302.95,302.8,302.94,302.94,0
2022-01-18-18-07-00 GMT-0500,302.8,302.91,302.8,302.85,302.85,0
2022-01-18-18-08-00 GMT-0500,302.87,302.92,302.87,302.92,302.92,0
2022-01-18-18-09-00 GMT-0500,302.95,302.95,302.9,302.95,302.95,0
2022-01-18-18-10-00 GMT-0500,302.85,302.95,302.82,302.93,302.93,0
2022-01-18-18-11-00 GMT-0500,302.81,302.95,302.81,302.85,302.85,0
2022-01-18-18-12-00 GMT-0500,302.85,302.95,302.85,302.95,302.95,0
2022-01-18-18-13-00 GMT-0500,302.95,303.1,302.81,302.81,302.81,0
2022-01-18-18-14-00 GMT-0500,302.81,303.15,302.81,303.09,303.09,0
2022-01-18-18-15-00 GMT-0500,303.15,303.15,302.86,302.9,302.9,0
2022-01-18-18-16-00 GMT-0500,302.9,302.98,302.81,302.9,302.9,0
2022-01-18-18-17-00 GMT-0500,302.85,302.9,302.8,302.88,302.88,0
2022-01-18-18-18-00 GMT-0500,302.9,302.9,302.75,302.75,302.75,0
2022-01-18-18-19-00 GMT-0500,302.75,302.75,302.7,302.75,302.75,0
2022-01-18-18-20-00 GMT-0500,302.75,302.75,302.65,302.65,302.65,0
2022-01-18-18-21-00 GMT-0500,302.65,302.7,302.65,302.7,302.7,0
2022-01-18-18-22-00 GMT-0500,302.7,302.7,302.65,302.66,302.66,0
2022-01-18-18-24-00 GMT-0500,302.7,302.7,302.65,302.7,302.7,0
2022-01-18-18-25-00 GMT-0500,302.7,302.7,302.68,302.7,302.7,0
2022-01-18-18-27-00 GMT-0500,302.7,302.7,302.66,302.67,302.67,0
2022-01-18-18-29-00 GMT-0500,302.7,302.7,302.65,302.65,302.65,0
2022-01-18-18-30-00 GMT-0500,302.69,302.7,302.65,302.65,302.65,0
2022-01-18-18-31-00 GMT-0500,302.63,302.7,302.5,302.7,302.7,0
2022-01-18-18-32-00 GMT-0500,302.65,302.7,302.24,302.5,302.5,0
2022-01-18-18-33-00 GMT-0500,302.68,302.68,302.4,302.47,302.47,0
2022-01-18-18-34-00 GMT-0500,302.47,302.5,302.3,302.5,302.5,0
2022-01-18-18-35-00 GMT-0500,302.5,302.6,302.33,302.5,302.5,0
2022-01-18-18-36-00 GMT-0500,302.6,302.6,302.32,302.5,302.5,0
2022-01-18-18-37-00 GMT-0500,302.5,302.5,302.49,302.49,302.49,0
2022-01-18-18-38-00 GMT-0500,302.4,302.62,302.37,302.39,302.39,0
2022-01-18-18-39-00 GMT-0500,302.63,302.63,302.4,302.48,302.48,0
2022-01-18-18-40-00 GMT-0500,302.42,302.43,302.41,302.43,302.43,0
2022-01-18-18-41-00 GMT-0500,302.45,303.5701,302.41,302.63,302.63,0
2022-01-18-18-42-00 GMT-0500,302.5,302.63,302.41,302.58,302.58,0
2022-01-18-18-43-00 GMT-0500,302.58,302.63,302.43,302.63,302.63,0
2022-01-18-18-44-00 GMT-0500,302.56,302.63,302.55,302.57,302.57,0
2022-01-18-18-45-00 GMT-0500,302.55,302.59,302.51,302.55,302.55,0
2022-01-18-18-46-00 GMT-0500,302.61,302.68,302.61,302.68,302.68,0
2022-01-18-18-47-00 GMT-0500,302.68,302.68,302.62,302.64,302.64,0
2022-01-18-18-48-00 GMT-0500,302.7,302.7,302.61,302.7,302.7,0
2022-01-18-18-49-00 GMT-0500,302.67,302.7,302.64,302.64,302.64,0
2022-01-18-18-50-00 GMT-0500,302.66,302.69,302.59,302.59,302.59,0
2022-01-18-18-51-00 GMT-0500,302.55,302.7,302.5,302.5,302.5,0
2022-01-18-18-52-00 GMT-0500,302.51,302.65,302.48,302.52,302.52,0
2022-01-18-18-53-00 GMT-0500,302.63,302.65,302.48,302.48,302.48,0
2022-01-18-18-54-00 GMT-0500,302.55,302.65,302.55,302.65,302.65,0
2022-01-18-18-56-00 GMT-0500,302.65,302.7,302.65,302.66,302.66,0
2022-01-18-18-57-00 GMT-0500,302.65,302.7,302.6,302.65,302.65,0
2022-01-18-18-58-00 GMT-0500,302.64,302.64,302.5,302.52,302.52,0
2022-01-18-18-59-00 GMT-0500,302.65,302.65,302.52,302.6,302.6,0
2022-01-18-19-00-00 GMT-0500,302.53,302.6,302.53,302.6,302.6,0
2022-01-18-19-01-00 GMT-0500,302.6,302.7,302.6,302.7,302.7,0
2022-01-18-19-02-00 GMT-0500,302.7,302.7,302.67,302.69,302.69,0
2022-01-18-19-03-00 GMT-0500,302.68,302.69,302.67,302.69,302.69,0
2022-01-18-19-04-00 GMT-0500,302.66,302.69,302.65,302.65,302.65,0
2022-01-18-19-05-00 GMT-0500,302.68,302.7,302.68,302.7,302.7,0
2022-01-18-19-07-00 GMT-0500,302.7,302.7,302.67,302.67,302.67,0
2022-01-18-19-08-00 GMT-0500,302.67,302.7,302.65,302.66,302.66,0
2022-01-18-19-09-00 GMT-0500,302.66,302.7,302.66,302.67,302.67,0
2022-01-18-19-11-00 GMT-0500,302.65,302.66,302.65,302.65,302.65,0
2022-01-18-19-12-00 GMT-0500,302.67,302.7,302.59,302.6,302.6,0
2022-01-18-19-13-00 GMT-0500,302.6,302.65,302.55,302.6,302.6,0
2022-01-18-19-14-00 GMT-0500,302.65,302.7,302.59,302.59,302.59,0
2022-01-18-19-15-00 GMT-0500,302.59,302.7,302.5,302.5,302.5,0
2022-01-18-19-16-00 GMT-0500,302.55,302.55,302.5,302.5,302.5,0
2022-01-18-19-17-00 GMT-0500,302.5,302.6,302.5,302.51,302.51,0
2022-01-18-19-18-00 GMT-0500,302.57,302.57,302.5,302.51,302.51,0
2022-01-18-19-19-00 GMT-0500,302.58,302.6,302.51,302.52,302.52,0
2022-01-18-19-20-00 GMT-0500,302.57,302.59,302.52,302.57,302.57,0
2022-01-18-19-21-00 GMT-0500,302.55,302.59,302.55,302.59,302.59,0
2022-01-18-19-22-00 GMT-0500,302.59,302.59,302.51,302.59,302.59,0
2022-01-18-19-23-00 GMT-0500,302.59,302.59,302.5,302.55,302.55,0
2022-01-18-19-24-00 GMT-0500,302.59,302.59,302.55,302.55,302.55,0
2022-01-18-19-26-00 GMT-0500,302.59,302.65,302.57,302.65,302.65,0
2022-01-18-19-27-00 GMT-0500,302.7,302.7,302.59,302.59,302.59,0
2022-01-18-19-28-00 GMT-0500,302.6,302.69,302.6,302.68,302.68,0
2022-01-18-19-29-00 GMT-0500,302.68,302.68,302.55,302.65,302.65,0
2022-01-18-19-30-00 GMT-0500,302.65,302.69,302.55,302.55,302.55,0
2022-01-18-19-31-00 GMT-0500,302.68,302.68,302.6,302.61,302.61,0
2022-01-18-19-32-00 GMT-0500,302.64,302.64,302.6,302.63,302.63,0
2022-01-18-19-33-00 GMT-0500,302.65,302.65,302.5,302.65,302.65,0
2022-01-18-19-34-00 GMT-0500,302.65,302.65,302.55,302.55,302.55,0
2022-01-18-19-35-00 GMT-0500,302.51,302.6,302.45,302.45,302.45,0
2022-01-18-19-36-00 GMT-0500,302.53,302.6,302.45,302.53,302.53,0
2022-01-18-19-37-00 GMT-0500,302.53,302.6,302.45,302.5,302.5,0
2022-01-18-19-38-00 GMT-0500,302.6,302.6,302.4,302.4,302.4,0
2022-01-18-19-39-00 GMT-0500,302.4,302.45,302.2,302.45,302.45,0
2022-01-18-19-40-00 GMT-0500,302.3,302.34,302.3,302.3,302.3,0
2022-01-18-19-41-00 GMT-0500,302.4,302.44,302.27,302.44,302.44,0
2022-01-18-19-42-00 GMT-0500,302.44,302.44,302.3,302.3,302.3,0
2022-01-18-19-43-00 GMT-0500,302.32,302.42,302.23,302.42,302.42,0
2022-01-18-19-44-00 GMT-0500,302.42,302.45,302.42,302.42,302.42,0
2022-01-18-19-45-00 GMT-0500,302.4,302.45,302.32,302.4,302.4,0
2022-01-18-19-46-00 GMT-0500,302.3,302.38,302.3,302.37,302.37,0
2022-01-18-19-47-00 GMT-0500,302.38,302.38,302.38,302.38,302.38,0
2022-01-18-19-48-00 GMT-0500,302.38,302.38,302.3,302.3,302.3,0
2022-01-18-19-49-00 GMT-0500,302.3,302.38,302.28,302.3,302.3,0
2022-01-18-19-50-00 GMT-0500,302.3,302.3,302.21,302.28,302.28,0
2022-01-18-19-51-00 GMT-0500,302.27,302.28,302.2,302.21,302.21,0
2022-01-18-19-52-00 GMT-0500,302.28,302.3,302.12,302.25,302.25,0
2022-01-18-19-53-00 GMT-0500,302.2,302.25,302.12,302.18,302.18,0
2022-01-18-19-54-00 GMT-0500,302.13,302.2,302.12,302.19,302.19,0
2022-01-18-19-55-00 GMT-0500,302.12,302.26,302.1,302.25,302.25,0
2022-01-18-19-56-00 GMT-0500,302.11,302.11,302.0,302.0,302.0,0
2022-01-18-19-57-00 GMT-0500,302.05,302.26,302.01,302.26,302.26,0
2022-01-18-19-58-00 GMT-0500,302.15,302.26,302.01,302.01,302.01,0
2022-01-18-19-59-00 GMT-0500,302.0,302.09,301.78,301.78,301.78,0
