Date,Open,High,Low,Close,Volume,Dividends,Stock Splits
2021-06-01,1.05,1.05,1.05,1.05,30,0,0
