Datetime,Open,High,Low,Close,Adj Close,Volume
2021-11-30-04-48-00 GMT-0500,56.0,56.0,56.0,56.0,56.0,0
2021-11-30-04-49-00 GMT-0500,56.0,56.0,55.9,55.9,55.9,0
2021-11-30-04-52-00 GMT-0500,56.33,56.33,56.33,56.33,56.33,0
2021-11-30-05-10-00 GMT-0500,56.3,56.3,56.3,56.3,56.3,0
2021-11-30-05-13-00 GMT-0500,55.9,55.9,55.9,55.9,55.9,0
2021-11-30-06-28-00 GMT-0500,56.27,56.27,56.27,56.27,56.27,0
2021-11-30-07-00-00 GMT-0500,56.35,56.42,56.2,56.25,56.25,0
2021-11-30-07-01-00 GMT-0500,56.27,56.36,56.25,56.25,56.25,0
2021-11-30-07-02-00 GMT-0500,56.35,56.35,56.35,56.35,56.35,0
2021-11-30-07-04-00 GMT-0500,56.24,56.42,56.24,56.42,56.42,0
2021-11-30-07-16-00 GMT-0500,56.22,56.25,56.21,56.21,56.21,0
2021-11-30-07-17-00 GMT-0500,56.21,56.21,56.21,56.21,56.21,0
2021-11-30-07-18-00 GMT-0500,56.22,56.22,56.22,56.22,56.22,0
2021-11-30-07-19-00 GMT-0500,56.21,56.21,56.19,56.19,56.19,0
2021-11-30-07-22-00 GMT-0500,56.18,56.18,56.18,56.18,56.18,0
2021-11-30-07-30-00 GMT-0500,56.19,56.19,56.19,56.19,56.19,0
2021-11-30-07-32-00 GMT-0500,56.1,56.16,56.09,56.16,56.16,0
2021-11-30-07-34-00 GMT-0500,56.14,56.19,56.11,56.18,56.18,0
2021-11-30-07-35-00 GMT-0500,56.1,56.11,56.1,56.11,56.11,0
2021-11-30-07-36-00 GMT-0500,56.15,56.15,56.15,56.15,56.15,0
2021-11-30-07-37-00 GMT-0500,56.1,56.15,56.09,56.09,56.09,0
2021-11-30-07-38-00 GMT-0500,56.09,56.09,56.09,56.09,56.09,0
2021-11-30-07-40-00 GMT-0500,56.12,56.12,56.12,56.12,56.12,0
2021-11-30-07-41-00 GMT-0500,56.03,56.12,56.0,56.12,56.12,0
2021-11-30-07-43-00 GMT-0500,56.11,56.11,56.11,56.11,56.11,0
2021-11-30-07-44-00 GMT-0500,56.07,56.07,56.0,56.0,56.0,0
2021-11-30-07-47-00 GMT-0500,56.11,56.11,56.1,56.1,56.1,0
2021-11-30-07-49-00 GMT-0500,56.04,56.04,56.04,56.04,56.04,0
2021-11-30-07-50-00 GMT-0500,56.08,56.08,56.0,56.0,56.0,0
2021-11-30-07-51-00 GMT-0500,56.01,56.01,56.0,56.0,56.0,0
2021-11-30-07-54-00 GMT-0500,56.0,56.03,56.0,56.03,56.03,0
2021-11-30-07-55-00 GMT-0500,56.06,56.06,56.06,56.06,56.06,0
2021-11-30-07-58-00 GMT-0500,56.05,56.05,56.0,56.0,56.0,0
2021-11-30-08-00-00 GMT-0500,56.35,56.53,56.0,56.07,56.07,0
2021-11-30-08-01-00 GMT-0500,56.04,56.09,56.04,56.09,56.09,0
2021-11-30-08-19-00 GMT-0500,56.17,56.17,56.17,56.17,56.17,0
2021-11-30-08-24-00 GMT-0500,56.15,56.15,56.11,56.12,56.12,0
2021-11-30-08-32-00 GMT-0500,56.09,56.1,56.07,56.1,56.1,0
2021-11-30-08-33-00 GMT-0500,56.01,56.05,55.94,55.96,55.96,0
2021-11-30-08-34-00 GMT-0500,55.92,55.92,55.9,55.9,55.9,0
2021-11-30-08-35-00 GMT-0500,55.91,55.91,55.91,55.91,55.91,0
2021-11-30-08-42-00 GMT-0500,55.9,55.9,55.88,55.88,55.88,0
2021-11-30-08-45-00 GMT-0500,55.9,55.9,55.89,55.89,55.89,0
2021-11-30-08-47-00 GMT-0500,55.85,55.85,55.85,55.85,55.85,0
2021-11-30-08-48-00 GMT-0500,55.82,55.93,55.81,55.93,55.93,0
2021-11-30-08-50-00 GMT-0500,55.92,55.92,55.91,55.91,55.91,0
2021-11-30-08-51-00 GMT-0500,55.92,55.93,55.92,55.9299,55.9299,0
2021-11-30-08-54-00 GMT-0500,55.93,55.93,55.93,55.93,55.93,0
2021-11-30-08-57-00 GMT-0500,55.98,55.98,55.95,55.95,55.95,0
2021-11-30-08-58-00 GMT-0500,55.97,56.0,55.97,56.0,56.0,0
2021-11-30-08-59-00 GMT-0500,56.0,56.0001,56.0,56.0001,56.0001,0
2021-11-30-09-00-00 GMT-0500,56.18,56.19,56.0001,56.0001,56.0001,0
2021-11-30-09-01-00 GMT-0500,56.18,56.18,56.15,56.15,56.15,0
2021-11-30-09-02-00 GMT-0500,56.0101,56.0101,56.0101,56.0101,56.0101,0
2021-11-30-09-03-00 GMT-0500,56.18,56.18,56.17,56.17,56.17,0
2021-11-30-09-06-00 GMT-0500,56.17,56.18,56.17,56.18,56.18,0
2021-11-30-09-07-00 GMT-0500,56.16,56.18,56.16,56.18,56.18,0
2021-11-30-09-08-00 GMT-0500,56.1799,56.18,56.13,56.13,56.13,0
2021-11-30-09-09-00 GMT-0500,56.14,56.14,56.14,56.14,56.14,0
2021-11-30-09-11-00 GMT-0500,56.13,56.1799,56.13,56.1799,56.1799,0
2021-11-30-09-30-00 GMT-0500,56.2599983215332,56.31999969482422,56.12099838256836,56.2599983215332,56.2599983215332,108763
2021-11-30-09-31-00 GMT-0500,56.27000045776367,56.38999938964844,56.27000045776367,56.369998931884766,56.369998931884766,11836
2021-11-30-09-32-00 GMT-0500,56.38999938964844,56.4900016784668,56.369998931884766,56.38999938964844,56.38999938964844,16850
2021-11-30-09-33-00 GMT-0500,56.41999816894531,56.435001373291016,56.279998779296875,56.279998779296875,56.279998779296875,15956
2021-11-30-09-34-00 GMT-0500,56.29999923706055,56.33000183105469,56.13999938964844,56.18000030517578,56.18000030517578,15766
2021-11-30-09-35-00 GMT-0500,56.220001220703125,56.22999954223633,56.119998931884766,56.13999938964844,56.13999938964844,21518
2021-11-30-09-36-00 GMT-0500,56.150001525878906,56.150001525878906,56.040000915527344,56.10499954223633,56.10499954223633,20519
2021-11-30-09-37-00 GMT-0500,56.06999969482422,56.13999938964844,56.04999923706055,56.125,56.125,29598
2021-11-30-09-38-00 GMT-0500,56.13999938964844,56.255001068115234,56.130001068115234,56.189998626708984,56.189998626708984,20652
2021-11-30-09-39-00 GMT-0500,56.189998626708984,56.25,56.181400299072266,56.220001220703125,56.220001220703125,10115
2021-11-30-09-40-00 GMT-0500,56.20000076293945,56.279998779296875,56.11000061035156,56.27000045776367,56.27000045776367,27305
2021-11-30-09-41-00 GMT-0500,56.31999969482422,56.33000183105469,56.130001068115234,56.14500045776367,56.14500045776367,24739
2021-11-30-09-42-00 GMT-0500,56.150001525878906,56.29999923706055,56.099998474121094,56.2400016784668,56.2400016784668,8917
2021-11-30-09-43-00 GMT-0500,56.2599983215332,56.314998626708984,56.2599983215332,56.29999923706055,56.29999923706055,5630
2021-11-30-09-44-00 GMT-0500,56.28990173339844,56.28990173339844,56.18000030517578,56.22999954223633,56.22999954223633,14127
2021-11-30-09-45-00 GMT-0500,56.209999084472656,56.209999084472656,56.029998779296875,56.029998779296875,56.029998779296875,7128
2021-11-30-09-46-00 GMT-0500,56.029998779296875,56.08000183105469,55.970001220703125,56.060001373291016,56.060001373291016,38637
2021-11-30-09-47-00 GMT-0500,56.04999923706055,56.04999923706055,55.95000076293945,55.994998931884766,55.994998931884766,28674
2021-11-30-09-48-00 GMT-0500,55.994998931884766,55.994998931884766,55.93000030517578,55.9900016784668,55.9900016784668,10271
2021-11-30-09-49-00 GMT-0500,56.02000045776367,56.09000015258789,55.91999816894531,55.970001220703125,55.970001220703125,26385
2021-11-30-09-50-00 GMT-0500,55.939998626708984,55.95500183105469,55.86330032348633,55.88999938964844,55.88999938964844,38562
2021-11-30-09-51-00 GMT-0500,55.880001068115234,55.93000030517578,55.70000076293945,55.72999954223633,55.72999954223633,130920
2021-11-30-09-52-00 GMT-0500,55.72999954223633,55.83409881591797,55.72999954223633,55.790000915527344,55.790000915527344,15552
2021-11-30-09-53-00 GMT-0500,55.790000915527344,55.81999969482422,55.7400016784668,55.769901275634766,55.769901275634766,19294
2021-11-30-09-54-00 GMT-0500,55.7599983215332,55.869998931884766,55.72999954223633,55.86000061035156,55.86000061035156,16589
2021-11-30-09-55-00 GMT-0500,55.8484001159668,55.97999954223633,55.83000183105469,55.970001220703125,55.970001220703125,13340
2021-11-30-09-56-00 GMT-0500,55.959999084472656,55.959999084472656,55.86000061035156,55.88990020751953,55.88990020751953,6626
2021-11-30-09-57-00 GMT-0500,55.89500045776367,55.91999816894531,55.849998474121094,55.900001525878906,55.900001525878906,7188
2021-11-30-09-58-00 GMT-0500,55.915000915527344,55.93000030517578,55.869998931884766,55.880001068115234,55.880001068115234,12853
2021-11-30-09-59-00 GMT-0500,55.869998931884766,55.869998931884766,55.7599983215332,55.77000045776367,55.77000045776367,13085
2021-11-30-10-00-00 GMT-0500,55.77000045776367,55.77000045776367,55.619998931884766,55.630001068115234,55.630001068115234,14986
2021-11-30-10-01-00 GMT-0500,55.650001525878906,55.689998626708984,55.630001068115234,55.65999984741211,55.65999984741211,16448
2021-11-30-10-02-00 GMT-0500,55.67499923706055,55.77000045776367,55.67499923706055,55.69499969482422,55.69499969482422,16158
2021-11-30-10-03-00 GMT-0500,55.689701080322266,55.7599983215332,55.619998931884766,55.75,55.75,17354
2021-11-30-10-04-00 GMT-0500,55.75,55.75,55.70000076293945,55.71500015258789,55.71500015258789,10908
2021-11-30-10-05-00 GMT-0500,55.689998626708984,55.689998626708984,55.61000061035156,55.65999984741211,55.65999984741211,17552
2021-11-30-10-06-00 GMT-0500,55.685001373291016,55.7599983215332,55.65999984741211,55.720001220703125,55.720001220703125,8930
2021-11-30-10-07-00 GMT-0500,55.70500183105469,55.790000915527344,55.689998626708984,55.720001220703125,55.720001220703125,7420
2021-11-30-10-08-00 GMT-0500,55.7400016784668,55.84000015258789,55.73899841308594,55.77899932861328,55.77899932861328,27942
2021-11-30-10-09-00 GMT-0500,55.78900146484375,55.790000915527344,55.72999954223633,55.77000045776367,55.77000045776367,8980
2021-11-30-10-10-00 GMT-0500,55.7599983215332,55.779998779296875,55.70000076293945,55.720001220703125,55.720001220703125,16050
2021-11-30-10-11-00 GMT-0500,55.71900177001953,55.779998779296875,55.709999084472656,55.720001220703125,55.720001220703125,12928
2021-11-30-10-12-00 GMT-0500,55.72999954223633,55.72999954223633,55.65999984741211,55.65999984741211,55.65999984741211,11330
2021-11-30-10-13-00 GMT-0500,55.66999816894531,55.66999816894531,55.599998474121094,55.6150016784668,55.6150016784668,18261
2021-11-30-10-14-00 GMT-0500,55.630001068115234,55.650001525878906,55.599998474121094,55.60499954223633,55.60499954223633,6028
2021-11-30-10-15-00 GMT-0500,55.599998474121094,55.650001525878906,55.59000015258789,55.63999938964844,55.63999938964844,15798
2021-11-30-10-16-00 GMT-0500,55.650001525878906,55.65999984741211,55.61000061035156,55.63999938964844,55.63999938964844,10901
2021-11-30-10-17-00 GMT-0500,55.63999938964844,55.65999984741211,55.63999938964844,55.650001525878906,55.650001525878906,2496
2021-11-30-10-18-00 GMT-0500,55.638999938964844,55.66999816894531,55.58000183105469,55.58000183105469,55.58000183105469,15957
2021-11-30-10-19-00 GMT-0500,55.57979965209961,55.649898529052734,55.560001373291016,55.56999969482422,55.56999969482422,12213
2021-11-30-10-20-00 GMT-0500,55.560001373291016,55.560001373291016,55.400001525878906,55.459999084472656,55.459999084472656,70902
2021-11-30-10-21-00 GMT-0500,55.45000076293945,55.470001220703125,55.41899871826172,55.45009994506836,55.45009994506836,31658
2021-11-30-10-22-00 GMT-0500,55.45500183105469,55.45500183105469,55.31999969482422,55.31999969482422,55.31999969482422,25721
2021-11-30-10-23-00 GMT-0500,55.31999969482422,55.32500076293945,55.27000045776367,55.290000915527344,55.290000915527344,22680
2021-11-30-10-24-00 GMT-0500,55.27000045776367,55.34000015258789,55.27000045776367,55.34000015258789,55.34000015258789,9005
2021-11-30-10-25-00 GMT-0500,55.349998474121094,55.380001068115234,55.31660079956055,55.349998474121094,55.349998474121094,8748
2021-11-30-10-26-00 GMT-0500,55.34000015258789,55.41999816894531,55.279998779296875,55.29999923706055,55.29999923706055,10175
2021-11-30-10-27-00 GMT-0500,55.279998779296875,55.29999923706055,55.2400016784668,55.255001068115234,55.255001068115234,22473
2021-11-30-10-28-00 GMT-0500,55.25,55.33000183105469,55.25,55.33000183105469,55.33000183105469,20286
2021-11-30-10-29-00 GMT-0500,55.310001373291016,55.369998931884766,55.29499816894531,55.36009979248047,55.36009979248047,11317
2021-11-30-10-30-00 GMT-0500,55.36000061035156,55.459999084472656,55.349998474121094,55.439998626708984,55.439998626708984,14569
2021-11-30-10-31-00 GMT-0500,55.459999084472656,55.5099983215332,55.45140075683594,55.45140075683594,55.45140075683594,9634
2021-11-30-10-32-00 GMT-0500,55.470001220703125,55.5,55.43000030517578,55.470001220703125,55.470001220703125,14490
2021-11-30-10-33-00 GMT-0500,55.470001220703125,55.472801208496094,55.36000061035156,55.36000061035156,55.36000061035156,10017
2021-11-30-10-34-00 GMT-0500,55.3651008605957,55.38999938964844,55.29999923706055,55.33000183105469,55.33000183105469,33817
2021-11-30-10-35-00 GMT-0500,55.32500076293945,55.47999954223633,55.310001373291016,55.43000030517578,55.43000030517578,21628
2021-11-30-10-36-00 GMT-0500,55.43230056762695,55.435001373291016,55.27000045776367,55.36000061035156,55.36000061035156,13214
2021-11-30-10-37-00 GMT-0500,55.349998474121094,55.3849983215332,55.312599182128906,55.36000061035156,55.36000061035156,8047
2021-11-30-10-38-00 GMT-0500,55.380001068115234,55.400001525878906,55.29999923706055,55.34000015258789,55.34000015258789,12560
2021-11-30-10-39-00 GMT-0500,55.34000015258789,55.41999816894531,55.34000015258789,55.34000015258789,55.34000015258789,11606
2021-11-30-10-40-00 GMT-0500,55.36000061035156,55.41999816894531,55.36000061035156,55.38999938964844,55.38999938964844,18950
2021-11-30-10-41-00 GMT-0500,55.3849983215332,55.41999816894531,55.36000061035156,55.400001525878906,55.400001525878906,11947
2021-11-30-10-42-00 GMT-0500,55.38999938964844,55.40879821777344,55.38999938964844,55.400001525878906,55.400001525878906,7287
2021-11-30-10-43-00 GMT-0500,55.38999938964844,55.38999938964844,55.349998474121094,55.380001068115234,55.380001068115234,36704
2021-11-30-10-44-00 GMT-0500,55.380001068115234,55.38999938964844,55.33000183105469,55.33000183105469,55.33000183105469,42725
2021-11-30-10-45-00 GMT-0500,55.33000183105469,55.33000183105469,55.279998779296875,55.28499984741211,55.28499984741211,16889
2021-11-30-10-46-00 GMT-0500,55.279998779296875,55.34000015258789,55.2599983215332,55.34000015258789,55.34000015258789,12417
2021-11-30-10-47-00 GMT-0500,55.34000015258789,55.349998474121094,55.220001220703125,55.220001220703125,55.220001220703125,35821
2021-11-30-10-48-00 GMT-0500,55.22999954223633,55.310001373291016,55.22999954223633,55.29499816894531,55.29499816894531,20048
2021-11-30-10-49-00 GMT-0500,55.29999923706055,55.310001373291016,55.25,55.27000045776367,55.27000045776367,21363
2021-11-30-10-50-00 GMT-0500,55.27000045776367,55.279998779296875,55.199100494384766,55.24589920043945,55.24589920043945,23637
2021-11-30-10-51-00 GMT-0500,55.2400016784668,55.28929901123047,55.22999954223633,55.279998779296875,55.279998779296875,10998
2021-11-30-10-52-00 GMT-0500,55.27000045776367,55.279998779296875,55.13999938964844,55.13999938964844,55.13999938964844,14976
2021-11-30-10-53-00 GMT-0500,55.15999984741211,55.16999816894531,54.95000076293945,55.0,55.0,144926
2021-11-30-10-54-00 GMT-0500,55.0098991394043,55.0098991394043,54.939998626708984,54.970001220703125,54.970001220703125,22067
2021-11-30-10-55-00 GMT-0500,54.97999954223633,55.040000915527344,54.95000076293945,55.03010177612305,55.03010177612305,13223
2021-11-30-10-56-00 GMT-0500,55.029998779296875,55.058998107910156,54.939998626708984,54.939998626708984,54.939998626708984,18267
2021-11-30-10-57-00 GMT-0500,54.959999084472656,54.97999954223633,54.90999984741211,54.92499923706055,54.92499923706055,12811
2021-11-30-10-58-00 GMT-0500,54.91999816894531,54.91999816894531,54.849998474121094,54.869998931884766,54.869998931884766,22871
2021-11-30-10-59-00 GMT-0500,54.869998931884766,54.88140106201172,54.82500076293945,54.86000061035156,54.86000061035156,18690
2021-11-30-11-00-00 GMT-0500,54.86000061035156,54.90999984741211,54.849998474121094,54.869998931884766,54.869998931884766,16742
2021-11-30-11-01-00 GMT-0500,54.86000061035156,54.88999938964844,54.81999969482422,54.88999938964844,54.88999938964844,8165
2021-11-30-11-02-00 GMT-0500,54.880001068115234,54.880001068115234,54.81999969482422,54.84000015258789,54.84000015258789,8446
2021-11-30-11-03-00 GMT-0500,54.849998474121094,54.9900016784668,54.845001220703125,54.97010040283203,54.97010040283203,13190
2021-11-30-11-04-00 GMT-0500,54.970001220703125,54.994998931884766,54.939998626708984,54.95000076293945,54.95000076293945,12061
2021-11-30-11-05-00 GMT-0500,54.95000076293945,54.970001220703125,54.91999816894531,54.95000076293945,54.95000076293945,17105
2021-11-30-11-06-00 GMT-0500,54.95000076293945,54.95000076293945,54.84000015258789,54.939998626708984,54.939998626708984,38552
2021-11-30-11-07-00 GMT-0500,54.939998626708984,54.959999084472656,54.900001525878906,54.93000030517578,54.93000030517578,11796
2021-11-30-11-08-00 GMT-0500,54.92399978637695,54.96500015258789,54.91999816894531,54.95500183105469,54.95500183105469,10912
2021-11-30-11-09-00 GMT-0500,54.959999084472656,54.959999084472656,54.89899826049805,54.900001525878906,54.900001525878906,13466
2021-11-30-11-10-00 GMT-0500,54.900001525878906,54.90999984741211,54.86000061035156,54.88999938964844,54.88999938964844,12859
2021-11-30-11-11-00 GMT-0500,54.88999938964844,54.95000076293945,54.88999938964844,54.93000030517578,54.93000030517578,13812
2021-11-30-11-12-00 GMT-0500,54.93000030517578,54.9900016784668,54.89550018310547,54.98550033569336,54.98550033569336,16611
2021-11-30-11-13-00 GMT-0500,54.9900016784668,55.0,54.939998626708984,55.0,55.0,8357
2021-11-30-11-14-00 GMT-0500,54.9900016784668,55.13999938964844,54.970001220703125,55.13999938964844,55.13999938964844,25140
2021-11-30-11-15-00 GMT-0500,55.150001525878906,55.20000076293945,55.13999938964844,55.18000030517578,55.18000030517578,19781
2021-11-30-11-16-00 GMT-0500,55.18000030517578,55.20000076293945,55.15999984741211,55.189998626708984,55.189998626708984,12651
2021-11-30-11-17-00 GMT-0500,55.19540023803711,55.279998779296875,55.189998626708984,55.279998779296875,55.279998779296875,16333
2021-11-30-11-18-00 GMT-0500,55.28010177612305,55.31999969482422,55.25590133666992,55.279998779296875,55.279998779296875,58744
2021-11-30-11-19-00 GMT-0500,55.290000915527344,55.290000915527344,55.22999954223633,55.2400016784668,55.2400016784668,17389
2021-11-30-11-20-00 GMT-0500,55.239898681640625,55.2599983215332,55.239898681640625,55.255001068115234,55.255001068115234,9893
2021-11-30-11-21-00 GMT-0500,55.25,55.25,55.060001373291016,55.08000183105469,55.08000183105469,23270
2021-11-30-11-22-00 GMT-0500,55.06999969482422,55.06999969482422,55.005001068115234,55.02000045776367,55.02000045776367,10304
2021-11-30-11-23-00 GMT-0500,55.02000045776367,55.02000045776367,54.95000076293945,54.959999084472656,54.959999084472656,21392
2021-11-30-11-24-00 GMT-0500,54.95009994506836,54.95009994506836,54.880001068115234,54.900001525878906,54.900001525878906,18100
2021-11-30-11-25-00 GMT-0500,54.900001525878906,54.91999816894531,54.869998931884766,54.88999938964844,54.88999938964844,14955
2021-11-30-11-26-00 GMT-0500,54.900001525878906,54.994998931884766,54.900001525878906,54.97999954223633,54.97999954223633,26660
2021-11-30-11-27-00 GMT-0500,54.979000091552734,55.02000045776367,54.979000091552734,54.994998931884766,54.994998931884766,7893
2021-11-30-11-28-00 GMT-0500,54.9994010925293,55.029998779296875,54.96500015258789,55.029998779296875,55.029998779296875,69697
2021-11-30-11-29-00 GMT-0500,55.02000045776367,55.119998931884766,54.970001220703125,55.09000015258789,55.09000015258789,27915
2021-11-30-11-30-00 GMT-0500,55.08000183105469,55.099998474121094,55.04999923706055,55.06999969482422,55.06999969482422,16594
2021-11-30-11-31-00 GMT-0500,55.06370162963867,55.08000183105469,54.99039840698242,55.00680160522461,55.00680160522461,4841
2021-11-30-11-32-00 GMT-0500,54.98500061035156,54.989898681640625,54.90169906616211,54.91999816894531,54.91999816894531,11044
2021-11-30-11-33-00 GMT-0500,54.91999816894531,54.95000076293945,54.88589859008789,54.95000076293945,54.95000076293945,13517
2021-11-30-11-34-00 GMT-0500,54.939998626708984,54.939998626708984,54.84000015258789,54.85499954223633,54.85499954223633,25862
2021-11-30-11-35-00 GMT-0500,54.849998474121094,54.88999938964844,54.81999969482422,54.83000183105469,54.83000183105469,26448
2021-11-30-11-36-00 GMT-0500,54.84000015258789,54.880001068115234,54.83000183105469,54.83060073852539,54.83060073852539,8471
2021-11-30-11-37-00 GMT-0500,54.84000015258789,54.849998474121094,54.81010055541992,54.84000015258789,54.84000015258789,14647
2021-11-30-11-38-00 GMT-0500,54.85499954223633,54.880001068115234,54.83000183105469,54.880001068115234,54.880001068115234,20009
2021-11-30-11-39-00 GMT-0500,54.880001068115234,54.91999816894531,54.849998474121094,54.88999938964844,54.88999938964844,8264
2021-11-30-11-40-00 GMT-0500,54.88999938964844,54.91999816894531,54.869998931884766,54.869998931884766,54.869998931884766,6018
2021-11-30-11-41-00 GMT-0500,54.869998931884766,54.900001525878906,54.849998474121094,54.875,54.875,8523
2021-11-30-11-42-00 GMT-0500,54.869998931884766,54.91999816894531,54.869998931884766,54.880001068115234,54.880001068115234,8376
2021-11-30-11-43-00 GMT-0500,54.88999938964844,54.900001525878906,54.83000183105469,54.84000015258789,54.84000015258789,13016
2021-11-30-11-44-00 GMT-0500,54.845001220703125,54.869998931884766,54.83000183105469,54.869998931884766,54.869998931884766,8404
2021-11-30-11-45-00 GMT-0500,54.880001068115234,54.88999938964844,54.779998779296875,54.790000915527344,54.790000915527344,35003
2021-11-30-11-46-00 GMT-0500,54.779998779296875,54.779998779296875,54.720001220703125,54.720001220703125,54.720001220703125,31702
2021-11-30-11-47-00 GMT-0500,54.720001220703125,54.75239944458008,54.70000076293945,54.72999954223633,54.72999954223633,8907
2021-11-30-11-48-00 GMT-0500,54.73899841308594,54.77000045776367,54.720001220703125,54.7599983215332,54.7599983215332,6196
2021-11-30-11-49-00 GMT-0500,54.7599983215332,54.77000045776367,54.709999084472656,54.72999954223633,54.72999954223633,7659
2021-11-30-11-50-00 GMT-0500,54.720001220703125,54.755001068115234,54.70000076293945,54.70309829711914,54.70309829711914,12074
2021-11-30-11-51-00 GMT-0500,54.70500183105469,54.760101318359375,54.70000076293945,54.73500061035156,54.73500061035156,15256
2021-11-30-11-52-00 GMT-0500,54.75,54.779998779296875,54.720001220703125,54.7599983215332,54.7599983215332,7297
2021-11-30-11-53-00 GMT-0500,54.75019836425781,54.78499984741211,54.72999954223633,54.72999954223633,54.72999954223633,16555
2021-11-30-11-54-00 GMT-0500,54.7400016784668,54.7599983215332,54.724998474121094,54.7400016784668,54.7400016784668,13087
2021-11-30-11-55-00 GMT-0500,54.7400016784668,54.77000045776367,54.70500183105469,54.709999084472656,54.709999084472656,12231
2021-11-30-11-56-00 GMT-0500,54.709999084472656,54.77000045776367,54.70500183105469,54.76350021362305,54.76350021362305,6331
2021-11-30-11-57-00 GMT-0500,54.76639938354492,54.81999969482422,54.7400016784668,54.779998779296875,54.779998779296875,65305
2021-11-30-11-58-00 GMT-0500,54.779998779296875,54.869998931884766,54.7505989074707,54.8672981262207,54.8672981262207,22491
2021-11-30-11-59-00 GMT-0500,54.849998474121094,54.90999984741211,54.81999969482422,54.900001525878906,54.900001525878906,19358
2021-11-30-12-00-00 GMT-0500,54.88999938964844,54.88999938964844,54.73860168457031,54.73860168457031,54.73860168457031,13886
2021-11-30-12-01-00 GMT-0500,54.720001220703125,54.72999954223633,54.665000915527344,54.689998626708984,54.689998626708984,97849
2021-11-30-12-02-00 GMT-0500,54.68600082397461,54.744998931884766,54.66999816894531,54.6796989440918,54.6796989440918,15248
2021-11-30-12-03-00 GMT-0500,54.66999816894531,54.685001373291016,54.654998779296875,54.68000030517578,54.68000030517578,8245
2021-11-30-12-04-00 GMT-0500,54.68560028076172,54.70000076293945,54.61000061035156,54.630001068115234,54.630001068115234,38439
2021-11-30-12-05-00 GMT-0500,54.630001068115234,54.70000076293945,54.619998931884766,54.689998626708984,54.689998626708984,23556
2021-11-30-12-06-00 GMT-0500,54.68299865722656,54.68299865722656,54.51179885864258,54.51179885864258,54.51179885864258,38787
2021-11-30-12-07-00 GMT-0500,54.52000045776367,54.52000045776367,54.40999984741211,54.43000030517578,54.43000030517578,76516
2021-11-30-12-08-00 GMT-0500,54.439998626708984,54.470001220703125,54.43000030517578,54.439998626708984,54.439998626708984,10259
2021-11-30-12-09-00 GMT-0500,54.45000076293945,54.5099983215332,54.45000076293945,54.5099983215332,54.5099983215332,9313
2021-11-30-12-10-00 GMT-0500,54.56999969482422,54.599998474121094,54.529998779296875,54.599998474121094,54.599998474121094,10408
2021-11-30-12-11-00 GMT-0500,54.59000015258789,54.599998474121094,54.47999954223633,54.47999954223633,54.47999954223633,9212
2021-11-30-12-12-00 GMT-0500,54.5099983215332,54.66999816894531,54.5099983215332,54.66999816894531,54.66999816894531,13745
2021-11-30-12-13-00 GMT-0500,54.65999984741211,54.65999984741211,54.59000015258789,54.61000061035156,54.61000061035156,6329
2021-11-30-12-14-00 GMT-0500,54.61000061035156,54.61000061035156,54.57500076293945,54.58000183105469,54.58000183105469,4690
2021-11-30-12-15-00 GMT-0500,54.56010055541992,54.65999984741211,54.540000915527344,54.54999923706055,54.54999923706055,22016
2021-11-30-12-16-00 GMT-0500,54.5796012878418,54.63999938964844,54.5796012878418,54.62950134277344,54.62950134277344,8550
2021-11-30-12-17-00 GMT-0500,54.61000061035156,54.625,54.56999969482422,54.6150016784668,54.6150016784668,9970
2021-11-30-12-18-00 GMT-0500,54.619998931884766,54.71500015258789,54.619998931884766,54.68000030517578,54.68000030517578,17977
2021-11-30-12-19-00 GMT-0500,54.689998626708984,54.7599983215332,54.654998779296875,54.720001220703125,54.720001220703125,10936
2021-11-30-12-20-00 GMT-0500,54.722599029541016,54.72999954223633,54.689998626708984,54.70000076293945,54.70000076293945,8131
2021-11-30-12-21-00 GMT-0500,54.709999084472656,54.720001220703125,54.66350173950195,54.67499923706055,54.67499923706055,3293
2021-11-30-12-22-00 GMT-0500,54.68000030517578,54.68000030517578,54.630001068115234,54.650001525878906,54.650001525878906,5271
2021-11-30-12-23-00 GMT-0500,54.63999938964844,54.64500045776367,54.57500076293945,54.59000015258789,54.59000015258789,5336
2021-11-30-12-24-00 GMT-0500,54.59000015258789,54.673500061035156,54.5890007019043,54.66999816894531,54.66999816894531,10539
2021-11-30-12-25-00 GMT-0500,54.66999816894531,54.70000076293945,54.61000061035156,54.658599853515625,54.658599853515625,9839
2021-11-30-12-26-00 GMT-0500,54.650001525878906,54.685001373291016,54.61000061035156,54.66830062866211,54.66830062866211,38902
2021-11-30-12-27-00 GMT-0500,54.65999984741211,54.69499969482422,54.650001525878906,54.689998626708984,54.689998626708984,8654
2021-11-30-12-28-00 GMT-0500,54.689998626708984,54.69499969482422,54.685001373291016,54.69200134277344,54.69200134277344,7014
2021-11-30-12-29-00 GMT-0500,54.69499969482422,54.72610092163086,54.689998626708984,54.724998474121094,54.724998474121094,18108
2021-11-30-12-30-00 GMT-0500,54.724998474121094,54.724998474121094,54.65999984741211,54.689998626708984,54.689998626708984,16848
2021-11-30-12-31-00 GMT-0500,54.689998626708984,54.709999084472656,54.66999816894531,54.709999084472656,54.709999084472656,8067
2021-11-30-12-32-00 GMT-0500,54.709999084472656,54.75,54.689998626708984,54.72999954223633,54.72999954223633,9219
2021-11-30-12-33-00 GMT-0500,54.72999954223633,54.79999923706055,54.72999954223633,54.790000915527344,54.790000915527344,8082
2021-11-30-12-34-00 GMT-0500,54.81999969482422,54.86000061035156,54.7947998046875,54.7947998046875,54.7947998046875,11625
2021-11-30-12-35-00 GMT-0500,54.790000915527344,54.810001373291016,54.790000915527344,54.79999923706055,54.79999923706055,14129
2021-11-30-12-36-00 GMT-0500,54.79999923706055,54.81999969482422,54.779998779296875,54.80009841918945,54.80009841918945,4064
2021-11-30-12-37-00 GMT-0500,54.79999923706055,54.79999923706055,54.72999954223633,54.72999954223633,54.72999954223633,15830
2021-11-30-12-38-00 GMT-0500,54.720001220703125,54.720001220703125,54.70000076293945,54.720001220703125,54.720001220703125,8204
2021-11-30-12-39-00 GMT-0500,54.69499969482422,54.69900131225586,54.65999984741211,54.68000030517578,54.68000030517578,5752
2021-11-30-12-40-00 GMT-0500,54.685001373291016,54.689998626708984,54.63999938964844,54.63999938964844,54.63999938964844,6013
2021-11-30-12-41-00 GMT-0500,54.64390182495117,54.65999984741211,54.630001068115234,54.65999984741211,54.65999984741211,8242
2021-11-30-12-42-00 GMT-0500,54.65999984741211,54.65999984741211,54.61000061035156,54.619998931884766,54.619998931884766,4983
2021-11-30-12-43-00 GMT-0500,54.630001068115234,54.70000076293945,54.630001068115234,54.689998626708984,54.689998626708984,4781
2021-11-30-12-44-00 GMT-0500,54.68000030517578,54.78030014038086,54.68000030517578,54.77000045776367,54.77000045776367,7612
2021-11-30-12-45-00 GMT-0500,54.7599983215332,54.809200286865234,54.709999084472656,54.709999084472656,54.709999084472656,9106
2021-11-30-12-46-00 GMT-0500,54.720001220703125,54.75,54.65999984741211,54.66999816894531,54.66999816894531,5212
2021-11-30-12-47-00 GMT-0500,54.65999984741211,54.68000030517578,54.630001068115234,54.630001068115234,54.630001068115234,5378
2021-11-30-12-48-00 GMT-0500,54.63990020751953,54.659400939941406,54.619998931884766,54.63999938964844,54.63999938964844,3596
2021-11-30-12-49-00 GMT-0500,54.63999938964844,54.63999938964844,54.58000183105469,54.58300018310547,54.58300018310547,5567
2021-11-30-12-50-00 GMT-0500,54.59000015258789,54.619998931884766,54.56990051269531,54.61000061035156,54.61000061035156,16264
2021-11-30-12-51-00 GMT-0500,54.619998931884766,54.75,54.61840057373047,54.72999954223633,54.72999954223633,17063
2021-11-30-12-52-00 GMT-0500,54.720001220703125,54.72999954223633,54.685001373291016,54.72999954223633,54.72999954223633,14047
2021-11-30-12-53-00 GMT-0500,54.720001220703125,54.7400016784668,54.709999084472656,54.72999954223633,54.72999954223633,12261
2021-11-30-12-54-00 GMT-0500,54.72999954223633,54.75510025024414,54.70000076293945,54.70000076293945,54.70000076293945,9588
2021-11-30-12-55-00 GMT-0500,54.689998626708984,54.70000076293945,54.630001068115234,54.630001068115234,54.630001068115234,5606
2021-11-30-12-56-00 GMT-0500,54.61000061035156,54.650001525878906,54.599998474121094,54.63999938964844,54.63999938964844,18261
2021-11-30-12-57-00 GMT-0500,54.619998931884766,54.619998931884766,54.56999969482422,54.59000015258789,54.59000015258789,6507
2021-11-30-12-58-00 GMT-0500,54.599998474121094,54.60499954223633,54.56999969482422,54.56999969482422,54.56999969482422,3016
2021-11-30-12-59-00 GMT-0500,54.59000015258789,54.59000015258789,54.564998626708984,54.58000183105469,54.58000183105469,8091
2021-11-30-13-00-00 GMT-0500,54.599998474121094,54.599998474121094,54.56999969482422,54.58000183105469,54.58000183105469,3484
2021-11-30-13-01-00 GMT-0500,54.59000015258789,54.61000061035156,54.59000015258789,54.595001220703125,54.595001220703125,4049
2021-11-30-13-02-00 GMT-0500,54.59000015258789,54.59000015258789,54.529998779296875,54.540000915527344,54.540000915527344,6287
2021-11-30-13-03-00 GMT-0500,54.54330062866211,54.54499816894531,54.523799896240234,54.53499984741211,54.53499984741211,6597
2021-11-30-13-04-00 GMT-0500,54.529998779296875,54.54499816894531,54.5,54.52299880981445,54.52299880981445,20194
2021-11-30-13-05-00 GMT-0500,54.529998779296875,54.58000183105469,54.52159881591797,54.560001373291016,54.560001373291016,13772
2021-11-30-13-06-00 GMT-0500,54.56999969482422,54.599998474121094,54.564998626708984,54.59519958496094,54.59519958496094,5689
2021-11-30-13-07-00 GMT-0500,54.61000061035156,54.65999984741211,54.61000061035156,54.65999984741211,54.65999984741211,14680
2021-11-30-13-08-00 GMT-0500,54.66999816894531,54.66999816894531,54.599998474121094,54.599998474121094,54.599998474121094,5810
2021-11-30-13-09-00 GMT-0500,54.59000015258789,54.609798431396484,54.57500076293945,54.59000015258789,54.59000015258789,7957
2021-11-30-13-10-00 GMT-0500,54.58000183105469,54.58000183105469,54.559898376464844,54.56999969482422,54.56999969482422,4471
2021-11-30-13-11-00 GMT-0500,54.58000183105469,54.599998474121094,54.56999969482422,54.599998474121094,54.599998474121094,12164
2021-11-30-13-12-00 GMT-0500,54.61000061035156,54.6349983215332,54.60499954223633,54.63090133666992,54.63090133666992,4872
2021-11-30-13-13-00 GMT-0500,54.630001068115234,54.630001068115234,54.58000183105469,54.61000061035156,54.61000061035156,7900
2021-11-30-13-14-00 GMT-0500,54.619998931884766,54.619998931884766,54.58000183105469,54.58000183105469,54.58000183105469,12668
2021-11-30-13-15-00 GMT-0500,54.58000183105469,54.650001525878906,54.56999969482422,54.63999938964844,54.63999938964844,18778
2021-11-30-13-16-00 GMT-0500,54.63999938964844,54.720001220703125,54.6349983215332,54.68000030517578,54.68000030517578,17364
2021-11-30-13-17-00 GMT-0500,54.65999984741211,54.65999984741211,54.58000183105469,54.599998474121094,54.599998474121094,4224
2021-11-30-13-18-00 GMT-0500,54.61000061035156,54.630001068115234,54.599998474121094,54.61000061035156,54.61000061035156,4602
2021-11-30-13-19-00 GMT-0500,54.599998474121094,54.619998931884766,54.59000015258789,54.60710144042969,54.60710144042969,6746
2021-11-30-13-20-00 GMT-0500,54.599998474121094,54.599998474121094,54.54999923706055,54.56999969482422,54.56999969482422,8890
2021-11-30-13-21-00 GMT-0500,54.56999969482422,54.58000183105469,54.52000045776367,54.58000183105469,54.58000183105469,12516
2021-11-30-13-22-00 GMT-0500,54.573001861572266,54.66999816894531,54.573001861572266,54.66999816894531,54.66999816894531,4724
2021-11-30-13-23-00 GMT-0500,54.68000030517578,54.7599983215332,54.68000030517578,54.7400016784668,54.7400016784668,5540
2021-11-30-13-24-00 GMT-0500,54.730201721191406,54.7599983215332,54.69860076904297,54.7599983215332,54.7599983215332,7002
2021-11-30-13-25-00 GMT-0500,54.7599983215332,54.7599983215332,54.70000076293945,54.709999084472656,54.709999084472656,5845
2021-11-30-13-26-00 GMT-0500,54.70000076293945,54.70989990234375,54.63999938964844,54.65999984741211,54.65999984741211,4720
2021-11-30-13-27-00 GMT-0500,54.65999984741211,54.68000030517578,54.650001525878906,54.68000030517578,54.68000030517578,3999
2021-11-30-13-28-00 GMT-0500,54.685001373291016,54.720001220703125,54.65999984741211,54.70000076293945,54.70000076293945,3995
2021-11-30-13-29-00 GMT-0500,54.709999084472656,54.7599983215332,54.70000076293945,54.7599983215332,54.7599983215332,20486
2021-11-30-13-30-00 GMT-0500,54.769901275634766,54.849998474121094,54.72999954223633,54.83000183105469,54.83000183105469,12724
2021-11-30-13-31-00 GMT-0500,54.839599609375,54.849998474121094,54.81999969482422,54.8390998840332,54.8390998840332,8618
2021-11-30-13-32-00 GMT-0500,54.83000183105469,54.85960006713867,54.80500030517578,54.849998474121094,54.849998474121094,16375
2021-11-30-13-33-00 GMT-0500,54.849998474121094,54.849998474121094,54.79999923706055,54.80500030517578,54.80500030517578,6980
2021-11-30-13-34-00 GMT-0500,54.79999923706055,54.81999969482422,54.775001525878906,54.81999969482422,54.81999969482422,6536
2021-11-30-13-35-00 GMT-0500,54.79999923706055,54.869998931884766,54.79999923706055,54.86000061035156,54.86000061035156,4059
2021-11-30-13-36-00 GMT-0500,54.88999938964844,54.900001525878906,54.880001068115234,54.88999938964844,54.88999938964844,5569
2021-11-30-13-37-00 GMT-0500,54.88199996948242,54.90999984741211,54.88199996948242,54.900001525878906,54.900001525878906,12144
2021-11-30-13-38-00 GMT-0500,54.88999938964844,54.90999984741211,54.88999938964844,54.90999984741211,54.90999984741211,7002
2021-11-30-13-39-00 GMT-0500,54.9026985168457,54.904998779296875,54.86000061035156,54.8849983215332,54.8849983215332,7669
2021-11-30-13-40-00 GMT-0500,54.875,54.8849983215332,54.849998474121094,54.86000061035156,54.86000061035156,7761
2021-11-30-13-41-00 GMT-0500,54.86000061035156,54.875,54.83000183105469,54.869998931884766,54.869998931884766,15275
2021-11-30-13-42-00 GMT-0500,54.869998931884766,54.880001068115234,54.849998474121094,54.86000061035156,54.86000061035156,6824
2021-11-30-13-43-00 GMT-0500,54.86000061035156,54.86000061035156,54.849998474121094,54.86000061035156,54.86000061035156,2228
2021-11-30-13-44-00 GMT-0500,54.8650016784668,54.87919998168945,54.8650016784668,54.869998931884766,54.869998931884766,10493
2021-11-30-13-45-00 GMT-0500,54.875,54.8849983215332,54.790000915527344,54.79290008544922,54.79290008544922,34966
2021-11-30-13-46-00 GMT-0500,54.79999923706055,54.810001373291016,54.779998779296875,54.810001373291016,54.810001373291016,5861
2021-11-30-13-47-00 GMT-0500,54.810001373291016,54.81999969482422,54.78499984741211,54.80500030517578,54.80500030517578,12704
2021-11-30-13-48-00 GMT-0500,54.810001373291016,54.81999969482422,54.790000915527344,54.809898376464844,54.809898376464844,13158
2021-11-30-13-49-00 GMT-0500,54.80500030517578,54.81999969482422,54.79999923706055,54.79999923706055,54.79999923706055,11565
2021-11-30-13-50-00 GMT-0500,54.80500030517578,54.810001373291016,54.77000045776367,54.78969955444336,54.78969955444336,6213
2021-11-30-13-51-00 GMT-0500,54.79999923706055,54.86000061035156,54.79999923706055,54.86000061035156,54.86000061035156,6732
2021-11-30-13-52-00 GMT-0500,54.86000061035156,54.86000061035156,54.79499816894531,54.81999969482422,54.81999969482422,13009
2021-11-30-13-53-00 GMT-0500,54.84000015258789,54.90999984741211,54.83000183105469,54.90999984741211,54.90999984741211,8990
2021-11-30-13-54-00 GMT-0500,54.90999984741211,54.915000915527344,54.8849983215332,54.90999984741211,54.90999984741211,8611
2021-11-30-13-55-00 GMT-0500,54.91999816894531,54.959999084472656,54.91999816894531,54.94459915161133,54.94459915161133,4228
2021-11-30-13-56-00 GMT-0500,54.939998626708984,54.95000076293945,54.935001373291016,54.939998626708984,54.939998626708984,4732
2021-11-30-13-57-00 GMT-0500,54.93000030517578,54.93000030517578,54.9025993347168,54.909698486328125,54.909698486328125,4047
2021-11-30-13-58-00 GMT-0500,54.9099006652832,54.9099006652832,54.869998931884766,54.88999938964844,54.88999938964844,8243
2021-11-30-13-59-00 GMT-0500,54.89500045776367,54.94169998168945,54.89500045776367,54.93000030517578,54.93000030517578,16647
2021-11-30-14-00-00 GMT-0500,54.91999816894531,54.959999084472656,54.90999984741211,54.93000030517578,54.93000030517578,9295
2021-11-30-14-01-00 GMT-0500,54.93000030517578,54.939998626708984,54.880001068115234,54.900001525878906,54.900001525878906,14730
2021-11-30-14-02-00 GMT-0500,54.900001525878906,54.939998626708984,54.89310073852539,54.933998107910156,54.933998107910156,6517
2021-11-30-14-03-00 GMT-0500,54.939998626708984,54.959999084472656,54.93000030517578,54.95000076293945,54.95000076293945,10769
2021-11-30-14-04-00 GMT-0500,54.95000076293945,54.979698181152344,54.95000076293945,54.95500183105469,54.95500183105469,14107
2021-11-30-14-05-00 GMT-0500,54.95000076293945,54.9650993347168,54.900001525878906,54.95000076293945,54.95000076293945,40185
2021-11-30-14-06-00 GMT-0500,54.955501556396484,54.955501556396484,54.904998779296875,54.90999984741211,54.90999984741211,16338
2021-11-30-14-07-00 GMT-0500,54.90999984741211,54.970001220703125,54.90999984741211,54.962398529052734,54.962398529052734,9299
2021-11-30-14-08-00 GMT-0500,54.96820068359375,55.0,54.96820068359375,54.98500061035156,54.98500061035156,20971
2021-11-30-14-09-00 GMT-0500,54.980499267578125,55.0,54.96500015258789,54.9739990234375,54.9739990234375,21991
2021-11-30-14-10-00 GMT-0500,54.974998474121094,54.976200103759766,54.95500183105469,54.9650993347168,54.9650993347168,8854
2021-11-30-14-11-00 GMT-0500,54.970001220703125,54.97999954223633,54.959999084472656,54.970001220703125,54.970001220703125,19354
2021-11-30-14-12-00 GMT-0500,54.970001220703125,54.98500061035156,54.959999084472656,54.97999954223633,54.97999954223633,21424
2021-11-30-14-13-00 GMT-0500,54.97999954223633,54.97999954223633,54.95000076293945,54.970001220703125,54.970001220703125,11472
2021-11-30-14-14-00 GMT-0500,54.974998474121094,55.0,54.970001220703125,54.97999954223633,54.97999954223633,13550
2021-11-30-14-15-00 GMT-0500,54.97999954223633,55.0,54.959999084472656,54.970001220703125,54.970001220703125,20047
2021-11-30-14-16-00 GMT-0500,54.970001220703125,54.974998474121094,54.935001373291016,54.959999084472656,54.959999084472656,14824
2021-11-30-14-17-00 GMT-0500,54.959999084472656,54.98500061035156,54.95000076293945,54.959999084472656,54.959999084472656,38936
2021-11-30-14-18-00 GMT-0500,54.95000076293945,54.974998474121094,54.95000076293945,54.959999084472656,54.959999084472656,29065
2021-11-30-14-19-00 GMT-0500,54.95500183105469,54.957298278808594,54.91999816894531,54.95000076293945,54.95000076293945,14024
2021-11-30-14-20-00 GMT-0500,54.95500183105469,54.970001220703125,54.90999984741211,54.90999984741211,54.90999984741211,10474
2021-11-30-14-21-00 GMT-0500,54.90999984741211,54.92509841918945,54.900001525878906,54.90999984741211,54.90999984741211,10781
2021-11-30-14-22-00 GMT-0500,54.91999816894531,54.93000030517578,54.8942985534668,54.90999984741211,54.90999984741211,6675
2021-11-30-14-23-00 GMT-0500,54.91899871826172,54.91899871826172,54.880001068115234,54.880001068115234,54.880001068115234,7312
2021-11-30-14-24-00 GMT-0500,54.875,54.88999938964844,54.86000061035156,54.88999938964844,54.88999938964844,9457
2021-11-30-14-25-00 GMT-0500,54.88999938964844,54.93000030517578,54.88999938964844,54.917198181152344,54.917198181152344,8867
2021-11-30-14-26-00 GMT-0500,54.90999984741211,54.91999816894531,54.824501037597656,54.82929992675781,54.82929992675781,9003
2021-11-30-14-27-00 GMT-0500,54.82500076293945,54.86000061035156,54.81999969482422,54.849998474121094,54.849998474121094,10305
2021-11-30-14-28-00 GMT-0500,54.84000015258789,54.84000015258789,54.81999969482422,54.83000183105469,54.83000183105469,5169
2021-11-30-14-29-00 GMT-0500,54.84000015258789,54.849998474121094,54.82210159301758,54.83000183105469,54.83000183105469,17223
2021-11-30-14-30-00 GMT-0500,54.81999969482422,54.86000061035156,54.779998779296875,54.83000183105469,54.83000183105469,21272
2021-11-30-14-31-00 GMT-0500,54.834999084472656,54.880001068115234,54.834999084472656,54.84669876098633,54.84669876098633,8936
2021-11-30-14-32-00 GMT-0500,54.84000015258789,54.849998474121094,54.78499984741211,54.78499984741211,54.78499984741211,4430
2021-11-30-14-33-00 GMT-0500,54.779998779296875,54.83000183105469,54.779998779296875,54.810001373291016,54.810001373291016,11405
2021-11-30-14-34-00 GMT-0500,54.80500030517578,54.8650016784668,54.80500030517578,54.8650016784668,54.8650016784668,10846
2021-11-30-14-35-00 GMT-0500,54.86000061035156,54.88999938964844,54.85499954223633,54.88990020751953,54.88990020751953,8554
2021-11-30-14-36-00 GMT-0500,54.869998931884766,54.869998931884766,54.82500076293945,54.84000015258789,54.84000015258789,5202
2021-11-30-14-37-00 GMT-0500,54.849998474121094,54.91999816894531,54.849998474121094,54.88999938964844,54.88999938964844,16329
2021-11-30-14-38-00 GMT-0500,54.900001525878906,54.91999816894531,54.87459945678711,54.880001068115234,54.880001068115234,7414
2021-11-30-14-39-00 GMT-0500,54.880001068115234,54.88999938964844,54.86000061035156,54.869998931884766,54.869998931884766,4595
2021-11-30-14-40-00 GMT-0500,54.869998931884766,54.89500045776367,54.86000061035156,54.880001068115234,54.880001068115234,10130
2021-11-30-14-41-00 GMT-0500,54.900001525878906,54.91600036621094,54.880001068115234,54.88999938964844,54.88999938964844,11831
2021-11-30-14-42-00 GMT-0500,54.90999984741211,54.93000030517578,54.900001525878906,54.90999984741211,54.90999984741211,5405
2021-11-30-14-43-00 GMT-0500,54.91659927368164,54.95240020751953,54.89500045776367,54.95000076293945,54.95000076293945,14904
2021-11-30-14-44-00 GMT-0500,54.91999816894531,54.959999084472656,54.90999984741211,54.94499969482422,54.94499969482422,10013
2021-11-30-14-45-00 GMT-0500,54.939998626708984,54.974998474121094,54.93000030517578,54.93000030517578,54.93000030517578,12653
2021-11-30-14-46-00 GMT-0500,54.91999816894531,54.91999816894531,54.900001525878906,54.900001525878906,54.900001525878906,4722
2021-11-30-14-47-00 GMT-0500,54.904998779296875,54.90999984741211,54.86000061035156,54.86000061035156,54.86000061035156,7455
2021-11-30-14-48-00 GMT-0500,54.86000061035156,54.869598388671875,54.81999969482422,54.81999969482422,54.81999969482422,9129
2021-11-30-14-49-00 GMT-0500,54.83000183105469,54.84000015258789,54.810001373291016,54.83000183105469,54.83000183105469,7703
2021-11-30-14-50-00 GMT-0500,54.84000015258789,54.842201232910156,54.790000915527344,54.800899505615234,54.800899505615234,13983
2021-11-30-14-51-00 GMT-0500,54.810001373291016,54.83000183105469,54.779998779296875,54.80500030517578,54.80500030517578,10583
2021-11-30-14-52-00 GMT-0500,54.810001373291016,54.83000183105469,54.80500030517578,54.810001373291016,54.810001373291016,6539
2021-11-30-14-53-00 GMT-0500,54.810001373291016,54.81999969482422,54.77000045776367,54.790000915527344,54.790000915527344,17333
2021-11-30-14-54-00 GMT-0500,54.80500030517578,54.834999084472656,54.775001525878906,54.81999969482422,54.81999969482422,11675
2021-11-30-14-55-00 GMT-0500,54.810001373291016,54.86000061035156,54.79499816894531,54.859901428222656,54.859901428222656,11045
2021-11-30-14-56-00 GMT-0500,54.849998474121094,54.869998931884766,54.849998474121094,54.86650085449219,54.86650085449219,5062
2021-11-30-14-57-00 GMT-0500,54.86199951171875,54.8849983215332,54.849998474121094,54.8849983215332,54.8849983215332,12931
2021-11-30-14-58-00 GMT-0500,54.880001068115234,54.88999938964844,54.86000061035156,54.8849983215332,54.8849983215332,8864
2021-11-30-14-59-00 GMT-0500,54.8849983215332,54.93000030517578,54.875,54.93000030517578,54.93000030517578,8775
2021-11-30-15-00-00 GMT-0500,54.91999816894531,54.970001220703125,54.904998779296875,54.970001220703125,54.970001220703125,11018
2021-11-30-15-01-00 GMT-0500,54.970001220703125,54.974998474121094,54.94499969482422,54.959999084472656,54.959999084472656,39957
2021-11-30-15-02-00 GMT-0500,54.959999084472656,54.959999084472656,54.904998779296875,54.91999816894531,54.91999816894531,9935
2021-11-30-15-03-00 GMT-0500,54.92499923706055,54.96500015258789,54.92499923706055,54.96500015258789,54.96500015258789,6192
2021-11-30-15-04-00 GMT-0500,54.970001220703125,54.974998474121094,54.95000076293945,54.959999084472656,54.959999084472656,52797
2021-11-30-15-05-00 GMT-0500,54.970001220703125,54.97999954223633,54.94499969482422,54.970001220703125,54.970001220703125,34363
2021-11-30-15-06-00 GMT-0500,54.970001220703125,54.97999954223633,54.93000030517578,54.95500183105469,54.95500183105469,28287
2021-11-30-15-07-00 GMT-0500,54.959999084472656,55.029998779296875,54.95500183105469,55.029998779296875,55.029998779296875,25567
2021-11-30-15-08-00 GMT-0500,55.03499984741211,55.040000915527344,55.025001525878906,55.029998779296875,55.029998779296875,5444
2021-11-30-15-09-00 GMT-0500,55.03799819946289,55.05500030517578,54.95000076293945,54.95500183105469,54.95500183105469,12288
2021-11-30-15-10-00 GMT-0500,54.95000076293945,54.9900016784668,54.939998626708984,54.95000076293945,54.95000076293945,10670
2021-11-30-15-11-00 GMT-0500,54.94499969482422,55.0,54.939998626708984,54.9900016784668,54.9900016784668,14994
2021-11-30-15-12-00 GMT-0500,54.97999954223633,54.98500061035156,54.939998626708984,54.94499969482422,54.94499969482422,10597
2021-11-30-15-13-00 GMT-0500,54.939998626708984,54.959598541259766,54.93000030517578,54.93000030517578,54.93000030517578,5376
2021-11-30-15-14-00 GMT-0500,54.939998626708984,54.95000076293945,54.90999984741211,54.90999984741211,54.90999984741211,9083
2021-11-30-15-15-00 GMT-0500,54.91999816894531,54.95500183105469,54.91999816894531,54.939998626708984,54.939998626708984,9701
2021-11-30-15-16-00 GMT-0500,54.939998626708984,54.96910095214844,54.932701110839844,54.959999084472656,54.959999084472656,10132
2021-11-30-15-17-00 GMT-0500,54.959999084472656,54.959999084472656,54.93000030517578,54.94839859008789,54.94839859008789,6251
2021-11-30-15-18-00 GMT-0500,54.94499969482422,54.95000076293945,54.91360092163086,54.95000076293945,54.95000076293945,12534
2021-11-30-15-19-00 GMT-0500,54.95000076293945,54.952999114990234,54.939998626708984,54.952999114990234,54.952999114990234,9311
2021-11-30-15-20-00 GMT-0500,54.95000076293945,54.96500015258789,54.95000076293945,54.959999084472656,54.959999084472656,9600
2021-11-30-15-21-00 GMT-0500,54.96500015258789,55.02000045776367,54.959999084472656,54.994998931884766,54.994998931884766,48283
2021-11-30-15-22-00 GMT-0500,54.994998931884766,55.009300231933594,54.974998474121094,54.974998474121094,54.974998474121094,10140
2021-11-30-15-23-00 GMT-0500,54.970001220703125,54.97999954223633,54.959999084472656,54.970001220703125,54.970001220703125,10419
2021-11-30-15-24-00 GMT-0500,54.974998474121094,54.994998931884766,54.959999084472656,54.959999084472656,54.959999084472656,32730
2021-11-30-15-25-00 GMT-0500,54.959999084472656,54.959999084472656,54.88999938964844,54.88999938964844,54.88999938964844,26235
2021-11-30-15-26-00 GMT-0500,54.900001525878906,54.96839904785156,54.900001525878906,54.94499969482422,54.94499969482422,11327
2021-11-30-15-27-00 GMT-0500,54.95100021362305,54.97999954223633,54.939998626708984,54.95500183105469,54.95500183105469,22254
2021-11-30-15-28-00 GMT-0500,54.959999084472656,54.97999954223633,54.959999084472656,54.974998474121094,54.974998474121094,14788
2021-11-30-15-29-00 GMT-0500,54.97809982299805,54.97809982299805,54.93000030517578,54.939998626708984,54.939998626708984,9598
2021-11-30-15-30-00 GMT-0500,54.93000030517578,54.970001220703125,54.91999816894531,54.959999084472656,54.959999084472656,10430
2021-11-30-15-31-00 GMT-0500,54.959999084472656,55.0099983215332,54.95000076293945,55.0,55.0,16774
2021-11-30-15-32-00 GMT-0500,55.0,55.06999969482422,55.0,55.05500030517578,55.05500030517578,16017
2021-11-30-15-33-00 GMT-0500,55.053001403808594,55.119998931884766,55.053001403808594,55.095001220703125,55.095001220703125,39961
2021-11-30-15-34-00 GMT-0500,55.095001220703125,55.09989929199219,55.04499816894531,55.07500076293945,55.07500076293945,31186
2021-11-30-15-35-00 GMT-0500,55.06999969482422,55.09000015258789,55.0099983215332,55.0099983215332,55.0099983215332,29418
2021-11-30-15-36-00 GMT-0500,55.02000045776367,55.03499984741211,55.0,55.025001525878906,55.025001525878906,23585
2021-11-30-15-37-00 GMT-0500,55.025001525878906,55.084999084472656,55.0099983215332,55.065399169921875,55.065399169921875,27008
2021-11-30-15-38-00 GMT-0500,55.064998626708984,55.13999938964844,55.064998626708984,55.130001068115234,55.130001068115234,25652
2021-11-30-15-39-00 GMT-0500,55.130001068115234,55.130001068115234,55.10499954223633,55.1150016784668,55.1150016784668,19867
2021-11-30-15-40-00 GMT-0500,55.1150016784668,55.13740158081055,55.11000061035156,55.1349983215332,55.1349983215332,20781
2021-11-30-15-41-00 GMT-0500,55.1349983215332,55.15999984741211,55.08000183105469,55.084999084472656,55.084999084472656,29432
2021-11-30-15-42-00 GMT-0500,55.084999084472656,55.10499954223633,55.07500076293945,55.10499954223633,55.10499954223633,29884
2021-11-30-15-43-00 GMT-0500,55.10499954223633,55.18000030517578,55.10499954223633,55.17499923706055,55.17499923706055,38594
2021-11-30-15-44-00 GMT-0500,55.17499923706055,55.25,55.17499923706055,55.2400016784668,55.2400016784668,40594
2021-11-30-15-45-00 GMT-0500,55.244998931884766,55.28499984741211,55.21500015258789,55.21500015258789,55.21500015258789,80178
2021-11-30-15-46-00 GMT-0500,55.220001220703125,55.22999954223633,55.189998626708984,55.224998474121094,55.224998474121094,34993
2021-11-30-15-47-00 GMT-0500,55.22999954223633,55.244998931884766,55.15999984741211,55.16999816894531,55.16999816894531,48681
2021-11-30-15-48-00 GMT-0500,55.17499923706055,55.17499923706055,55.06999969482422,55.08000183105469,55.08000183105469,43907
2021-11-30-15-49-00 GMT-0500,55.06999969482422,55.06999969482422,54.95000076293945,54.970001220703125,54.970001220703125,40093
2021-11-30-15-50-00 GMT-0500,54.970001220703125,54.970001220703125,54.8650016784668,54.935001373291016,54.935001373291016,52300
2021-11-30-15-51-00 GMT-0500,54.939998626708984,54.939998626708984,54.88999938964844,54.904998779296875,54.904998779296875,16119
2021-11-30-15-52-00 GMT-0500,54.849998474121094,54.85499954223633,54.849998474121094,54.849998474121094,54.849998474121094,36007
2021-11-30-15-53-00 GMT-0500,54.849998474121094,54.849998474121094,54.810001373291016,54.845001220703125,54.845001220703125,24771
2021-11-30-15-54-00 GMT-0500,54.849998474121094,54.88999938964844,54.81999969482422,54.849998474121094,54.849998474121094,45436
2021-11-30-15-55-00 GMT-0500,54.845001220703125,54.849998474121094,54.720001220703125,54.81999969482422,54.81999969482422,175500
2021-11-30-15-56-00 GMT-0500,54.814998626708984,54.87990188598633,54.80009841918945,54.84000015258789,54.84000015258789,74189
2021-11-30-15-57-00 GMT-0500,54.839900970458984,54.86000061035156,54.79999923706055,54.86000061035156,54.86000061035156,59779
2021-11-30-15-58-00 GMT-0500,54.85499954223633,54.970001220703125,54.849998474121094,54.959999084472656,54.959999084472656,103894
2021-11-30-15-59-00 GMT-0500,54.95000076293945,54.959999084472656,54.88999938964844,54.90999984741211,54.90999984741211,142455
2021-11-30-16-00-00 GMT-0500,54.93,54.99,54.93,54.93,54.93,2698133
2021-11-30-16-01-00 GMT-0500,54.93,54.93,54.93,54.93,54.93,0
2021-11-30-16-04-00 GMT-0500,54.93,55.1,54.9273,54.9316,54.9316,0
2021-11-30-16-05-00 GMT-0500,54.93,55.28,54.93,55.28,55.28,0
2021-11-30-16-06-00 GMT-0500,55.1,55.1,55.1,55.1,55.1,0
2021-11-30-16-09-00 GMT-0500,55.14,55.14,55.14,55.14,55.14,0
2021-11-30-16-11-00 GMT-0500,55.29,55.29,55.24,55.25,55.25,0
2021-11-30-16-12-00 GMT-0500,55.23,55.23,54.93,54.93,54.93,0
2021-11-30-16-14-00 GMT-0500,55.22,55.22,55.22,55.22,55.22,0
2021-11-30-16-16-00 GMT-0500,55.2,55.2,55.2,55.2,55.2,0
2021-11-30-16-18-00 GMT-0500,55.15,55.15,55.15,55.15,55.15,0
2021-11-30-16-19-00 GMT-0500,55.19,55.19,54.93,55.19,55.19,0
2021-11-30-16-22-00 GMT-0500,55.2,55.2,54.93,54.93,54.93,0
2021-11-30-16-25-00 GMT-0500,55.21,55.21,54.93,54.93,54.93,0
2021-11-30-16-26-00 GMT-0500,55.14,55.14,54.93,54.93,54.93,0
2021-11-30-16-27-00 GMT-0500,55.2,55.25,55.2,55.21,55.21,0
2021-11-30-16-29-00 GMT-0500,55.49,55.49,55.49,55.49,55.49,0
2021-11-30-16-30-00 GMT-0500,54.936153,54.936153,54.936153,54.936153,54.936153,0
2021-11-30-16-36-00 GMT-0500,55.48,55.48,55.48,55.48,55.48,0
2021-11-30-16-38-00 GMT-0500,55.35,55.35,54.93,54.93,54.93,0
2021-11-30-16-47-00 GMT-0500,55.34,55.34,55.34,55.34,55.34,0
2021-11-30-17-01-00 GMT-0500,55.35,55.35,55.35,55.35,55.35,0
2021-11-30-17-08-00 GMT-0500,55.34,55.35,55.34,55.35,55.35,0
2021-11-30-17-11-00 GMT-0500,55.3,55.3,55.3,55.3,55.3,0
2021-11-30-17-30-00 GMT-0500,55.02,55.02,55.02,55.02,55.02,0
2021-11-30-17-41-00 GMT-0500,55.25,55.25,55.25,55.25,55.25,0
2021-11-30-17-48-00 GMT-0500,55.33,55.33,55.33,55.33,55.33,0
2021-11-30-18-20-00 GMT-0500,55.08,55.08,55.08,55.08,55.08,0
2021-11-30-18-23-00 GMT-0500,55.29,55.29,55.29,55.29,55.29,0
2021-11-30-19-07-00 GMT-0500,55.28,55.28,55.28,55.28,55.28,0
2021-11-30-19-19-00 GMT-0500,55.28,55.28,55.26,55.26,55.26,0
2021-11-30-19-41-00 GMT-0500,55.15,55.15,55.1,55.1,55.1,0
2021-11-30-19-42-00 GMT-0500,55.33,55.33,55.09,55.09,55.09,0
2021-11-30-19-58-00 GMT-0500,55.03,55.25,55.03,55.25,55.25,0
