Date,Open,High,Low,Close,Volume,Dividends,Stock Splits
2021-04-08,0.79,0.79,0.79,0.79,10,0,0
2021-04-23,0.29,0.29,0.29,0.29,1,0,0
2021-05-03,0.03,0.03,0.03,0.03,0,0,0
