Datetime,Open,High,Low,Close,Adj Close,Volume
2022-02-15-04-00-00 GMT-0500,59.26,61.33,59.26,61.3,61.3,0
2022-02-15-04-02-00 GMT-0500,61.25,61.25,61.15,61.17,61.17,0
2022-02-15-04-04-00 GMT-0500,61.15,61.27,61.13,61.27,61.27,0
2022-02-15-04-06-00 GMT-0500,61.25,61.32,61.21,61.32,61.32,0
2022-02-15-04-08-00 GMT-0500,61.32,61.47,61.3,61.47,61.47,0
2022-02-15-04-10-00 GMT-0500,61.39,61.39,61.28,61.34,61.34,0
2022-02-15-04-12-00 GMT-0500,61.37,61.37,61.17,61.17,61.17,0
2022-02-15-04-14-00 GMT-0500,61.18,61.32,61.15,61.32,61.32,0
2022-02-15-04-16-00 GMT-0500,61.38,61.5,61.37,61.5,61.5,0
2022-02-15-04-18-00 GMT-0500,61.56,61.63,61.54,61.54,61.54,0
2022-02-15-04-20-00 GMT-0500,61.54,61.57,61.5,61.5,61.5,0
2022-02-15-04-22-00 GMT-0500,61.59,61.63,61.57,61.61,61.61,0
2022-02-15-04-24-00 GMT-0500,61.61,61.64,61.54,61.64,61.64,0
2022-02-15-04-26-00 GMT-0500,61.61,61.61,61.52,61.52,61.52,0
2022-02-15-04-28-00 GMT-0500,61.5,61.52,61.47,61.47,61.47,0
2022-02-15-04-30-00 GMT-0500,61.49,61.53,61.47,61.47,61.47,0
2022-02-15-04-32-00 GMT-0500,61.5,61.55,61.49,61.49,61.49,0
2022-02-15-04-34-00 GMT-0500,61.49,61.5,61.45,61.45,61.45,0
2022-02-15-04-36-00 GMT-0500,61.42,61.52,61.42,61.52,61.52,0
2022-02-15-04-38-00 GMT-0500,61.49,61.52,61.42,61.42,61.42,0
2022-02-15-04-40-00 GMT-0500,61.47,61.5,61.45,61.5,61.5,0
2022-02-15-04-42-00 GMT-0500,61.49,61.49,61.4,61.4,61.4,0
2022-02-15-04-44-00 GMT-0500,61.4,61.42,61.38,61.38,61.38,0
2022-02-15-04-46-00 GMT-0500,61.36,61.37,61.34,61.37,61.37,0
2022-02-15-04-48-00 GMT-0500,61.38,61.52,61.38,61.52,61.52,0
2022-02-15-04-50-00 GMT-0500,61.49,61.49,61.44,61.45,61.45,0
2022-02-15-04-52-00 GMT-0500,61.43,61.44,61.32,61.33,61.33,0
2022-02-15-04-54-00 GMT-0500,61.3,61.38,61.3,61.35,61.35,0
2022-02-15-04-56-00 GMT-0500,61.32,61.44,61.32,61.44,61.44,0
2022-02-15-04-58-00 GMT-0500,61.43,61.43,61.4,61.4,61.4,0
2022-02-15-05-00-00 GMT-0500,61.46,61.76,61.46,61.6,61.6,0
2022-02-15-05-02-00 GMT-0500,61.51,61.55,61.5,61.53,61.53,0
2022-02-15-05-04-00 GMT-0500,61.49,61.49,61.38,61.38,61.38,0
2022-02-15-05-06-00 GMT-0500,61.4,61.48,61.4,61.48,61.48,0
2022-02-15-05-08-00 GMT-0500,61.45,61.48,61.43,61.43,61.43,0
2022-02-15-05-10-00 GMT-0500,61.4,61.4,61.35,61.35,61.35,0
2022-02-15-05-14-00 GMT-0500,61.35,61.35,61.33,61.35,61.35,0
2022-02-15-05-16-00 GMT-0500,61.44,61.5,61.44,61.5,61.5,0
2022-02-15-05-18-00 GMT-0500,61.42,61.43,61.36,61.42,61.42,0
2022-02-15-05-20-00 GMT-0500,61.49,61.49,61.49,61.49,61.49,0
2022-02-15-05-22-00 GMT-0500,61.52,61.52,61.1,61.1,61.1,0
2022-02-15-05-24-00 GMT-0500,61.11,61.3,61.11,61.17,61.17,0
2022-02-15-05-26-00 GMT-0500,61.26,61.34,61.26,61.3,61.3,0
2022-02-15-05-28-00 GMT-0500,61.36,61.36,61.26,61.26,61.26,0
2022-02-15-05-30-00 GMT-0500,61.32,61.33,61.27,61.27,61.27,0
2022-02-15-05-32-00 GMT-0500,61.4,61.5,61.4,61.44,61.44,0
2022-02-15-05-34-00 GMT-0500,61.46,61.56,61.45,61.56,61.56,0
2022-02-15-05-36-00 GMT-0500,61.55,61.56,61.53,61.56,61.56,0
2022-02-15-05-38-00 GMT-0500,61.55,61.63,61.55,61.61,61.61,0
2022-02-15-05-40-00 GMT-0500,61.64,61.67,61.61,61.63,61.63,0
2022-02-15-05-42-00 GMT-0500,61.67,61.68,61.66,61.67,61.67,0
2022-02-15-05-44-00 GMT-0500,61.67,61.67,61.56,61.56,61.56,0
2022-02-15-05-46-00 GMT-0500,61.61,61.61,61.58,61.58,61.58,0
2022-02-15-05-48-00 GMT-0500,61.6,61.6,61.59,61.59,61.59,0
2022-02-15-05-50-00 GMT-0500,61.56,61.61,61.55,61.61,61.61,0
2022-02-15-05-52-00 GMT-0500,61.6,61.6,61.53,61.53,61.53,0
2022-02-15-05-54-00 GMT-0500,61.52,61.57,61.52,61.56,61.56,0
2022-02-15-05-56-00 GMT-0500,61.61,61.61,61.61,61.61,61.61,0
2022-02-15-05-58-00 GMT-0500,61.59,61.6,61.56,61.56,61.56,0
2022-02-15-06-00-00 GMT-0500,61.6,61.65,61.55,61.65,61.65,0
2022-02-15-06-02-00 GMT-0500,61.68,61.75,61.68,61.75,61.75,0
2022-02-15-06-04-00 GMT-0500,61.7,61.73,61.7,61.73,61.73,0
2022-02-15-06-06-00 GMT-0500,61.72,61.72,61.71,61.71,61.71,0
2022-02-15-06-08-00 GMT-0500,61.73,61.73,61.69,61.69,61.69,0
2022-02-15-06-10-00 GMT-0500,61.71,61.71,61.71,61.71,61.71,0
2022-02-15-06-12-00 GMT-0500,61.72,61.73,61.7,61.7,61.7,0
2022-02-15-06-14-00 GMT-0500,61.75,61.93,61.75,61.9,61.9,0
2022-02-15-06-16-00 GMT-0500,61.79,61.79,61.79,61.79,61.79,0
2022-02-15-06-18-00 GMT-0500,61.8,61.8,61.75,61.75,61.75,0
2022-02-15-06-20-00 GMT-0500,61.74,61.8,61.74,61.76,61.76,0
2022-02-15-06-22-00 GMT-0500,61.8,61.8,61.8,61.8,61.8,0
2022-02-15-06-24-00 GMT-0500,61.86,61.86,61.8,61.8,61.8,0
2022-02-15-06-26-00 GMT-0500,61.7,61.7,61.7,61.7,61.7,0
2022-02-15-06-28-00 GMT-0500,61.67,61.7,61.67,61.7,61.7,0
2022-02-15-06-30-00 GMT-0500,61.74,61.74,61.72,61.72,61.72,0
2022-02-15-06-34-00 GMT-0500,61.72,61.75,61.72,61.75,61.75,0
2022-02-15-06-36-00 GMT-0500,61.75,61.77,61.73,61.73,61.73,0
2022-02-15-06-38-00 GMT-0500,61.71,61.84,61.71,61.84,61.84,0
2022-02-15-06-40-00 GMT-0500,61.8,61.81,61.77,61.77,61.77,0
2022-02-15-06-42-00 GMT-0500,61.81,61.83,61.79,61.83,61.83,0
2022-02-15-06-44-00 GMT-0500,61.82,61.9,61.82,61.9,61.9,0
2022-02-15-06-46-00 GMT-0500,61.98,62.01,61.95,61.95,61.95,0
2022-02-15-06-48-00 GMT-0500,61.97,62.07,61.97,62.04,62.04,0
2022-02-15-06-50-00 GMT-0500,61.97,61.97,61.92,61.92,61.92,0
2022-02-15-06-52-00 GMT-0500,61.9,61.9,61.84,61.84,61.84,0
2022-02-15-06-56-00 GMT-0500,61.89,61.89,61.87,61.87,61.87,0
2022-02-15-06-58-00 GMT-0500,61.86,61.86,61.84,61.84,61.84,0
2022-02-15-07-00-00 GMT-0500,61.81,61.9,61.63,61.85,61.85,0
2022-02-15-07-02-00 GMT-0500,61.86,61.91,61.8,61.81,61.81,0
2022-02-15-07-04-00 GMT-0500,61.82,61.92,61.8,61.8,61.8,0
2022-02-15-07-06-00 GMT-0500,61.84,61.95,61.8,61.92,61.92,0
2022-02-15-07-08-00 GMT-0500,61.94,62.06,61.94,61.99,61.99,0
2022-02-15-07-10-00 GMT-0500,62.0,62.11,62.0,62.11,62.11,0
2022-02-15-07-12-00 GMT-0500,62.16,62.16,62.1,62.15,62.15,0
2022-02-15-07-14-00 GMT-0500,62.15,62.2,62.03,62.03,62.03,0
2022-02-15-07-16-00 GMT-0500,62.05,62.15,62.05,62.13,62.13,0
2022-02-15-07-18-00 GMT-0500,62.13,62.13,62.06,62.08,62.08,0
2022-02-15-07-20-00 GMT-0500,62.08,62.09,62.06,62.09,62.09,0
2022-02-15-07-22-00 GMT-0500,62.1,62.15,62.08,62.14,62.14,0
2022-02-15-07-24-00 GMT-0500,62.12,62.12,62.02,62.02,62.02,0
2022-02-15-07-26-00 GMT-0500,62.08,62.08,62.02,62.02,62.02,0
2022-02-15-07-28-00 GMT-0500,62.03,62.03,62.03,62.03,62.03,0
2022-02-15-07-30-00 GMT-0500,62.05,62.05,62.02,62.03,62.03,0
2022-02-15-07-32-00 GMT-0500,62.03,62.04,62.02,62.02,62.02,0
2022-02-15-07-34-00 GMT-0500,62.02,62.02,62.0,62.0,62.0,0
2022-02-15-07-36-00 GMT-0500,62.02,62.02,61.85,62.0,62.0,0
2022-02-15-07-38-00 GMT-0500,62.0,62.01,61.94,61.94,61.94,0
2022-02-15-07-40-00 GMT-0500,61.93,61.93,61.78,61.8,61.8,0
2022-02-15-07-42-00 GMT-0500,61.85,61.88,61.8,61.85,61.85,0
2022-02-15-07-44-00 GMT-0500,61.86,61.9,61.85,61.88,61.88,0
2022-02-15-07-46-00 GMT-0500,61.93,61.93,61.84,61.84,61.84,0
2022-02-15-07-48-00 GMT-0500,61.84,61.85,61.83,61.85,61.85,0
2022-02-15-07-50-00 GMT-0500,61.86,61.88,61.77,61.8,61.8,0
2022-02-15-07-52-00 GMT-0500,61.89,61.9,61.85,61.88,61.88,0
2022-02-15-07-54-00 GMT-0500,61.92,61.98,61.92,61.98,61.98,0
2022-02-15-07-56-00 GMT-0500,61.96,61.97,61.94,61.95,61.95,0
2022-02-15-07-58-00 GMT-0500,61.94,61.96,61.94,61.96,61.96,0
2022-02-15-08-00-00 GMT-0500,61.8,62.17,59.3,61.95,61.95,0
2022-02-15-08-02-00 GMT-0500,61.96,62.02,61.95,62.0,62.0,0
2022-02-15-08-04-00 GMT-0500,61.97,61.97,61.89,61.9,61.9,0
2022-02-15-08-06-00 GMT-0500,61.89,61.9,61.85,61.9,61.9,0
2022-02-15-08-08-00 GMT-0500,61.84,61.87,61.83,61.83,61.83,0
2022-02-15-08-10-00 GMT-0500,61.83,61.83,61.79,61.82,61.82,0
2022-02-15-08-12-00 GMT-0500,61.8,61.8,61.75,61.77,61.77,0
2022-02-15-08-14-00 GMT-0500,61.76,61.76,61.74,61.74,61.74,0
2022-02-15-08-16-00 GMT-0500,61.74,61.78,61.74,61.77,61.77,0
2022-02-15-08-18-00 GMT-0500,61.77,61.78,61.66,61.68,61.68,0
2022-02-15-08-20-00 GMT-0500,61.68,61.71,61.67,61.7,61.7,0
2022-02-15-08-22-00 GMT-0500,61.72,61.74,61.69,61.74,61.74,0
2022-02-15-08-24-00 GMT-0500,61.78,61.78,61.75,61.76,61.76,0
2022-02-15-08-26-00 GMT-0500,61.73,61.73,61.59,61.62,61.62,0
2022-02-15-08-28-00 GMT-0500,61.62,61.68,61.62,61.64,61.64,0
2022-02-15-08-30-00 GMT-0500,61.58,61.58,61.37,61.41,61.41,0
2022-02-15-08-32-00 GMT-0500,61.4,61.54,61.4,61.5,61.5,0
2022-02-15-08-34-00 GMT-0500,61.53,61.54,61.44,61.47,61.47,0
2022-02-15-08-36-00 GMT-0500,61.5,61.54,61.38,61.38,61.38,0
2022-02-15-08-38-00 GMT-0500,61.41,61.42,61.34,61.34,61.34,0
2022-02-15-08-40-00 GMT-0500,61.37,61.42,61.34,61.42,61.42,0
2022-02-15-08-42-00 GMT-0500,61.45,61.52,61.45,61.52,61.52,0
2022-02-15-08-44-00 GMT-0500,61.57,61.6,61.52,61.52,61.52,0
2022-02-15-08-46-00 GMT-0500,61.49,61.54,61.49,61.51,61.51,0
2022-02-15-08-48-00 GMT-0500,61.52,61.6,61.52,61.6,61.6,0
2022-02-15-08-50-00 GMT-0500,61.61,61.61,61.45,61.48,61.48,0
2022-02-15-08-52-00 GMT-0500,61.43,61.48,61.43,61.48,61.48,0
2022-02-15-08-54-00 GMT-0500,61.45,61.45,61.35,61.35,61.35,0
2022-02-15-08-56-00 GMT-0500,61.39,61.39,61.25,61.26,61.26,0
2022-02-15-08-58-00 GMT-0500,61.25,61.3,61.23,61.25,61.25,0
2022-02-15-09-00-00 GMT-0500,61.27,61.27,61.16,61.22,61.22,0
2022-02-15-09-02-00 GMT-0500,61.24,61.31,61.23,61.28,61.28,0
2022-02-15-09-04-00 GMT-0500,61.275,61.32,61.25,61.25,61.25,0
2022-02-15-09-06-00 GMT-0500,61.26,61.36,61.25,61.3,61.3,0
2022-02-15-09-08-00 GMT-0500,61.31,61.35,61.29,61.35,61.35,0
2022-02-15-09-10-00 GMT-0500,61.31,61.31,61.21,61.21,61.21,0
2022-02-15-09-12-00 GMT-0500,61.26,61.26,61.1,61.1,61.1,0
2022-02-15-09-14-00 GMT-0500,61.13,61.13,61.1,61.11,61.11,0
2022-02-15-09-30-00 GMT-0500,61.16999816894531,61.25,61.04999923706055,61.13990020751953,61.13990020751953,522717
2022-02-15-09-32-00 GMT-0500,61.13999938964844,61.5,61.029998779296875,61.5,61.5,116962
2022-02-15-09-34-00 GMT-0500,61.5099983215332,61.83000183105469,61.439998626708984,61.619998931884766,61.619998931884766,207280
2022-02-15-09-36-00 GMT-0500,61.630001068115234,61.900001525878906,61.606998443603516,61.869998931884766,61.869998931884766,104701
2022-02-15-09-38-00 GMT-0500,61.86000061035156,61.86000061035156,61.709999084472656,61.709999084472656,61.709999084472656,62312
2022-02-15-09-40-00 GMT-0500,61.72999954223633,61.77000045776367,61.58000183105469,61.720001220703125,61.720001220703125,66496
2022-02-15-09-42-00 GMT-0500,61.75,61.880001068115234,61.66999816894531,61.68000030517578,61.68000030517578,49306
2022-02-15-09-44-00 GMT-0500,61.68000030517578,61.970001220703125,61.61000061035156,61.869998931884766,61.869998931884766,80316
2022-02-15-09-46-00 GMT-0500,61.900001525878906,61.90079879760742,61.63999938964844,61.79999923706055,61.79999923706055,58861
2022-02-15-09-48-00 GMT-0500,61.779998779296875,61.84000015258789,61.45000076293945,61.46500015258789,61.46500015258789,66201
2022-02-15-09-50-00 GMT-0500,61.46500015258789,61.46500015258789,61.27000045776367,61.290000915527344,61.290000915527344,125863
2022-02-15-09-52-00 GMT-0500,61.25,61.45000076293945,61.25,61.380001068115234,61.380001068115234,65076
2022-02-15-09-54-00 GMT-0500,61.38999938964844,61.4900016784668,61.290000915527344,61.34000015258789,61.34000015258789,51617
2022-02-15-09-56-00 GMT-0500,61.339900970458984,61.45000076293945,61.28620147705078,61.43199920654297,61.43199920654297,38000
2022-02-15-09-58-00 GMT-0500,61.45009994506836,61.499900817871094,61.130001068115234,61.2599983215332,61.2599983215332,91101
2022-02-15-10-00-00 GMT-0500,61.27000045776367,61.400001525878906,61.2400016784668,61.400001525878906,61.400001525878906,49941
2022-02-15-10-02-00 GMT-0500,61.400001525878906,61.45000076293945,61.178001403808594,61.18000030517578,61.18000030517578,47515
2022-02-15-10-04-00 GMT-0500,61.189998626708984,61.2599983215332,61.06959915161133,61.209999084472656,61.209999084472656,106030
2022-02-15-10-06-00 GMT-0500,61.224998474121094,61.36000061035156,61.220001220703125,61.310001373291016,61.310001373291016,53772
2022-02-15-10-08-00 GMT-0500,61.31999969482422,61.45000076293945,61.31999969482422,61.349998474121094,61.349998474121094,28351
2022-02-15-10-10-00 GMT-0500,61.349998474121094,61.350101470947266,61.20000076293945,61.209999084472656,61.209999084472656,45333
2022-02-15-10-12-00 GMT-0500,61.16999816894531,61.33000183105469,61.09000015258789,61.279998779296875,61.279998779296875,46145
2022-02-15-10-14-00 GMT-0500,61.25,61.470001220703125,61.209999084472656,61.400001525878906,61.400001525878906,21886
2022-02-15-10-16-00 GMT-0500,61.43000030517578,61.4900016784668,61.39030075073242,61.41999816894531,61.41999816894531,46231
2022-02-15-10-18-00 GMT-0500,61.40999984741211,61.489898681640625,61.34000015258789,61.36000061035156,61.36000061035156,69296
2022-02-15-10-20-00 GMT-0500,61.349998474121094,61.439998626708984,61.2400016784668,61.290000915527344,61.290000915527344,77790
2022-02-15-10-22-00 GMT-0500,61.2400016784668,61.4900016784668,61.206298828125,61.470001220703125,61.470001220703125,41524
2022-02-15-10-24-00 GMT-0500,61.470001220703125,61.4900016784668,61.310001373291016,61.34000015258789,61.34000015258789,36367
2022-02-15-10-26-00 GMT-0500,61.369998931884766,61.459999084472656,61.16999816894531,61.459999084472656,61.459999084472656,48782
2022-02-15-10-28-00 GMT-0500,61.47999954223633,61.650001525878906,61.47999954223633,61.650001525878906,61.650001525878906,66505
2022-02-15-10-30-00 GMT-0500,61.6786003112793,61.689998626708984,61.54999923706055,61.54999923706055,61.54999923706055,31316
2022-02-15-10-32-00 GMT-0500,61.540000915527344,61.61000061035156,61.540000915527344,61.58000183105469,61.58000183105469,21302
2022-02-15-10-34-00 GMT-0500,61.599998474121094,61.65999984741211,61.52000045776367,61.540000915527344,61.540000915527344,16352
2022-02-15-10-36-00 GMT-0500,61.56119918823242,61.630001068115234,61.5099983215332,61.599998474121094,61.599998474121094,15993
2022-02-15-10-38-00 GMT-0500,61.650001525878906,61.72999954223633,61.619998931884766,61.650001525878906,61.650001525878906,75293
2022-02-15-10-40-00 GMT-0500,61.6609992980957,61.83000183105469,61.630001068115234,61.790000915527344,61.790000915527344,32662
2022-02-15-10-42-00 GMT-0500,61.79499816894531,61.88999938964844,61.7400016784668,61.880001068115234,61.880001068115234,32335
2022-02-15-10-44-00 GMT-0500,61.88999938964844,61.900001525878906,61.845001220703125,61.869998931884766,61.869998931884766,72167
2022-02-15-10-46-00 GMT-0500,61.900001525878906,61.95000076293945,61.869998931884766,61.88999938964844,61.88999938964844,38155
2022-02-15-10-48-00 GMT-0500,61.900001525878906,62.020198822021484,61.87879943847656,62.00410079956055,62.00410079956055,57844
2022-02-15-10-50-00 GMT-0500,62.0,62.029998779296875,61.880001068115234,61.9286003112793,61.9286003112793,39913
2022-02-15-10-52-00 GMT-0500,61.93000030517578,61.97999954223633,61.88999938964844,61.95000076293945,61.95000076293945,16815
2022-02-15-10-54-00 GMT-0500,61.939998626708984,62.023799896240234,61.91999816894531,62.0099983215332,62.0099983215332,15784
2022-02-15-10-56-00 GMT-0500,62.0,62.0,61.790000915527344,61.91999816894531,61.91999816894531,38460
2022-02-15-10-58-00 GMT-0500,61.91999816894531,61.93949890136719,61.84000015258789,61.869998931884766,61.869998931884766,10629
2022-02-15-11-00-00 GMT-0500,61.88999938964844,61.90999984741211,61.84000015258789,61.88999938964844,61.88999938964844,17661
2022-02-15-11-02-00 GMT-0500,61.88999938964844,61.96950149536133,61.869998931884766,61.88999938964844,61.88999938964844,19490
2022-02-15-11-04-00 GMT-0500,61.900001525878906,61.900001525878906,61.900001525878906,61.900001525878906,61.900001525878906,39023
2022-02-15-11-06-00 GMT-0500,61.91999816894531,62.029998779296875,61.91999816894531,61.98160171508789,61.98160171508789,13073
2022-02-15-11-08-00 GMT-0500,62.0,62.059898376464844,61.96500015258789,62.040000915527344,62.040000915527344,14262
2022-02-15-11-10-00 GMT-0500,62.029998779296875,62.029998779296875,61.849998474121094,61.970001220703125,61.970001220703125,23986
2022-02-15-11-12-00 GMT-0500,61.970001220703125,62.0,61.91999816894531,61.94139862060547,61.94139862060547,4911
2022-02-15-11-14-00 GMT-0500,61.900001525878906,61.92919921875,61.849998474121094,61.87689971923828,61.87689971923828,9698
2022-02-15-11-16-00 GMT-0500,61.88999938964844,61.95000076293945,61.84000015258789,61.86000061035156,61.86000061035156,53121
2022-02-15-11-18-00 GMT-0500,61.880001068115234,61.88999938964844,61.79990005493164,61.810001373291016,61.810001373291016,61591
2022-02-15-11-20-00 GMT-0500,61.80179977416992,61.880001068115234,61.80179977416992,61.83000183105469,61.83000183105469,15152
2022-02-15-11-22-00 GMT-0500,61.84000015258789,61.93000030517578,61.81010055541992,61.90999984741211,61.90999984741211,8751
2022-02-15-11-24-00 GMT-0500,61.88999938964844,61.939998626708984,61.72999954223633,61.7599983215332,61.7599983215332,43777
2022-02-15-11-26-00 GMT-0500,61.72999954223633,61.75,61.650001525878906,61.66999816894531,61.66999816894531,25494
2022-02-15-11-28-00 GMT-0500,61.68000030517578,61.68000030517578,61.564998626708984,61.64500045776367,61.64500045776367,15882
2022-02-15-11-30-00 GMT-0500,61.7599983215332,61.79999923706055,61.65999984741211,61.75,61.75,29281
2022-02-15-11-32-00 GMT-0500,61.779998779296875,61.79999923706055,61.72999954223633,61.790000915527344,61.790000915527344,8894
2022-02-15-11-34-00 GMT-0500,61.81999969482422,61.959999084472656,61.81999969482422,61.959999084472656,61.959999084472656,16280
2022-02-15-11-36-00 GMT-0500,61.959999084472656,61.98099899291992,61.86000061035156,61.98099899291992,61.98099899291992,16881
2022-02-15-11-38-00 GMT-0500,61.980098724365234,62.02000045776367,61.939998626708984,61.95000076293945,61.95000076293945,20872
2022-02-15-11-40-00 GMT-0500,61.93000030517578,61.95000076293945,61.88990020751953,61.939998626708984,61.939998626708984,5332
2022-02-15-11-42-00 GMT-0500,61.91999816894531,61.93000030517578,61.880001068115234,61.88999938964844,61.88999938964844,5554
2022-02-15-11-44-00 GMT-0500,61.895301818847656,61.90999984741211,61.77000045776367,61.86140060424805,61.86140060424805,25997
2022-02-15-11-46-00 GMT-0500,61.869998931884766,61.91999816894531,61.84000015258789,61.84000015258789,61.84000015258789,12434
2022-02-15-11-48-00 GMT-0500,61.83000183105469,61.869998931884766,61.779998779296875,61.81999969482422,61.81999969482422,6542
2022-02-15-11-50-00 GMT-0500,61.845001220703125,61.845001220703125,61.720001220703125,61.720001220703125,61.720001220703125,14688
2022-02-15-11-52-00 GMT-0500,61.75,61.79999923706055,61.720001220703125,61.779998779296875,61.779998779296875,8710
2022-02-15-11-54-00 GMT-0500,61.790000915527344,61.790000915527344,61.7400016784668,61.7599983215332,61.7599983215332,3229
2022-02-15-11-56-00 GMT-0500,61.83000183105469,61.939998626708984,61.82099914550781,61.939998626708984,61.939998626708984,16353
2022-02-15-11-58-00 GMT-0500,61.970001220703125,61.970001220703125,61.86249923706055,61.900001525878906,61.900001525878906,15902
2022-02-15-12-00-00 GMT-0500,61.91999816894531,62.02000045776367,61.91999816894531,61.999900817871094,61.999900817871094,36737
2022-02-15-12-02-00 GMT-0500,61.989601135253906,61.9900016784668,61.869998931884766,61.869998931884766,61.869998931884766,10334
2022-02-15-12-04-00 GMT-0500,61.86000061035156,61.869998931884766,61.7599983215332,61.76940155029297,61.76940155029297,20549
2022-02-15-12-06-00 GMT-0500,61.790000915527344,61.810001373291016,61.7400016784668,61.790000915527344,61.790000915527344,5794
2022-02-15-12-08-00 GMT-0500,61.75,61.75,61.65039825439453,61.709999084472656,61.709999084472656,33668
2022-02-15-12-10-00 GMT-0500,61.709999084472656,61.77000045776367,61.70000076293945,61.7400016784668,61.7400016784668,13486
2022-02-15-12-12-00 GMT-0500,61.77000045776367,61.77000045776367,61.68000030517578,61.720001220703125,61.720001220703125,15620
2022-02-15-12-14-00 GMT-0500,61.720001220703125,61.720001220703125,61.38999938964844,61.38999938964844,61.38999938964844,37559
2022-02-15-12-16-00 GMT-0500,61.390098571777344,61.481201171875,61.349998474121094,61.429901123046875,61.429901123046875,27802
2022-02-15-12-18-00 GMT-0500,61.43000030517578,61.43000030517578,61.351200103759766,61.369998931884766,61.369998931884766,18479
2022-02-15-12-20-00 GMT-0500,61.39500045776367,61.400001525878906,61.32500076293945,61.369998931884766,61.369998931884766,22359
2022-02-15-12-22-00 GMT-0500,61.369998931884766,61.38999938964844,61.275001525878906,61.29999923706055,61.29999923706055,33923
2022-02-15-12-24-00 GMT-0500,61.269901275634766,61.31999969482422,61.22999954223633,61.2400016784668,61.2400016784668,30764
2022-02-15-12-26-00 GMT-0500,61.25,61.349998474121094,61.18000030517578,61.33000183105469,61.33000183105469,39728
2022-02-15-12-28-00 GMT-0500,61.31999969482422,61.41999816894531,61.31959915161133,61.40999984741211,61.40999984741211,9783
2022-02-15-12-30-00 GMT-0500,61.38999938964844,61.470001220703125,61.36000061035156,61.400001525878906,61.400001525878906,16650
2022-02-15-12-32-00 GMT-0500,61.43000030517578,61.47999954223633,61.33000183105469,61.330101013183594,61.330101013183594,32994
2022-02-15-12-34-00 GMT-0500,61.33000183105469,61.389400482177734,61.2400016784668,61.349998474121094,61.349998474121094,35326
2022-02-15-12-36-00 GMT-0500,61.380001068115234,61.40999984741211,61.31999969482422,61.36000061035156,61.36000061035156,6526
2022-02-15-12-38-00 GMT-0500,61.380001068115234,61.380001068115234,61.31999969482422,61.36000061035156,61.36000061035156,5014
2022-02-15-12-40-00 GMT-0500,61.33000183105469,61.400001525878906,61.2599983215332,61.29010009765625,61.29010009765625,11816
2022-02-15-12-42-00 GMT-0500,61.31999969482422,61.350101470947266,61.27000045776367,61.350101470947266,61.350101470947266,4748
2022-02-15-12-44-00 GMT-0500,61.339900970458984,61.3401985168457,61.310001373291016,61.334999084472656,61.334999084472656,4412
2022-02-15-12-46-00 GMT-0500,61.310001373291016,61.310001373291016,61.099998474121094,61.119998931884766,61.119998931884766,30989
2022-02-15-12-48-00 GMT-0500,61.09000015258789,61.11000061035156,60.93000030517578,60.939998626708984,60.939998626708984,75733
2022-02-15-12-50-00 GMT-0500,60.939998626708984,61.10499954223633,60.939998626708984,61.06999969482422,61.06999969482422,70755
2022-02-15-12-52-00 GMT-0500,61.09000015258789,61.099998474121094,61.029998779296875,61.04999923706055,61.04999923706055,24349
2022-02-15-12-54-00 GMT-0500,61.060001373291016,61.130001068115234,61.040000915527344,61.130001068115234,61.130001068115234,7708
2022-02-15-12-56-00 GMT-0500,61.1599006652832,61.185001373291016,61.11989974975586,61.185001373291016,61.185001373291016,13783
2022-02-15-12-58-00 GMT-0500,61.19200134277344,61.209999084472656,61.15999984741211,61.189998626708984,61.189998626708984,3296
2022-02-15-13-00-00 GMT-0500,61.20000076293945,61.310001373291016,61.150001525878906,61.27859878540039,61.27859878540039,13909
2022-02-15-13-02-00 GMT-0500,61.279998779296875,61.290000915527344,61.22999954223633,61.25,61.25,6595
2022-02-15-13-04-00 GMT-0500,61.29999923706055,61.400001525878906,61.29999923706055,61.369998931884766,61.369998931884766,15767
2022-02-15-13-06-00 GMT-0500,61.36000061035156,61.39500045776367,61.35129928588867,61.380001068115234,61.380001068115234,4641
2022-02-15-13-08-00 GMT-0500,61.40999984741211,61.439998626708984,61.40999984741211,61.439998626708984,61.439998626708984,9858
2022-02-15-13-10-00 GMT-0500,61.448299407958984,61.47999954223633,61.40999984741211,61.439998626708984,61.439998626708984,7211
2022-02-15-13-12-00 GMT-0500,61.410099029541016,61.45500183105469,61.380001068115234,61.41999816894531,61.41999816894531,32571
2022-02-15-13-14-00 GMT-0500,61.43000030517578,61.45500183105469,61.40999984741211,61.439998626708984,61.439998626708984,2349
2022-02-15-13-16-00 GMT-0500,61.400001525878906,61.41999816894531,61.380001068115234,61.38999938964844,61.38999938964844,22067
2022-02-15-13-18-00 GMT-0500,61.380001068115234,61.40999984741211,61.349998474121094,61.37990188598633,61.37990188598633,3647
2022-02-15-13-20-00 GMT-0500,61.380001068115234,61.709999084472656,61.380001068115234,61.665000915527344,61.665000915527344,19271
2022-02-15-13-22-00 GMT-0500,61.68000030517578,61.72999954223633,61.6150016784668,61.71900177001953,61.71900177001953,37341
2022-02-15-13-24-00 GMT-0500,61.720001220703125,61.78499984741211,61.689998626708984,61.78499984741211,61.78499984741211,14411
2022-02-15-13-26-00 GMT-0500,61.79999923706055,61.79999923706055,61.73500061035156,61.75,61.75,11332
2022-02-15-13-28-00 GMT-0500,61.75,61.86000061035156,61.75,61.829498291015625,61.829498291015625,10474
2022-02-15-13-30-00 GMT-0500,61.84000015258789,61.88999938964844,61.83000183105469,61.86989974975586,61.86989974975586,28518
2022-02-15-13-32-00 GMT-0500,61.869998931884766,61.880001068115234,61.790000915527344,61.790000915527344,61.790000915527344,13092
2022-02-15-13-34-00 GMT-0500,61.790000915527344,61.83000183105469,61.77080154418945,61.79819869995117,61.79819869995117,6245
2022-02-15-13-36-00 GMT-0500,61.790000915527344,61.79800033569336,61.720001220703125,61.77000045776367,61.77000045776367,17584
2022-02-15-13-38-00 GMT-0500,61.76959991455078,61.810001373291016,61.750099182128906,61.77000045776367,61.77000045776367,7563
2022-02-15-13-40-00 GMT-0500,61.79999923706055,61.79999923706055,61.743499755859375,61.78030014038086,61.78030014038086,4987
2022-02-15-13-42-00 GMT-0500,61.810001373291016,61.84000015258789,61.7400016784668,61.79999923706055,61.79999923706055,8873
2022-02-15-13-44-00 GMT-0500,61.81999969482422,61.8400993347168,61.779998779296875,61.81999969482422,61.81999969482422,3921
2022-02-15-13-46-00 GMT-0500,61.779998779296875,61.785301208496094,61.76100158691406,61.785301208496094,61.785301208496094,3026
2022-02-15-13-48-00 GMT-0500,61.790000915527344,61.880001068115234,61.77799987792969,61.869998931884766,61.869998931884766,11802
2022-02-15-13-50-00 GMT-0500,61.86000061035156,61.89860153198242,61.81999969482422,61.81999969482422,61.81999969482422,14589
2022-02-15-13-52-00 GMT-0500,61.810001373291016,61.85499954223633,61.79999923706055,61.810001373291016,61.810001373291016,5148
2022-02-15-13-54-00 GMT-0500,61.810001373291016,61.83420181274414,61.790000915527344,61.83420181274414,61.83420181274414,2648
2022-02-15-13-56-00 GMT-0500,61.82099914550781,61.880001068115234,61.81999969482422,61.880001068115234,61.880001068115234,13082
2022-02-15-13-58-00 GMT-0500,61.88999938964844,61.88999938964844,61.849998474121094,61.849998474121094,61.849998474121094,12155
2022-02-15-14-00-00 GMT-0500,61.869998931884766,61.900001525878906,61.84000015258789,61.86000061035156,61.86000061035156,16696
2022-02-15-14-02-00 GMT-0500,61.849998474121094,61.858699798583984,61.7400016784668,61.7400016784668,61.7400016784668,8921
2022-02-15-14-04-00 GMT-0500,61.75,61.810001373291016,61.611000061035156,61.619998931884766,61.619998931884766,25314
2022-02-15-14-06-00 GMT-0500,61.630001068115234,61.63999938964844,61.45000076293945,61.55059814453125,61.55059814453125,21613
2022-02-15-14-08-00 GMT-0500,61.5,61.584999084472656,61.49100112915039,61.584999084472656,61.584999084472656,31876
2022-02-15-14-10-00 GMT-0500,61.61000061035156,61.679901123046875,61.600101470947266,61.669898986816406,61.669898986816406,5401
2022-02-15-14-12-00 GMT-0500,61.650001525878906,61.650001525878906,61.54930114746094,61.59000015258789,61.59000015258789,19987
2022-02-15-14-14-00 GMT-0500,61.59000015258789,61.66910171508789,61.59000015258789,61.630001068115234,61.630001068115234,5593
2022-02-15-14-16-00 GMT-0500,61.61000061035156,61.63999938964844,61.54999923706055,61.63010025024414,61.63010025024414,4386
2022-02-15-14-18-00 GMT-0500,61.66999816894531,61.84000015258789,61.66999816894531,61.77000045776367,61.77000045776367,12343
2022-02-15-14-20-00 GMT-0500,61.79999923706055,61.86109924316406,61.779998779296875,61.86109924316406,61.86109924316406,4583
2022-02-15-14-22-00 GMT-0500,61.84000015258789,61.87900161743164,61.778499603271484,61.779998779296875,61.779998779296875,9952
2022-02-15-14-24-00 GMT-0500,61.79999923706055,61.79999923706055,61.7400016784668,61.7400016784668,61.7400016784668,8593
2022-02-15-14-26-00 GMT-0500,61.75,61.790000915527344,61.720001220703125,61.749000549316406,61.749000549316406,12056
2022-02-15-14-28-00 GMT-0500,61.7400016784668,61.810001373291016,61.7400016784668,61.810001373291016,61.810001373291016,9123
2022-02-15-14-30-00 GMT-0500,61.779998779296875,61.839900970458984,61.7599983215332,61.77899932861328,61.77899932861328,12990
2022-02-15-14-32-00 GMT-0500,61.720001220703125,61.779998779296875,61.709999084472656,61.709999084472656,61.709999084472656,7061
2022-02-15-14-34-00 GMT-0500,61.70000076293945,61.7599983215332,61.66999816894531,61.75,61.75,12857
2022-02-15-14-36-00 GMT-0500,61.75,61.78499984741211,61.709999084472656,61.779998779296875,61.779998779296875,7837
2022-02-15-14-38-00 GMT-0500,61.755001068115234,61.79999923706055,61.720001220703125,61.79999923706055,61.79999923706055,5392
2022-02-15-14-40-00 GMT-0500,61.779998779296875,61.779998779296875,61.68000030517578,61.689998626708984,61.689998626708984,7249
2022-02-15-14-42-00 GMT-0500,61.68000030517578,61.68000030517578,61.52000045776367,61.669898986816406,61.669898986816406,13297
2022-02-15-14-44-00 GMT-0500,61.70000076293945,61.95000076293945,61.70000076293945,61.880001068115234,61.880001068115234,35668
2022-02-15-14-46-00 GMT-0500,61.880001068115234,61.880001068115234,61.72200012207031,61.73500061035156,61.73500061035156,16298
2022-02-15-14-48-00 GMT-0500,61.739898681640625,61.77000045776367,61.689998626708984,61.72010040283203,61.72010040283203,8320
2022-02-15-14-50-00 GMT-0500,61.720001220703125,61.779998779296875,61.709999084472656,61.709999084472656,61.709999084472656,12251
2022-02-15-14-52-00 GMT-0500,61.689998626708984,61.691898345947266,61.61000061035156,61.689998626708984,61.689998626708984,14490
2022-02-15-14-54-00 GMT-0500,61.70000076293945,61.779998779296875,61.68000030517578,61.779998779296875,61.779998779296875,10614
2022-02-15-14-56-00 GMT-0500,61.779998779296875,61.8380012512207,61.7400016784668,61.779998779296875,61.779998779296875,13098
2022-02-15-14-58-00 GMT-0500,61.79999923706055,61.79999923706055,61.7400016784668,61.790000915527344,61.790000915527344,3387
2022-02-15-15-00-00 GMT-0500,61.79999923706055,61.93000030517578,61.7599983215332,61.88999938964844,61.88999938964844,21619
2022-02-15-15-02-00 GMT-0500,61.90999984741211,61.970001220703125,61.88999938964844,61.90999984741211,61.90999984741211,9830
2022-02-15-15-04-00 GMT-0500,61.93000030517578,62.040000915527344,61.91999816894531,62.0099983215332,62.0099983215332,108508
2022-02-15-15-06-00 GMT-0500,62.020999908447266,62.020999908447266,61.939998626708984,61.970001220703125,61.970001220703125,14461
2022-02-15-15-08-00 GMT-0500,62.0,62.029998779296875,61.959999084472656,61.959999084472656,61.959999084472656,16830
2022-02-15-15-10-00 GMT-0500,61.939998626708984,61.9718017578125,61.900001525878906,61.95000076293945,61.95000076293945,11257
2022-02-15-15-12-00 GMT-0500,61.970001220703125,62.0,61.90999984741211,61.963199615478516,61.963199615478516,14194
2022-02-15-15-14-00 GMT-0500,61.93000030517578,61.97999954223633,61.869998931884766,61.869998931884766,61.869998931884766,17212
2022-02-15-15-16-00 GMT-0500,61.869998931884766,61.93000030517578,61.84000015258789,61.900001525878906,61.900001525878906,7761
2022-02-15-15-18-00 GMT-0500,61.880001068115234,61.970001220703125,61.8650016784668,61.970001220703125,61.970001220703125,8817
2022-02-15-15-20-00 GMT-0500,61.97999954223633,62.02000045776367,61.939998626708984,61.95869827270508,61.95869827270508,19866
2022-02-15-15-22-00 GMT-0500,61.939998626708984,61.939998626708984,61.83100128173828,61.88999938964844,61.88999938964844,16118
2022-02-15-15-24-00 GMT-0500,61.869998931884766,61.88999938964844,61.77000045776367,61.869998931884766,61.869998931884766,17651
2022-02-15-15-26-00 GMT-0500,61.86029815673828,61.88999938964844,61.790000915527344,61.84000015258789,61.84000015258789,19880
2022-02-15-15-28-00 GMT-0500,61.849998474121094,61.900001525878906,61.849998474121094,61.900001525878906,61.900001525878906,21100
2022-02-15-15-30-00 GMT-0500,61.900001525878906,61.900001525878906,61.65999984741211,61.77000045776367,61.77000045776367,53576
2022-02-15-15-32-00 GMT-0500,61.7599983215332,61.779998779296875,61.45000076293945,61.59000015258789,61.59000015258789,67547
2022-02-15-15-34-00 GMT-0500,61.59000015258789,61.65999984741211,61.470001220703125,61.630001068115234,61.630001068115234,34269
2022-02-15-15-36-00 GMT-0500,61.630001068115234,61.63999938964844,61.349998474121094,61.400001525878906,61.400001525878906,53412
2022-02-15-15-38-00 GMT-0500,61.40999984741211,61.560001373291016,61.279998779296875,61.36000061035156,61.36000061035156,46917
2022-02-15-15-40-00 GMT-0500,61.349998474121094,61.349998474121094,61.19499969482422,61.25,61.25,155835
2022-02-15-15-42-00 GMT-0500,61.27000045776367,61.560001373291016,61.21500015258789,61.54499816894531,61.54499816894531,70765
2022-02-15-15-44-00 GMT-0500,61.54999923706055,61.640098571777344,61.40999984741211,61.45840072631836,61.45840072631836,82536
2022-02-15-15-46-00 GMT-0500,61.47999954223633,61.630001068115234,61.36000061035156,61.630001068115234,61.630001068115234,31184
2022-02-15-15-48-00 GMT-0500,61.63999938964844,61.7400016784668,61.400001525878906,61.61000061035156,61.61000061035156,47330
2022-02-15-15-50-00 GMT-0500,61.61000061035156,62.029998779296875,61.61000061035156,61.9900016784668,61.9900016784668,83619
2022-02-15-15-52-00 GMT-0500,61.9900016784668,62.16999816894531,61.970001220703125,61.9900016784668,61.9900016784668,54790
2022-02-15-15-54-00 GMT-0500,61.98139953613281,62.10499954223633,61.869998931884766,62.04800033569336,62.04800033569336,197243
2022-02-15-15-56-00 GMT-0500,62.040000915527344,62.040000915527344,61.77000045776367,61.810001373291016,61.810001373291016,46738
2022-02-15-15-58-00 GMT-0500,61.79999923706055,62.15999984741211,61.75,62.09000015258789,62.09000015258789,122703
2022-02-15-16-00-00 GMT-0500,62.08,62.08,61.82,61.82,61.82,17534
2022-02-15-16-02-00 GMT-0500,61.88,61.88,61.8,61.8,61.8,0
2022-02-15-16-04-00 GMT-0500,61.81,61.81,61.67,61.67,61.67,0
2022-02-15-16-06-00 GMT-0500,61.68,61.7,61.63,61.66,61.66,0
2022-02-15-16-08-00 GMT-0500,61.65,61.67,61.63,61.67,61.67,0
2022-02-15-16-10-00 GMT-0500,61.65,61.67,61.6,61.6,61.6,0
2022-02-15-16-12-00 GMT-0500,61.69,61.7,61.67,61.69,61.69,0
2022-02-15-16-14-00 GMT-0500,61.69,61.74,61.69,61.69,61.69,0
2022-02-15-16-16-00 GMT-0500,61.7,61.75,61.7,61.75,61.75,0
2022-02-15-16-18-00 GMT-0500,61.76,61.8,61.74,61.8,61.8,0
2022-02-15-16-20-00 GMT-0500,61.78,61.87,61.78,61.85,61.85,0
2022-02-15-16-22-00 GMT-0500,61.85,61.88,61.85,61.86,61.86,0
2022-02-15-16-24-00 GMT-0500,61.85,61.88,61.85,61.88,61.88,0
2022-02-15-16-28-00 GMT-0500,61.92,61.93,61.92,61.92,61.92,0
2022-02-15-16-30-00 GMT-0500,61.91,61.92,61.9,61.91,61.91,0
2022-02-15-16-32-00 GMT-0500,61.93,61.93,61.92,61.92,61.92,0
2022-02-15-16-34-00 GMT-0500,61.94,61.94,61.92,61.92,61.92,0
2022-02-15-16-36-00 GMT-0500,61.95,61.95,61.92,61.93,61.93,0
2022-02-15-16-38-00 GMT-0500,61.92,61.92,61.9,61.9,61.9,0
2022-02-15-16-40-00 GMT-0500,61.9,61.9,61.9,61.9,61.9,0
2022-02-15-16-42-00 GMT-0500,61.86,61.86,61.82,61.82,61.82,0
2022-02-15-16-44-00 GMT-0500,61.8,61.8,61.78,61.78,61.78,0
2022-02-15-16-46-00 GMT-0500,61.78,61.8,61.78,61.8,61.8,0
2022-02-15-16-48-00 GMT-0500,61.75,61.75,61.65,61.65,61.65,0
2022-02-15-16-50-00 GMT-0500,61.69,61.7,61.69,61.7,61.7,0
2022-02-15-16-52-00 GMT-0500,61.77,61.77,61.77,61.77,61.77,0
2022-02-15-16-54-00 GMT-0500,61.79,61.79,61.75,61.75,61.75,0
2022-02-15-16-56-00 GMT-0500,61.75,61.78,61.75,61.77,61.77,0
2022-02-15-16-58-00 GMT-0500,61.8,61.84,61.78,61.78,61.78,0
2022-02-15-17-02-00 GMT-0500,61.73,61.805,61.73,61.73,61.73,0
2022-02-15-17-08-00 GMT-0500,61.71,61.87,61.71,61.77,61.77,0
2022-02-15-17-10-00 GMT-0500,61.8,61.81,61.8,61.8,61.8,0
2022-02-15-17-12-00 GMT-0500,61.75,61.83,61.75,61.81,61.81,0
2022-02-15-17-14-00 GMT-0500,61.81,61.81,61.76,61.76,61.76,0
2022-02-15-17-16-00 GMT-0500,61.71,61.71,61.69,61.69,61.69,0
2022-02-15-17-22-00 GMT-0500,61.74,61.74,61.61,61.61,61.61,0
2022-02-15-17-26-00 GMT-0500,61.72,61.72,61.65,61.65,61.65,0
2022-02-15-17-28-00 GMT-0500,61.695,61.695,61.695,61.695,61.695,0
2022-02-15-17-32-00 GMT-0500,61.78,61.78,61.78,61.78,61.78,0
2022-02-15-17-36-00 GMT-0500,61.68,61.78,61.61,61.78,61.78,0
2022-02-15-17-40-00 GMT-0500,61.62,61.62,61.62,61.62,61.62,0
2022-02-15-17-44-00 GMT-0500,61.77,61.77,61.65,61.65,61.65,0
2022-02-15-17-46-00 GMT-0500,61.78,61.78,61.65,61.65,61.65,0
2022-02-15-17-50-00 GMT-0500,61.75,61.75,61.75,61.75,61.75,0
2022-02-15-17-58-00 GMT-0500,61.75,61.9,61.71,61.74,61.74,0
2022-02-15-18-00-00 GMT-0500,61.8,61.8,61.77,61.77,61.77,0
2022-02-15-18-06-00 GMT-0500,61.9,61.9,61.87,61.87,61.87,0
2022-02-15-18-10-00 GMT-0500,61.83,61.83,61.83,61.83,61.83,0
2022-02-15-18-14-00 GMT-0500,61.77,61.8,61.75,61.8,61.8,0
2022-02-15-18-16-00 GMT-0500,61.78,61.78,61.76,61.76,61.76,0
2022-02-15-18-18-00 GMT-0500,61.77,61.79,61.77,61.79,61.79,0
2022-02-15-18-22-00 GMT-0500,61.73,61.73,61.7,61.7,61.7,0
2022-02-15-18-24-00 GMT-0500,61.68,61.72,61.66,61.7,61.7,0
2022-02-15-18-28-00 GMT-0500,61.68,61.68,61.66,61.66,61.66,0
2022-02-15-18-30-00 GMT-0500,61.7,61.76,61.7,61.72,61.72,0
2022-02-15-18-34-00 GMT-0500,61.69,61.74,61.69,61.74,61.74,0
2022-02-15-18-36-00 GMT-0500,61.75,61.79,61.75,61.76,61.76,0
2022-02-15-18-40-00 GMT-0500,61.81,61.81,61.81,61.81,61.81,0
2022-02-15-18-44-00 GMT-0500,61.76,61.77,61.76,61.77,61.77,0
2022-02-15-18-46-00 GMT-0500,61.72,61.72,61.68,61.68,61.68,0
2022-02-15-18-48-00 GMT-0500,61.67,61.67,61.55,61.55,61.55,0
2022-02-15-18-50-00 GMT-0500,61.6,61.6,61.6,61.6,61.6,0
2022-02-15-18-52-00 GMT-0500,61.6,61.63,61.55,61.55,61.55,0
2022-02-15-18-54-00 GMT-0500,61.59,61.63,61.59,61.63,61.63,0
2022-02-15-18-56-00 GMT-0500,61.62,61.62,61.6,61.61,61.61,0
2022-02-15-18-58-00 GMT-0500,61.59,61.6,61.59,61.6,61.6,0
2022-02-15-19-00-00 GMT-0500,61.58,61.62,61.55,61.6,61.6,0
2022-02-15-19-02-00 GMT-0500,61.61,61.62,61.61,61.61,61.61,0
2022-02-15-19-04-00 GMT-0500,61.63,61.64,61.6,61.6,61.6,0
2022-02-15-19-06-00 GMT-0500,61.58,61.58,61.53,61.54,61.54,0
2022-02-15-19-08-00 GMT-0500,61.57,61.63,61.57,61.63,61.63,0
2022-02-15-19-12-00 GMT-0500,61.55,61.55,61.55,61.55,61.55,0
2022-02-15-19-16-00 GMT-0500,61.54,61.55,61.54,61.55,61.55,0
2022-02-15-19-18-00 GMT-0500,61.54,61.56,61.54,61.55,61.55,0
2022-02-15-19-20-00 GMT-0500,61.53,61.53,61.5,61.5,61.5,0
2022-02-15-19-24-00 GMT-0500,61.5,61.5,61.5,61.5,61.5,0
2022-02-15-19-26-00 GMT-0500,61.52,61.52,61.52,61.52,61.52,0
2022-02-15-19-30-00 GMT-0500,61.52,61.54,61.52,61.54,61.54,0
2022-02-15-19-32-00 GMT-0500,61.54,61.54,61.53,61.54,61.54,0
2022-02-15-19-40-00 GMT-0500,61.53,61.53,61.53,61.53,61.53,0
2022-02-15-19-42-00 GMT-0500,61.54,61.55,61.53,61.55,61.55,0
2022-02-15-19-44-00 GMT-0500,61.55,61.55,61.51,61.53,61.53,0
2022-02-15-19-46-00 GMT-0500,61.53,61.53,61.52,61.52,61.52,0
2022-02-15-19-48-00 GMT-0500,61.51,61.53,61.5,61.53,61.53,0
2022-02-15-19-50-00 GMT-0500,61.53,61.53,61.51,61.51,61.51,0
2022-02-15-19-52-00 GMT-0500,61.49,61.5,61.48,61.49,61.49,0
2022-02-15-19-54-00 GMT-0500,61.5,61.51,61.5,61.51,61.51,0
2022-02-15-19-56-00 GMT-0500,61.51,61.53,61.5,61.51,61.51,0
2022-02-15-19-58-00 GMT-0500,61.5,61.5,61.48,61.5,61.5,0
