Datetime,Open,High,Low,Close,Adj Close,Volume
2021-11-30-04-00-00 GMT-0500,113.25,113.59,112.92,113.0,113.0,0
2021-11-30-04-02-00 GMT-0500,113.23,113.5,113.23,113.5,113.5,0
2021-11-30-04-04-00 GMT-0500,113.4,113.4,112.85,112.86,112.86,0
2021-11-30-04-06-00 GMT-0500,113.21,113.21,113.21,113.21,113.21,0
2021-11-30-04-07-00 GMT-0500,112.66,112.66,112.66,112.66,112.66,0
2021-11-30-04-08-00 GMT-0500,112.86,112.86,112.77,112.77,112.77,0
2021-11-30-04-19-00 GMT-0500,113.15,113.29,113.15,113.29,113.29,0
2021-11-30-04-23-00 GMT-0500,113.08,113.25,112.98,113.25,113.25,0
2021-11-30-04-29-00 GMT-0500,112.99,113.0,112.99,113.0,113.0,0
2021-11-30-04-31-00 GMT-0500,113.0,113.0,112.6,112.6,112.6,0
2021-11-30-04-39-00 GMT-0500,112.96,112.99,112.96,112.97,112.97,0
2021-11-30-04-41-00 GMT-0500,112.6,112.6,112.5,112.5,112.5,0
2021-11-30-04-42-00 GMT-0500,112.75,112.75,112.75,112.75,112.75,0
2021-11-30-04-57-00 GMT-0500,113.0,113.02,113.0,113.02,113.02,0
2021-11-30-05-07-00 GMT-0500,112.84,112.84,112.84,112.84,112.84,0
2021-11-30-05-23-00 GMT-0500,112.96,112.96,112.96,112.96,112.96,0
2021-11-30-05-31-00 GMT-0500,112.88,112.88,112.88,112.88,112.88,0
2021-11-30-05-58-00 GMT-0500,112.9,112.9,112.9,112.9,112.9,0
2021-11-30-06-15-00 GMT-0500,112.5,112.61,112.5,112.61,112.61,0
2021-11-30-06-18-00 GMT-0500,112.91,112.91,112.91,112.91,112.91,0
2021-11-30-06-55-00 GMT-0500,112.7,112.7,112.5,112.63,112.63,0
2021-11-30-06-58-00 GMT-0500,112.64,112.68,112.64,112.68,112.68,0
2021-11-30-07-00-00 GMT-0500,112.51,112.99,112.51,112.84,112.84,0
2021-11-30-07-01-00 GMT-0500,112.77,112.99,112.58,112.99,112.99,0
2021-11-30-07-02-00 GMT-0500,112.96,112.99,112.96,112.99,112.99,0
2021-11-30-07-04-00 GMT-0500,112.98,112.98,112.98,112.98,112.98,0
2021-11-30-07-05-00 GMT-0500,112.94,112.94,112.91,112.91,112.91,0
2021-11-30-07-07-00 GMT-0500,112.98,112.98,112.92,112.92,112.92,0
2021-11-30-07-11-00 GMT-0500,112.96,113.0,112.95,112.99,112.99,0
2021-11-30-07-12-00 GMT-0500,113.1,113.15,113.03,113.03,113.03,0
2021-11-30-07-13-00 GMT-0500,113.16,113.16,113.16,113.16,113.16,0
2021-11-30-07-14-00 GMT-0500,113.19,113.49,113.19,113.45,113.45,0
2021-11-30-07-15-00 GMT-0500,113.46,113.46,113.16,113.16,113.16,0
2021-11-30-07-16-00 GMT-0500,113.25,113.25,113.25,113.25,113.25,0
2021-11-30-07-17-00 GMT-0500,113.19,113.25,113.17,113.25,113.25,0
2021-11-30-07-19-00 GMT-0500,113.31,113.5,113.31,113.31,113.31,0
2021-11-30-07-20-00 GMT-0500,113.32,113.32,113.32,113.32,113.32,0
2021-11-30-07-21-00 GMT-0500,113.56,113.58,113.56,113.58,113.58,0
2021-11-30-07-23-00 GMT-0500,113.57,113.58,113.57,113.58,113.58,0
2021-11-30-07-25-00 GMT-0500,113.53,113.57,113.53,113.56,113.56,0
2021-11-30-07-29-00 GMT-0500,113.66,113.66,113.64,113.64,113.64,0
2021-11-30-07-31-00 GMT-0500,113.65,113.67,113.65,113.67,113.67,0
2021-11-30-07-32-00 GMT-0500,113.66,113.68,113.56,113.56,113.56,0
2021-11-30-07-33-00 GMT-0500,113.55,113.56,113.32,113.32,113.32,0
2021-11-30-07-34-00 GMT-0500,113.31,113.31,113.23,113.23,113.23,0
2021-11-30-07-36-00 GMT-0500,113.45,113.48,113.45,113.48,113.48,0
2021-11-30-07-37-00 GMT-0500,113.26,113.35,113.25,113.35,113.35,0
2021-11-30-07-41-00 GMT-0500,113.31,113.31,113.3,113.3,113.3,0
2021-11-30-07-42-00 GMT-0500,113.39,113.39,113.39,113.39,113.39,0
2021-11-30-07-43-00 GMT-0500,113.3,113.3,113.15,113.15,113.15,0
2021-11-30-07-44-00 GMT-0500,113.18,113.18,113.12,113.12,113.12,0
2021-11-30-07-47-00 GMT-0500,113.15,113.15,113.15,113.15,113.15,0
2021-11-30-07-49-00 GMT-0500,113.1,113.12,113.09,113.09,113.09,0
2021-11-30-07-50-00 GMT-0500,113.1,113.1,112.86,112.86,112.86,0
2021-11-30-07-51-00 GMT-0500,112.76,112.76,112.76,112.76,112.76,0
2021-11-30-07-52-00 GMT-0500,112.87,112.89,112.86,112.89,112.89,0
2021-11-30-07-53-00 GMT-0500,112.89,112.89,112.89,112.89,112.89,0
2021-11-30-07-54-00 GMT-0500,112.8,112.8,112.8,112.8,112.8,0
2021-11-30-07-55-00 GMT-0500,112.79,112.79,112.79,112.79,112.79,0
2021-11-30-07-57-00 GMT-0500,112.95,112.99,112.95,112.99,112.99,0
2021-11-30-07-59-00 GMT-0500,112.9,112.9,112.76,112.76,112.76,0
2021-11-30-08-00-00 GMT-0500,112.9,113.75,112.75,112.75,112.75,0
2021-11-30-08-01-00 GMT-0500,112.99,112.99,112.98,112.98,112.98,0
2021-11-30-08-06-00 GMT-0500,112.77,112.77,112.77,112.77,112.77,0
2021-11-30-08-07-00 GMT-0500,112.7701,112.7701,112.7701,112.7701,112.7701,0
2021-11-30-08-08-00 GMT-0500,112.78,112.78,112.77,112.77,112.77,0
2021-11-30-08-13-00 GMT-0500,112.9,112.9,112.8,112.84,112.84,0
2021-11-30-08-14-00 GMT-0500,112.82,112.82,112.66,112.68,112.68,0
2021-11-30-08-15-00 GMT-0500,112.67,112.74,112.67,112.68,112.68,0
2021-11-30-08-16-00 GMT-0500,112.68,112.68,112.65,112.65,112.65,0
2021-11-30-08-18-00 GMT-0500,112.56,112.75,112.56,112.75,112.75,0
2021-11-30-08-20-00 GMT-0500,112.78,112.84,112.78,112.84,112.84,0
2021-11-30-08-21-00 GMT-0500,112.84,112.88,112.76,112.76,112.76,0
2021-11-30-08-22-00 GMT-0500,112.76,112.84,112.76,112.84,112.84,0
2021-11-30-08-23-00 GMT-0500,112.88,112.88,112.82,112.83,112.83,0
2021-11-30-08-24-00 GMT-0500,112.83,112.94,112.83,112.83,112.83,0
2021-11-30-08-25-00 GMT-0500,112.83,112.83,112.6,112.6,112.6,0
2021-11-30-08-26-00 GMT-0500,112.78,112.78,112.67,112.67,112.67,0
2021-11-30-08-27-00 GMT-0500,112.64,112.81,112.64,112.68,112.68,0
2021-11-30-08-28-00 GMT-0500,112.68,112.68,112.68,112.68,112.68,0
2021-11-30-08-29-00 GMT-0500,112.67,112.79,112.56,112.79,112.79,0
2021-11-30-08-30-00 GMT-0500,112.66,112.66,112.5,112.5,112.5,0
2021-11-30-08-31-00 GMT-0500,112.45,112.58,112.12,112.32,112.32,0
2021-11-30-08-32-00 GMT-0500,112.15,112.21,112.1,112.1,112.1,0
2021-11-30-08-33-00 GMT-0500,112.1,112.1,112.01,112.09,112.09,0
2021-11-30-08-35-00 GMT-0500,112.09,112.11,112.03,112.03,112.03,0
2021-11-30-08-36-00 GMT-0500,112.01,112.49,112.01,112.35,112.35,0
2021-11-30-08-37-00 GMT-0500,112.23,112.25,112.23,112.25,112.25,0
2021-11-30-08-38-00 GMT-0500,112.26,112.5,112.24,112.49,112.49,0
2021-11-30-08-40-00 GMT-0500,112.3,112.55,112.27,112.53,112.53,0
2021-11-30-08-41-00 GMT-0500,112.55,112.55,112.43,112.54,112.54,0
2021-11-30-08-42-00 GMT-0500,112.3,112.3,112.26,112.26,112.26,0
2021-11-30-08-43-00 GMT-0500,112.4,112.4,112.28,112.28,112.28,0
2021-11-30-08-45-00 GMT-0500,112.43,112.43,112.2,112.2,112.2,0
2021-11-30-08-46-00 GMT-0500,112.38,112.38,112.22,112.22,112.22,0
2021-11-30-08-47-00 GMT-0500,112.32,112.44,112.25,112.42,112.42,0
2021-11-30-08-49-00 GMT-0500,112.38,112.38,112.23,112.35,112.35,0
2021-11-30-08-50-00 GMT-0500,112.24,112.36,112.2,112.3,112.3,0
2021-11-30-08-51-00 GMT-0500,112.3,112.44,112.3,112.3,112.3,0
2021-11-30-08-52-00 GMT-0500,112.4,112.47,112.4,112.47,112.47,0
2021-11-30-08-53-00 GMT-0500,112.59,112.9,112.59,112.8,112.8,0
2021-11-30-08-54-00 GMT-0500,112.99,112.99,112.79,112.79,112.79,0
2021-11-30-08-56-00 GMT-0500,112.99,112.99,112.85,112.85,112.85,0
2021-11-30-08-57-00 GMT-0500,112.8401,112.8401,112.8401,112.8401,112.8401,0
2021-11-30-08-58-00 GMT-0500,112.84,112.99,112.84,112.94,112.94,0
2021-11-30-08-59-00 GMT-0500,112.95,113.33,112.95,113.33,113.33,0
2021-11-30-09-00-00 GMT-0500,113.25,113.25,113.07,113.1,113.1,0
2021-11-30-09-01-00 GMT-0500,113.0,113.06,112.75,112.84,112.84,0
2021-11-30-09-02-00 GMT-0500,112.75,112.89,112.71,112.83,112.83,0
2021-11-30-09-03-00 GMT-0500,112.83,112.83,112.81,112.81,112.81,0
2021-11-30-09-04-00 GMT-0500,112.75,112.83,112.56,112.83,112.83,0
2021-11-30-09-05-00 GMT-0500,112.695,112.7,112.63,112.68,112.68,0
2021-11-30-09-06-00 GMT-0500,112.68,112.89,112.68,112.89,112.89,0
2021-11-30-09-07-00 GMT-0500,112.89,113.0,112.89,113.0,113.0,0
2021-11-30-09-08-00 GMT-0500,112.98,113.06,112.9,113.05,113.05,0
2021-11-30-09-09-00 GMT-0500,113.06,113.1,112.9,112.92,112.92,0
2021-11-30-09-10-00 GMT-0500,112.98,112.98,112.8,112.9,112.9,0
2021-11-30-09-11-00 GMT-0500,112.97,112.98,112.9,112.9,112.9,0
2021-11-30-09-12-00 GMT-0500,112.9,113.1,112.9,113.1,113.1,0
2021-11-30-09-13-00 GMT-0500,113.01,113.2,113.01,113.2,113.2,0
2021-11-30-09-14-00 GMT-0500,113.05,113.1,113.05,113.1,113.1,0
2021-11-30-09-30-00 GMT-0500,113.44999694824219,113.87999725341797,113.44999694824219,113.8280029296875,113.8280029296875,1111951
2021-11-30-09-31-00 GMT-0500,113.83000183105469,114.68000030517578,113.83000183105469,114.61000061035156,114.61000061035156,174671
2021-11-30-09-32-00 GMT-0500,114.66000366210938,114.8499984741211,114.37000274658203,114.80000305175781,114.80000305175781,81411
2021-11-30-09-33-00 GMT-0500,114.79000091552734,114.80000305175781,114.44000244140625,114.65969848632812,114.65969848632812,51101
2021-11-30-09-34-00 GMT-0500,114.6449966430664,114.87999725341797,114.41000366210938,114.58999633789062,114.58999633789062,63880
2021-11-30-09-35-00 GMT-0500,114.58000183105469,114.61000061035156,114.20999908447266,114.33999633789062,114.33999633789062,56789
2021-11-30-09-36-00 GMT-0500,114.33999633789062,114.38999938964844,114.2300033569336,114.27999877929688,114.27999877929688,28771
2021-11-30-09-37-00 GMT-0500,114.27999877929688,114.30000305175781,114.11000061035156,114.25,114.25,34792
2021-11-30-09-38-00 GMT-0500,114.30000305175781,114.55999755859375,114.25,114.30000305175781,114.30000305175781,58466
2021-11-30-09-39-00 GMT-0500,114.30999755859375,114.30999755859375,114.04000091552734,114.05999755859375,114.05999755859375,34587
2021-11-30-09-40-00 GMT-0500,114.06999969482422,114.44000244140625,114.01000213623047,114.42379760742188,114.42379760742188,73975
2021-11-30-09-41-00 GMT-0500,114.44999694824219,114.5199966430664,114.37000274658203,114.4800033569336,114.4800033569336,56356
2021-11-30-09-42-00 GMT-0500,114.4800033569336,114.52999877929688,114.3499984741211,114.5,114.5,42958
2021-11-30-09-43-00 GMT-0500,114.51000213623047,114.77999877929688,114.50659942626953,114.76000213623047,114.76000213623047,41851
2021-11-30-09-44-00 GMT-0500,114.7699966430664,114.8499984741211,114.69000244140625,114.84500122070312,114.84500122070312,21419
2021-11-30-09-45-00 GMT-0500,114.84500122070312,114.84500122070312,114.5999984741211,114.6364974975586,114.6364974975586,36466
2021-11-30-09-46-00 GMT-0500,114.6500015258789,114.69999694824219,114.41000366210938,114.41000366210938,114.41000366210938,19296
2021-11-30-09-47-00 GMT-0500,114.4000015258789,114.62000274658203,114.38999938964844,114.5199966430664,114.5199966430664,37218
2021-11-30-09-48-00 GMT-0500,114.5199966430664,114.54499816894531,114.30000305175781,114.4094009399414,114.4094009399414,28044
2021-11-30-09-49-00 GMT-0500,114.44999694824219,114.4800033569336,114.20999908447266,114.20999908447266,114.20999908447266,21390
2021-11-30-09-50-00 GMT-0500,114.18000030517578,114.29000091552734,114.13999938964844,114.19499969482422,114.19499969482422,21759
2021-11-30-09-51-00 GMT-0500,114.18000030517578,114.4000015258789,114.18000030517578,114.33999633789062,114.33999633789062,33697
2021-11-30-09-52-00 GMT-0500,114.31999969482422,114.48899841308594,114.31999969482422,114.37999725341797,114.37999725341797,23640
2021-11-30-09-53-00 GMT-0500,114.37000274658203,114.4800033569336,114.36000061035156,114.44000244140625,114.44000244140625,24596
2021-11-30-09-54-00 GMT-0500,114.45999908447266,114.54499816894531,114.4000015258789,114.47730255126953,114.47730255126953,11217
2021-11-30-09-55-00 GMT-0500,114.47000122070312,114.56999969482422,114.38999938964844,114.54000091552734,114.54000091552734,26665
2021-11-30-09-56-00 GMT-0500,114.58999633789062,114.6500015258789,114.5199966430664,114.6500015258789,114.6500015258789,19322
2021-11-30-09-57-00 GMT-0500,114.62999725341797,114.80000305175781,114.58000183105469,114.80000305175781,114.80000305175781,34299
2021-11-30-09-58-00 GMT-0500,114.81999969482422,114.83660125732422,114.56999969482422,114.5999984741211,114.5999984741211,14624
2021-11-30-09-59-00 GMT-0500,114.58999633789062,114.58999633789062,114.33999633789062,114.40499877929688,114.40499877929688,24395
2021-11-30-10-00-00 GMT-0500,114.41000366210938,114.41000366210938,114.06999969482422,114.12999725341797,114.12999725341797,42044
2021-11-30-10-01-00 GMT-0500,114.12000274658203,114.22000122070312,114.08999633789062,114.19000244140625,114.19000244140625,56530
2021-11-30-10-02-00 GMT-0500,114.19999694824219,114.4000015258789,114.19999694824219,114.2699966430664,114.2699966430664,46497
2021-11-30-10-03-00 GMT-0500,114.27999877929688,114.43000030517578,114.23999786376953,114.43000030517578,114.43000030517578,15485
2021-11-30-10-04-00 GMT-0500,114.41000366210938,114.44999694824219,114.2489013671875,114.30999755859375,114.30999755859375,18381
2021-11-30-10-05-00 GMT-0500,114.29000091552734,114.29000091552734,114.16000366210938,114.16999816894531,114.16999816894531,22295
2021-11-30-10-06-00 GMT-0500,114.22000122070312,114.43000030517578,114.18000030517578,114.41999816894531,114.41999816894531,17645
2021-11-30-10-07-00 GMT-0500,114.43000030517578,114.49949645996094,114.4000015258789,114.47000122070312,114.47000122070312,34570
2021-11-30-10-08-00 GMT-0500,114.47000122070312,114.72000122070312,114.45999908447266,114.70999908447266,114.70999908447266,106366
2021-11-30-10-09-00 GMT-0500,114.70809936523438,114.76000213623047,114.45999908447266,114.75,114.75,123594
2021-11-30-10-10-00 GMT-0500,114.7300033569336,114.98999786376953,114.69000244140625,114.7699966430664,114.7699966430664,349860
2021-11-30-10-11-00 GMT-0500,114.76000213623047,114.93000030517578,114.69000244140625,114.69999694824219,114.69999694824219,92618
2021-11-30-10-12-00 GMT-0500,114.69999694824219,114.80000305175781,114.64440155029297,114.66999816894531,114.66999816894531,84072
2021-11-30-10-13-00 GMT-0500,114.66999816894531,114.7300033569336,114.54399871826172,114.57119750976562,114.57119750976562,45710
2021-11-30-10-14-00 GMT-0500,114.56210327148438,114.63999938964844,114.50499725341797,114.52999877929688,114.52999877929688,57169
2021-11-30-10-15-00 GMT-0500,114.52999877929688,114.7300033569336,114.52999877929688,114.72000122070312,114.72000122070312,67129
2021-11-30-10-16-00 GMT-0500,114.72000122070312,114.83000183105469,114.69000244140625,114.76000213623047,114.76000213623047,63683
2021-11-30-10-17-00 GMT-0500,114.7500991821289,114.88990020751953,114.7500991821289,114.87000274658203,114.87000274658203,52296
2021-11-30-10-18-00 GMT-0500,114.89990234375,114.94000244140625,114.83000183105469,114.83999633789062,114.83999633789062,55385
2021-11-30-10-19-00 GMT-0500,114.84500122070312,114.91000366210938,114.69999694824219,114.69999694824219,114.69999694824219,62171
2021-11-30-10-20-00 GMT-0500,114.69999694824219,114.79000091552734,114.5999984741211,114.77999877929688,114.77999877929688,33648
2021-11-30-10-21-00 GMT-0500,114.7699966430664,114.79000091552734,114.5999984741211,114.5999984741211,114.5999984741211,27523
2021-11-30-10-22-00 GMT-0500,114.5999984741211,114.61000061035156,114.5199966430664,114.56199645996094,114.56199645996094,40000
2021-11-30-10-23-00 GMT-0500,114.55999755859375,114.62999725341797,114.55500030517578,114.61000061035156,114.61000061035156,49318
2021-11-30-10-24-00 GMT-0500,114.61499786376953,114.68679809570312,114.61000061035156,114.62999725341797,114.62999725341797,37009
2021-11-30-10-25-00 GMT-0500,114.63500213623047,114.68000030517578,114.52999877929688,114.66999816894531,114.66999816894531,46962
2021-11-30-10-26-00 GMT-0500,114.66000366210938,114.7300033569336,114.55999755859375,114.55999755859375,114.55999755859375,25418
2021-11-30-10-27-00 GMT-0500,114.55000305175781,114.62000274658203,114.54000091552734,114.5999984741211,114.5999984741211,28249
2021-11-30-10-28-00 GMT-0500,114.61000061035156,114.93000030517578,114.61000061035156,114.9281997680664,114.9281997680664,51406
2021-11-30-10-29-00 GMT-0500,114.91999816894531,114.97000122070312,114.7699966430664,114.97000122070312,114.97000122070312,64883
2021-11-30-10-30-00 GMT-0500,114.9800033569336,115.30999755859375,114.93000030517578,115.30020141601562,115.30020141601562,108399
2021-11-30-10-31-00 GMT-0500,115.30999755859375,115.37999725341797,115.26000213623047,115.30999755859375,115.30999755859375,86383
2021-11-30-10-32-00 GMT-0500,115.33000183105469,115.36000061035156,115.20999908447266,115.33999633789062,115.33999633789062,51889
2021-11-30-10-33-00 GMT-0500,115.32160186767578,115.37100219726562,115.19999694824219,115.20999908447266,115.20999908447266,55347
2021-11-30-10-34-00 GMT-0500,115.20999908447266,115.4561996459961,115.20999908447266,115.44000244140625,115.44000244140625,48675
2021-11-30-10-35-00 GMT-0500,115.4343032836914,115.73999786376953,115.43000030517578,115.6500015258789,115.6500015258789,65483
2021-11-30-10-36-00 GMT-0500,115.63999938964844,115.68000030517578,115.45999908447266,115.47000122070312,115.47000122070312,54832
2021-11-30-10-37-00 GMT-0500,115.54979705810547,115.55000305175781,115.44000244140625,115.52999877929688,115.52999877929688,38308
2021-11-30-10-38-00 GMT-0500,115.55999755859375,115.86000061035156,115.4800033569336,115.76000213623047,115.76000213623047,92011
2021-11-30-10-39-00 GMT-0500,115.75,115.81990051269531,115.6500015258789,115.73999786376953,115.73999786376953,60995
2021-11-30-10-40-00 GMT-0500,115.75,115.75189971923828,115.66000366210938,115.69000244140625,115.69000244140625,54565
2021-11-30-10-41-00 GMT-0500,115.68000030517578,115.73999786376953,115.51190185546875,115.69000244140625,115.69000244140625,35674
2021-11-30-10-42-00 GMT-0500,115.6449966430664,115.7300033569336,115.55000305175781,115.58589935302734,115.58589935302734,19587
2021-11-30-10-43-00 GMT-0500,115.56999969482422,115.58999633789062,115.47000122070312,115.50890350341797,115.50890350341797,26589
2021-11-30-10-44-00 GMT-0500,115.5,115.62000274658203,115.43000030517578,115.48999786376953,115.48999786376953,22719
2021-11-30-10-45-00 GMT-0500,115.4800033569336,115.48500061035156,115.30999755859375,115.33000183105469,115.33000183105469,36916
2021-11-30-10-46-00 GMT-0500,115.36000061035156,115.44499969482422,115.23999786376953,115.44499969482422,115.44499969482422,42433
2021-11-30-10-47-00 GMT-0500,115.44000244140625,115.53140258789062,115.30999755859375,115.33000183105469,115.33000183105469,23453
2021-11-30-10-48-00 GMT-0500,115.33999633789062,115.43000030517578,115.31999969482422,115.36499786376953,115.36499786376953,20718
2021-11-30-10-49-00 GMT-0500,115.36000061035156,115.37000274658203,115.19000244140625,115.20989990234375,115.20989990234375,56870
2021-11-30-10-50-00 GMT-0500,115.19000244140625,115.27999877929688,115.11000061035156,115.26000213623047,115.26000213623047,41428
2021-11-30-10-51-00 GMT-0500,115.25,115.55999755859375,115.25,115.5250015258789,115.5250015258789,40121
2021-11-30-10-52-00 GMT-0500,115.5199966430664,115.5199966430664,115.19000244140625,115.2300033569336,115.2300033569336,26992
2021-11-30-10-53-00 GMT-0500,115.25,115.26000213623047,115.0999984741211,115.22000122070312,115.22000122070312,28010
2021-11-30-10-54-00 GMT-0500,115.22000122070312,115.2322006225586,115.02999877929688,115.08000183105469,115.08000183105469,26848
2021-11-30-10-55-00 GMT-0500,115.0999984741211,115.12999725341797,114.95480346679688,115.11000061035156,115.11000061035156,44897
2021-11-30-10-56-00 GMT-0500,115.1050033569336,115.12000274658203,114.91999816894531,114.94499969482422,114.94499969482422,49498
2021-11-30-10-57-00 GMT-0500,114.9800033569336,115.0199966430664,114.87000274658203,114.93000030517578,114.93000030517578,42603
2021-11-30-10-58-00 GMT-0500,114.94000244140625,114.94999694824219,114.83999633789062,114.83999633789062,114.83999633789062,20755
2021-11-30-10-59-00 GMT-0500,114.83999633789062,114.88189697265625,114.7699966430664,114.86000061035156,114.86000061035156,34772
2021-11-30-11-00-00 GMT-0500,114.87000274658203,114.94999694824219,114.7699966430664,114.7750015258789,114.7750015258789,53235
2021-11-30-11-01-00 GMT-0500,114.76820373535156,114.83999633789062,114.73999786376953,114.79499816894531,114.79499816894531,38072
2021-11-30-11-02-00 GMT-0500,114.77999877929688,114.80000305175781,114.63999938964844,114.69000244140625,114.69000244140625,40428
2021-11-30-11-03-00 GMT-0500,114.70999908447266,114.75,114.62999725341797,114.72019958496094,114.72019958496094,42066
2021-11-30-11-04-00 GMT-0500,114.70999908447266,114.86000061035156,114.69499969482422,114.76750183105469,114.76750183105469,40616
2021-11-30-11-05-00 GMT-0500,114.75,114.75990295410156,114.66000366210938,114.70500183105469,114.70500183105469,55751
2021-11-30-11-06-00 GMT-0500,114.69999694824219,114.7699966430664,114.58000183105469,114.7656021118164,114.7656021118164,44251
2021-11-30-11-07-00 GMT-0500,114.76000213623047,114.86499786376953,114.7300033569336,114.83499908447266,114.83499908447266,37867
2021-11-30-11-08-00 GMT-0500,114.83000183105469,114.8499984741211,114.77999877929688,114.83999633789062,114.83999633789062,38084
2021-11-30-11-09-00 GMT-0500,114.8416976928711,114.94000244140625,114.81999969482422,114.93550109863281,114.93550109863281,54966
2021-11-30-11-10-00 GMT-0500,114.94400024414062,114.94999694824219,114.75849914550781,114.79499816894531,114.79499816894531,33462
2021-11-30-11-11-00 GMT-0500,114.81999969482422,115.02999877929688,114.81999969482422,115.01499938964844,115.01499938964844,42218
2021-11-30-11-12-00 GMT-0500,115.01000213623047,115.04000091552734,114.9000015258789,115.0199966430664,115.0199966430664,26554
2021-11-30-11-13-00 GMT-0500,115.0,115.04560089111328,114.93000030517578,115.02999877929688,115.02999877929688,32628
2021-11-30-11-14-00 GMT-0500,115.0199966430664,115.08999633789062,114.98999786376953,115.02999877929688,115.02999877929688,27933
2021-11-30-11-15-00 GMT-0500,115.02230072021484,115.04930114746094,114.95500183105469,114.97000122070312,114.97000122070312,32966
2021-11-30-11-16-00 GMT-0500,114.97000122070312,115.0199966430664,114.94999694824219,114.9800033569336,114.9800033569336,28081
2021-11-30-11-17-00 GMT-0500,114.98999786376953,115.0999984741211,114.95999908447266,115.07260131835938,115.07260131835938,41479
2021-11-30-11-18-00 GMT-0500,115.06999969482422,115.19000244140625,115.05500030517578,115.18000030517578,115.18000030517578,30923
2021-11-30-11-19-00 GMT-0500,115.18009948730469,115.23999786376953,115.0999984741211,115.2300033569336,115.2300033569336,31441
2021-11-30-11-20-00 GMT-0500,115.21019744873047,115.25,115.05999755859375,115.05999755859375,115.05999755859375,21260
2021-11-30-11-21-00 GMT-0500,115.06999969482422,115.06999969482422,114.95999908447266,114.97000122070312,114.97000122070312,25262
2021-11-30-11-22-00 GMT-0500,114.95999908447266,114.95999908447266,114.87999725341797,114.94000244140625,114.94000244140625,24851
2021-11-30-11-23-00 GMT-0500,114.93569946289062,114.93569946289062,114.81999969482422,114.81999969482422,114.81999969482422,41521
2021-11-30-11-24-00 GMT-0500,114.81999969482422,114.82499694824219,114.75,114.79000091552734,114.79000091552734,53234
2021-11-30-11-25-00 GMT-0500,114.79000091552734,114.80000305175781,114.63999938964844,114.68000030517578,114.68000030517578,38384
2021-11-30-11-26-00 GMT-0500,114.69000244140625,114.91999816894531,114.69000244140625,114.87000274658203,114.87000274658203,23965
2021-11-30-11-27-00 GMT-0500,114.86000061035156,115.0,114.86000061035156,114.97000122070312,114.97000122070312,34253
2021-11-30-11-28-00 GMT-0500,114.97000122070312,115.02999877929688,114.90440368652344,115.02999877929688,115.02999877929688,18897
2021-11-30-11-29-00 GMT-0500,115.0199966430664,115.05000305175781,114.91000366210938,114.97000122070312,114.97000122070312,40048
2021-11-30-11-30-00 GMT-0500,114.95999908447266,115.00659942626953,114.82499694824219,114.94999694824219,114.94999694824219,20957
2021-11-30-11-31-00 GMT-0500,114.9800033569336,114.98999786376953,114.86000061035156,114.86000061035156,114.86000061035156,20289
2021-11-30-11-32-00 GMT-0500,114.8550033569336,114.87000274658203,114.79499816894531,114.80000305175781,114.80000305175781,30072
2021-11-30-11-33-00 GMT-0500,114.80999755859375,114.81999969482422,114.70999908447266,114.80850219726562,114.80850219726562,29908
2021-11-30-11-34-00 GMT-0500,114.80000305175781,114.80500030517578,114.70999908447266,114.73999786376953,114.73999786376953,41556
2021-11-30-11-35-00 GMT-0500,114.7300033569336,114.73999786376953,114.55999755859375,114.5999984741211,114.5999984741211,39765
2021-11-30-11-36-00 GMT-0500,114.5999984741211,114.68000030517578,114.572998046875,114.62000274658203,114.62000274658203,15428
2021-11-30-11-37-00 GMT-0500,114.62999725341797,114.6500015258789,114.52999877929688,114.58999633789062,114.58999633789062,35421
2021-11-30-11-38-00 GMT-0500,114.58000183105469,114.69000244140625,114.58000183105469,114.68499755859375,114.68499755859375,50890
2021-11-30-11-39-00 GMT-0500,114.66000366210938,114.69999694824219,114.61000061035156,114.64859771728516,114.64859771728516,23797
2021-11-30-11-40-00 GMT-0500,114.62999725341797,114.70999908447266,114.58000183105469,114.6500015258789,114.6500015258789,20512
2021-11-30-11-41-00 GMT-0500,114.6500015258789,114.69000244140625,114.62000274658203,114.63999938964844,114.63999938964844,21231
2021-11-30-11-42-00 GMT-0500,114.63999938964844,114.69860076904297,114.62999725341797,114.63500213623047,114.63500213623047,17776
2021-11-30-11-43-00 GMT-0500,114.63999938964844,114.69000244140625,114.55000305175781,114.55999755859375,114.55999755859375,35647
2021-11-30-11-44-00 GMT-0500,114.57499694824219,114.58499908447266,114.44000244140625,114.44000244140625,114.44000244140625,68664
2021-11-30-11-45-00 GMT-0500,114.44000244140625,114.52999877929688,114.36000061035156,114.39859771728516,114.39859771728516,81244
2021-11-30-11-46-00 GMT-0500,114.38999938964844,114.41000366210938,114.30999755859375,114.31999969482422,114.31999969482422,40238
2021-11-30-11-47-00 GMT-0500,114.30999755859375,114.43000030517578,114.30999755859375,114.42790222167969,114.42790222167969,25268
2021-11-30-11-48-00 GMT-0500,114.43000030517578,114.45999908447266,114.33000183105469,114.33999633789062,114.33999633789062,43634
2021-11-30-11-49-00 GMT-0500,114.3499984741211,114.36000061035156,114.25199890136719,114.29000091552734,114.29000091552734,63246
2021-11-30-11-50-00 GMT-0500,114.29000091552734,114.30999755859375,114.16000366210938,114.20999908447266,114.20999908447266,78837
2021-11-30-11-51-00 GMT-0500,114.19999694824219,114.29000091552734,114.12999725341797,114.18000030517578,114.18000030517578,73440
2021-11-30-11-52-00 GMT-0500,114.19000244140625,114.19999694824219,114.12000274658203,114.13999938964844,114.13999938964844,70641
2021-11-30-11-53-00 GMT-0500,114.13999938964844,114.24220275878906,114.13999938964844,114.19999694824219,114.19999694824219,51812
2021-11-30-11-54-00 GMT-0500,114.20500183105469,114.20500183105469,114.06999969482422,114.1449966430664,114.1449966430664,43882
2021-11-30-11-55-00 GMT-0500,114.1500015258789,114.18000030517578,114.05999755859375,114.1449966430664,114.1449966430664,44255
2021-11-30-11-56-00 GMT-0500,114.13999938964844,114.26000213623047,114.125,114.21549987792969,114.21549987792969,36113
2021-11-30-11-57-00 GMT-0500,114.20999908447266,114.26000213623047,114.19000244140625,114.20999908447266,114.20999908447266,41047
2021-11-30-11-58-00 GMT-0500,114.19999694824219,114.27989959716797,114.16500091552734,114.2300033569336,114.2300033569336,29895
2021-11-30-11-59-00 GMT-0500,114.2300033569336,114.2699966430664,114.16999816894531,114.25,114.25,22730
2021-11-30-12-00-00 GMT-0500,114.25,114.25,114.06999969482422,114.08000183105469,114.08000183105469,28918
2021-11-30-12-01-00 GMT-0500,114.06999969482422,114.08999633789062,114.01000213623047,114.06999969482422,114.06999969482422,42085
2021-11-30-12-02-00 GMT-0500,114.08000183105469,114.12000274658203,114.0,114.0199966430664,114.0199966430664,46792
2021-11-30-12-03-00 GMT-0500,114.01499938964844,114.0999984741211,114.01000213623047,114.02999877929688,114.02999877929688,28977
2021-11-30-12-04-00 GMT-0500,114.05580139160156,114.05999755859375,113.92500305175781,114.00160217285156,114.00160217285156,52650
2021-11-30-12-05-00 GMT-0500,114.0,114.11000061035156,113.9800033569336,114.0199966430664,114.0199966430664,37201
2021-11-30-12-06-00 GMT-0500,114.01000213623047,114.05999755859375,113.86499786376953,113.86499786376953,113.86499786376953,26101
2021-11-30-12-07-00 GMT-0500,113.86000061035156,113.9000015258789,113.80000305175781,113.87550354003906,113.87550354003906,35470
2021-11-30-12-08-00 GMT-0500,113.87999725341797,113.9749984741211,113.83999633789062,113.94999694824219,113.94999694824219,26808
2021-11-30-12-09-00 GMT-0500,113.96499633789062,114.0,113.93000030517578,114.0,114.0,20488
2021-11-30-12-10-00 GMT-0500,114.0,114.11000061035156,114.0,114.0199966430664,114.0199966430664,21836
2021-11-30-12-11-00 GMT-0500,114.01249694824219,114.05000305175781,113.8949966430664,113.9000015258789,113.9000015258789,21371
2021-11-30-12-12-00 GMT-0500,113.91999816894531,114.20999908447266,113.91999816894531,114.20559692382812,114.20559692382812,45803
2021-11-30-12-13-00 GMT-0500,114.18000030517578,114.18000030517578,114.04000091552734,114.04000091552734,114.04000091552734,17098
2021-11-30-12-14-00 GMT-0500,114.02999877929688,114.05000305175781,113.97000122070312,114.04000091552734,114.04000091552734,27429
2021-11-30-12-15-00 GMT-0500,114.02999877929688,114.06999969482422,113.9000015258789,113.95999908447266,113.95999908447266,29961
2021-11-30-12-16-00 GMT-0500,113.9800033569336,114.13999938964844,113.97000122070312,114.12000274658203,114.12000274658203,15237
2021-11-30-12-17-00 GMT-0500,114.11000061035156,114.19999694824219,114.06999969482422,114.16500091552734,114.16500091552734,52290
2021-11-30-12-18-00 GMT-0500,114.16000366210938,114.25,114.16000366210938,114.20860290527344,114.20860290527344,29386
2021-11-30-12-19-00 GMT-0500,114.22000122070312,114.3499984741211,114.18000030517578,114.33999633789062,114.33999633789062,30948
2021-11-30-12-20-00 GMT-0500,114.3499984741211,114.36499786376953,114.2300033569336,114.23999786376953,114.23999786376953,20132
2021-11-30-12-21-00 GMT-0500,114.25499725341797,114.29000091552734,114.2300033569336,114.29000091552734,114.29000091552734,17658
2021-11-30-12-22-00 GMT-0500,114.30999755859375,114.33000183105469,114.23999786376953,114.23999786376953,114.23999786376953,13432
2021-11-30-12-23-00 GMT-0500,114.2300033569336,114.2300033569336,114.16999816894531,114.18000030517578,114.18000030517578,10837
2021-11-30-12-24-00 GMT-0500,114.18000030517578,114.2699966430664,114.12999725341797,114.2520980834961,114.2520980834961,20533
2021-11-30-12-25-00 GMT-0500,114.30000305175781,114.3499984741211,114.26000213623047,114.27999877929688,114.27999877929688,19003
2021-11-30-12-26-00 GMT-0500,114.29000091552734,114.32499694824219,114.27999877929688,114.29499816894531,114.29499816894531,8810
2021-11-30-12-27-00 GMT-0500,114.3019027709961,114.38500213623047,114.3019027709961,114.36000061035156,114.36000061035156,18852
2021-11-30-12-28-00 GMT-0500,114.36000061035156,114.36969757080078,114.31999969482422,114.33000183105469,114.33000183105469,10138
2021-11-30-12-29-00 GMT-0500,114.33999633789062,114.35990142822266,114.29000091552734,114.33999633789062,114.33999633789062,23549
2021-11-30-12-30-00 GMT-0500,114.31999969482422,114.31999969482422,114.19999694824219,114.26000213623047,114.26000213623047,27271
2021-11-30-12-31-00 GMT-0500,114.26000213623047,114.33999633789062,114.26000213623047,114.3280029296875,114.3280029296875,22869
2021-11-30-12-32-00 GMT-0500,114.33000183105469,114.43000030517578,114.33000183105469,114.4000015258789,114.4000015258789,19534
2021-11-30-12-33-00 GMT-0500,114.4000015258789,114.55000305175781,114.38999938964844,114.54340362548828,114.54340362548828,43260
2021-11-30-12-34-00 GMT-0500,114.55999755859375,114.5999984741211,114.44999694824219,114.45999908447266,114.45999908447266,29984
2021-11-30-12-35-00 GMT-0500,114.44999694824219,114.61000061035156,114.44999694824219,114.55000305175781,114.55000305175781,19324
2021-11-30-12-36-00 GMT-0500,114.54000091552734,114.55000305175781,114.44000244140625,114.54000091552734,114.54000091552734,26946
2021-11-30-12-37-00 GMT-0500,114.54139709472656,114.54139709472656,114.31999969482422,114.31999969482422,114.31999969482422,18294
2021-11-30-12-38-00 GMT-0500,114.33000183105469,114.4094009399414,114.32499694824219,114.32499694824219,114.32499694824219,15075
2021-11-30-12-39-00 GMT-0500,114.30000305175781,114.30999755859375,114.19000244140625,114.19000244140625,114.19000244140625,14305
2021-11-30-12-40-00 GMT-0500,114.18000030517578,114.19999694824219,114.11000061035156,114.12000274658203,114.12000274658203,19012
2021-11-30-12-41-00 GMT-0500,114.11900329589844,114.11900329589844,114.02999877929688,114.09850311279297,114.09850311279297,16360
2021-11-30-12-42-00 GMT-0500,114.08999633789062,114.0999984741211,114.0199966430664,114.03500366210938,114.03500366210938,18859
2021-11-30-12-43-00 GMT-0500,114.05000305175781,114.11000061035156,114.0199966430664,114.11000061035156,114.11000061035156,32618
2021-11-30-12-44-00 GMT-0500,114.12000274658203,114.2468032836914,114.0999984741211,114.19999694824219,114.19999694824219,22048
2021-11-30-12-45-00 GMT-0500,114.18000030517578,114.44000244140625,114.1500015258789,114.22000122070312,114.22000122070312,177184
2021-11-30-12-46-00 GMT-0500,114.2300033569336,114.30000305175781,114.19999694824219,114.27570343017578,114.27570343017578,62059
2021-11-30-12-47-00 GMT-0500,114.26750183105469,114.30000305175781,114.17230224609375,114.18450164794922,114.18450164794922,23508
2021-11-30-12-48-00 GMT-0500,114.20999908447266,114.2771987915039,114.19999694824219,114.22509765625,114.22509765625,18365
2021-11-30-12-49-00 GMT-0500,114.22000122070312,114.23999786376953,114.08499908447266,114.0999984741211,114.0999984741211,63166
2021-11-30-12-50-00 GMT-0500,114.0999984741211,114.19999694824219,114.09500122070312,114.13999938964844,114.13999938964844,66742
2021-11-30-12-51-00 GMT-0500,114.15460205078125,114.27999877929688,114.1500015258789,114.20999908447266,114.20999908447266,31392
2021-11-30-12-52-00 GMT-0500,114.19000244140625,114.19989776611328,114.09020233154297,114.19000244140625,114.19000244140625,41476
2021-11-30-12-53-00 GMT-0500,114.18000030517578,114.20999908447266,114.08820343017578,114.1708984375,114.1708984375,32374
2021-11-30-12-54-00 GMT-0500,114.17579650878906,114.25,114.16999816894531,114.18000030517578,114.18000030517578,33154
2021-11-30-12-55-00 GMT-0500,114.18000030517578,114.20999908447266,114.08999633789062,114.08999633789062,114.08999633789062,20776
2021-11-30-12-56-00 GMT-0500,114.11000061035156,114.11000061035156,114.0250015258789,114.05999755859375,114.05999755859375,24555
2021-11-30-12-57-00 GMT-0500,114.06529998779297,114.19999694824219,114.05999755859375,114.16000366210938,114.16000366210938,88282
2021-11-30-12-58-00 GMT-0500,114.16010284423828,114.16010284423828,114.05000305175781,114.09880065917969,114.09880065917969,81593
2021-11-30-12-59-00 GMT-0500,114.11000061035156,114.22989654541016,114.0999984741211,114.20999908447266,114.20999908447266,73638
2021-11-30-13-00-00 GMT-0500,114.2300033569336,114.26000213623047,114.11000061035156,114.18569946289062,114.18569946289062,46382
2021-11-30-13-01-00 GMT-0500,114.18000030517578,114.25800323486328,114.16000366210938,114.20500183105469,114.20500183105469,56700
2021-11-30-13-02-00 GMT-0500,114.22000122070312,114.22000122070312,114.02999877929688,114.06999969482422,114.06999969482422,43667
2021-11-30-13-03-00 GMT-0500,114.06659698486328,114.0999984741211,114.02999877929688,114.02999877929688,114.02999877929688,23907
2021-11-30-13-04-00 GMT-0500,114.03389739990234,114.04900360107422,113.94999694824219,113.97000122070312,113.97000122070312,65778
2021-11-30-13-05-00 GMT-0500,113.9800033569336,114.08869934082031,113.97000122070312,113.98999786376953,113.98999786376953,35468
2021-11-30-13-06-00 GMT-0500,114.01000213623047,114.05000305175781,113.97000122070312,114.04000091552734,114.04000091552734,27231
2021-11-30-13-07-00 GMT-0500,114.04000091552734,114.1500015258789,114.0199966430664,114.13459777832031,114.13459777832031,27730
2021-11-30-13-08-00 GMT-0500,114.12999725341797,114.12999725341797,114.01000213623047,114.04000091552734,114.04000091552734,28900
2021-11-30-13-09-00 GMT-0500,114.05000305175781,114.05000305175781,113.95999908447266,113.95999908447266,113.95999908447266,21238
2021-11-30-13-10-00 GMT-0500,113.95999908447266,113.97000122070312,113.9000015258789,113.91960144042969,113.91960144042969,52028
2021-11-30-13-11-00 GMT-0500,113.91999816894531,113.93009948730469,113.85710144042969,113.87000274658203,113.87000274658203,23307
2021-11-30-13-12-00 GMT-0500,113.88999938964844,113.94979858398438,113.87999725341797,113.93000030517578,113.93000030517578,18773
2021-11-30-13-13-00 GMT-0500,113.91999816894531,113.9397964477539,113.86000061035156,113.87999725341797,113.87999725341797,17288
2021-11-30-13-14-00 GMT-0500,113.87999725341797,113.88999938964844,113.75,113.8102035522461,113.8102035522461,41493
2021-11-30-13-15-00 GMT-0500,113.80999755859375,113.94999694824219,113.80000305175781,113.94499969482422,113.94499969482422,23354
2021-11-30-13-16-00 GMT-0500,113.94999694824219,114.0,113.88999938964844,113.9800033569336,113.9800033569336,13270
2021-11-30-13-17-00 GMT-0500,113.97000122070312,113.97000122070312,113.83999633789062,113.87999725341797,113.87999725341797,17390
2021-11-30-13-18-00 GMT-0500,113.88999938964844,113.88999938964844,113.83999633789062,113.87999725341797,113.87999725341797,12041
2021-11-30-13-19-00 GMT-0500,113.88760375976562,113.89689636230469,113.83000183105469,113.86000061035156,113.86000061035156,19726
2021-11-30-13-20-00 GMT-0500,113.85449981689453,113.85449981689453,113.77999877929688,113.82009887695312,113.82009887695312,15636
2021-11-30-13-21-00 GMT-0500,113.81999969482422,113.83000183105469,113.7699966430664,113.77999877929688,113.77999877929688,17576
2021-11-30-13-22-00 GMT-0500,113.79989624023438,113.91000366210938,113.78500366210938,113.8949966430664,113.8949966430664,14472
2021-11-30-13-23-00 GMT-0500,113.91000366210938,113.9800033569336,113.91000366210938,113.95829772949219,113.95829772949219,17763
2021-11-30-13-24-00 GMT-0500,113.94000244140625,114.0199966430664,113.91000366210938,114.0,114.0,13612
2021-11-30-13-25-00 GMT-0500,113.98999786376953,113.98999786376953,113.9000015258789,113.9000015258789,113.9000015258789,14826
2021-11-30-13-26-00 GMT-0500,113.9000015258789,113.9000015258789,113.80500030517578,113.83999633789062,113.83999633789062,16287
2021-11-30-13-27-00 GMT-0500,113.83000183105469,113.88999938964844,113.80000305175781,113.8499984741211,113.8499984741211,21315
2021-11-30-13-28-00 GMT-0500,113.83999633789062,113.875,113.80000305175781,113.80000305175781,113.80000305175781,14186
2021-11-30-13-29-00 GMT-0500,113.80999755859375,113.80999755859375,113.7300033569336,113.74400329589844,113.74400329589844,28181
2021-11-30-13-30-00 GMT-0500,113.72000122070312,113.91000366210938,113.6500015258789,113.88909912109375,113.88909912109375,70005
2021-11-30-13-31-00 GMT-0500,113.9000015258789,113.93000030517578,113.83000183105469,113.86000061035156,113.86000061035156,13144
2021-11-30-13-32-00 GMT-0500,113.83000183105469,113.83000183105469,113.75499725341797,113.81990051269531,113.81990051269531,20590
2021-11-30-13-33-00 GMT-0500,113.79000091552734,113.80000305175781,113.7300033569336,113.7300033569336,113.7300033569336,11391
2021-11-30-13-34-00 GMT-0500,113.73999786376953,113.76000213623047,113.7249984741211,113.74720001220703,113.74720001220703,9783
2021-11-30-13-35-00 GMT-0500,113.73999786376953,113.80500030517578,113.73999786376953,113.80000305175781,113.80000305175781,9449
2021-11-30-13-36-00 GMT-0500,113.78900146484375,113.86499786376953,113.78900146484375,113.86499786376953,113.86499786376953,14361
2021-11-30-13-37-00 GMT-0500,113.86000061035156,113.87999725341797,113.83000183105469,113.87999725341797,113.87999725341797,17539
2021-11-30-13-38-00 GMT-0500,113.86000061035156,113.91999816894531,113.83000183105469,113.91999816894531,113.91999816894531,11438
2021-11-30-13-39-00 GMT-0500,113.91999816894531,113.91999816894531,113.8499984741211,113.8550033569336,113.8550033569336,9606
2021-11-30-13-40-00 GMT-0500,113.83999633789062,113.87000274658203,113.80940246582031,113.80940246582031,113.80940246582031,9895
2021-11-30-13-41-00 GMT-0500,113.80500030517578,113.86000061035156,113.79000091552734,113.86000061035156,113.86000061035156,12642
2021-11-30-13-42-00 GMT-0500,113.86990356445312,113.91000366210938,113.83999633789062,113.87000274658203,113.87000274658203,7473
2021-11-30-13-43-00 GMT-0500,113.87999725341797,113.94999694824219,113.87999725341797,113.9352035522461,113.9352035522461,18709
2021-11-30-13-44-00 GMT-0500,113.94000244140625,113.9800033569336,113.9000015258789,113.95999908447266,113.95999908447266,12309
2021-11-30-13-45-00 GMT-0500,113.97000122070312,114.02410125732422,113.94499969482422,113.94999694824219,113.94999694824219,20275
2021-11-30-13-46-00 GMT-0500,113.94999694824219,114.04000091552734,113.94999694824219,114.02999877929688,114.02999877929688,24725
2021-11-30-13-47-00 GMT-0500,114.03700256347656,114.04000091552734,113.97000122070312,114.01000213623047,114.01000213623047,23857
2021-11-30-13-48-00 GMT-0500,114.0199966430664,114.05999755859375,113.9800033569336,114.05999755859375,114.05999755859375,13823
2021-11-30-13-49-00 GMT-0500,114.05999755859375,114.09100341796875,114.04000091552734,114.05999755859375,114.05999755859375,24721
2021-11-30-13-50-00 GMT-0500,114.04660034179688,114.08999633789062,114.04660034179688,114.08000183105469,114.08000183105469,17818
2021-11-30-13-51-00 GMT-0500,114.08000183105469,114.2136001586914,114.08000183105469,114.20999908447266,114.20999908447266,26134
2021-11-30-13-52-00 GMT-0500,114.19000244140625,114.19000244140625,114.08000183105469,114.13999938964844,114.13999938964844,28099
2021-11-30-13-53-00 GMT-0500,114.13569641113281,114.26499938964844,114.13179779052734,114.25,114.25,18207
2021-11-30-13-54-00 GMT-0500,114.23999786376953,114.2699966430664,114.19000244140625,114.22000122070312,114.22000122070312,21200
2021-11-30-13-55-00 GMT-0500,114.2300033569336,114.24500274658203,114.20999908447266,114.2300033569336,114.2300033569336,9268
2021-11-30-13-56-00 GMT-0500,114.2479019165039,114.30999755859375,114.23500061035156,114.27999877929688,114.27999877929688,26358
2021-11-30-13-57-00 GMT-0500,114.29000091552734,114.29000091552734,114.21009826660156,114.21009826660156,114.21009826660156,17107
2021-11-30-13-58-00 GMT-0500,114.2072982788086,114.22000122070312,114.15360260009766,114.18000030517578,114.18000030517578,13759
2021-11-30-13-59-00 GMT-0500,114.18000030517578,114.30000305175781,114.18000030517578,114.30000305175781,114.30000305175781,29640
2021-11-30-14-00-00 GMT-0500,114.27999877929688,114.33999633789062,114.23999786376953,114.2699966430664,114.2699966430664,12571
2021-11-30-14-01-00 GMT-0500,114.2750015258789,114.2750015258789,114.16000366210938,114.19999694824219,114.19999694824219,19146
2021-11-30-14-02-00 GMT-0500,114.20999908447266,114.25,114.18000030517578,114.18000030517578,114.18000030517578,15562
2021-11-30-14-03-00 GMT-0500,114.19000244140625,114.2300033569336,114.16999816894531,114.17009735107422,114.17009735107422,28056
2021-11-30-14-04-00 GMT-0500,114.18000030517578,114.28299713134766,114.18000030517578,114.2699966430664,114.2699966430664,10763
2021-11-30-14-05-00 GMT-0500,114.26000213623047,114.26000213623047,114.16300201416016,114.19999694824219,114.19999694824219,29614
2021-11-30-14-06-00 GMT-0500,114.19999694824219,114.19999694824219,114.0999984741211,114.12999725341797,114.12999725341797,17623
2021-11-30-14-07-00 GMT-0500,114.13999938964844,114.30000305175781,114.13999938964844,114.30000305175781,114.30000305175781,29869
2021-11-30-14-08-00 GMT-0500,114.33000183105469,114.38999938964844,114.33000183105469,114.38999938964844,114.38999938964844,11386
2021-11-30-14-09-00 GMT-0500,114.37999725341797,114.44000244140625,114.37999725341797,114.4000015258789,114.4000015258789,29378
2021-11-30-14-10-00 GMT-0500,114.38999938964844,114.38999938964844,114.33000183105469,114.3499984741211,114.3499984741211,22527
2021-11-30-14-11-00 GMT-0500,114.36000061035156,114.45600128173828,114.36000061035156,114.43299865722656,114.43299865722656,29254
2021-11-30-14-12-00 GMT-0500,114.44000244140625,114.44000244140625,114.31999969482422,114.33000183105469,114.33000183105469,30392
2021-11-30-14-13-00 GMT-0500,114.31500244140625,114.37000274658203,114.30000305175781,114.31999969482422,114.31999969482422,13315
2021-11-30-14-14-00 GMT-0500,114.30000305175781,114.37999725341797,114.27999877929688,114.37999725341797,114.37999725341797,12911
2021-11-30-14-15-00 GMT-0500,114.37999725341797,114.4000015258789,114.34500122070312,114.34500122070312,114.34500122070312,15309
2021-11-30-14-16-00 GMT-0500,114.31999969482422,114.33999633789062,114.2699966430664,114.29170227050781,114.29170227050781,15512
2021-11-30-14-17-00 GMT-0500,114.28900146484375,114.30999755859375,114.25879669189453,114.26000213623047,114.26000213623047,11326
2021-11-30-14-18-00 GMT-0500,114.25,114.3499984741211,114.25,114.3499984741211,114.3499984741211,32920
2021-11-30-14-19-00 GMT-0500,114.3499984741211,114.44000244140625,114.34500122070312,114.43000030517578,114.43000030517578,17013
2021-11-30-14-20-00 GMT-0500,114.44000244140625,114.54000091552734,114.43479919433594,114.48999786376953,114.48999786376953,39291
2021-11-30-14-21-00 GMT-0500,114.48999786376953,114.497802734375,114.44000244140625,114.4490966796875,114.4490966796875,20771
2021-11-30-14-22-00 GMT-0500,114.44999694824219,114.47859954833984,114.37000274658203,114.37999725341797,114.37999725341797,19737
2021-11-30-14-23-00 GMT-0500,114.38999938964844,114.46910095214844,114.37999725341797,114.38999938964844,114.38999938964844,16100
2021-11-30-14-24-00 GMT-0500,114.4000015258789,114.44000244140625,114.3499984741211,114.36000061035156,114.36000061035156,7928
2021-11-30-14-25-00 GMT-0500,114.3550033569336,114.48999786376953,114.33300018310547,114.44000244140625,114.44000244140625,17939
2021-11-30-14-26-00 GMT-0500,114.42500305175781,114.42939758300781,114.30000305175781,114.30000305175781,114.30000305175781,15999
2021-11-30-14-27-00 GMT-0500,114.29000091552734,114.37999725341797,114.29000091552734,114.30999755859375,114.30999755859375,11159
2021-11-30-14-28-00 GMT-0500,114.33999633789062,114.37000274658203,114.27999877929688,114.3198013305664,114.3198013305664,32914
2021-11-30-14-29-00 GMT-0500,114.30999755859375,114.3499984741211,114.2699966430664,114.30000305175781,114.30000305175781,19709
2021-11-30-14-30-00 GMT-0500,114.29000091552734,114.36000061035156,114.2699966430664,114.32009887695312,114.32009887695312,25689
2021-11-30-14-31-00 GMT-0500,114.33999633789062,114.40769958496094,114.33000183105469,114.38999938964844,114.38999938964844,23917
2021-11-30-14-32-00 GMT-0500,114.38999938964844,114.41000366210938,114.3499984741211,114.37000274658203,114.37000274658203,14958
2021-11-30-14-33-00 GMT-0500,114.36000061035156,114.41000366210938,114.3499984741211,114.36000061035156,114.36000061035156,13078
2021-11-30-14-34-00 GMT-0500,114.37000274658203,114.41329956054688,114.36499786376953,114.38999938964844,114.38999938964844,15588
2021-11-30-14-35-00 GMT-0500,114.4000015258789,114.41200256347656,114.3759994506836,114.4000015258789,114.4000015258789,13301
2021-11-30-14-36-00 GMT-0500,114.40499877929688,114.41929626464844,114.37460327148438,114.3949966430664,114.3949966430664,11427
2021-11-30-14-37-00 GMT-0500,114.4000015258789,114.44000244140625,114.4000015258789,114.41999816894531,114.41999816894531,10564
2021-11-30-14-38-00 GMT-0500,114.41999816894531,114.43000030517578,114.36000061035156,114.36000061035156,114.36000061035156,12249
2021-11-30-14-39-00 GMT-0500,114.37000274658203,114.37999725341797,114.3499984741211,114.36309814453125,114.36309814453125,8273
2021-11-30-14-40-00 GMT-0500,114.37000274658203,114.41000366210938,114.33000183105469,114.36000061035156,114.36000061035156,29709
2021-11-30-14-41-00 GMT-0500,114.37000274658203,114.41000366210938,114.27999877929688,114.27999877929688,114.27999877929688,23803
2021-11-30-14-42-00 GMT-0500,114.27999877929688,114.33000183105469,114.2699966430664,114.30000305175781,114.30000305175781,15702
2021-11-30-14-43-00 GMT-0500,114.2947006225586,114.30229949951172,114.20999908447266,114.25,114.25,23018
2021-11-30-14-44-00 GMT-0500,114.25,114.25,114.20390319824219,114.2300033569336,114.2300033569336,12272
2021-11-30-14-45-00 GMT-0500,114.2300033569336,114.30000305175781,114.22000122070312,114.2300033569336,114.2300033569336,24377
2021-11-30-14-46-00 GMT-0500,114.23999786376953,114.26499938964844,114.22000122070312,114.26280212402344,114.26280212402344,9094
2021-11-30-14-47-00 GMT-0500,114.26000213623047,114.26000213623047,114.16000366210938,114.18000030517578,114.18000030517578,33499
2021-11-30-14-48-00 GMT-0500,114.18000030517578,114.18000030517578,114.0999984741211,114.0999984741211,114.0999984741211,24812
2021-11-30-14-49-00 GMT-0500,114.10990142822266,114.11000061035156,114.03849792480469,114.03849792480469,114.03849792480469,27361
2021-11-30-14-50-00 GMT-0500,114.03500366210938,114.06999969482422,113.94999694824219,113.9800033569336,113.9800033569336,49045
2021-11-30-14-51-00 GMT-0500,113.98999786376953,114.0248031616211,113.9749984741211,114.0,114.0,20892
2021-11-30-14-52-00 GMT-0500,114.0,114.04000091552734,113.98999786376953,114.0,114.0,14934
2021-11-30-14-53-00 GMT-0500,114.0,114.05999755859375,113.94999694824219,113.97000122070312,113.97000122070312,34662
2021-11-30-14-54-00 GMT-0500,113.98999786376953,114.04000091552734,113.95500183105469,113.9811019897461,113.9811019897461,15579
2021-11-30-14-55-00 GMT-0500,113.97000122070312,114.0,113.94000244140625,113.9800033569336,113.9800033569336,19635
2021-11-30-14-56-00 GMT-0500,113.97000122070312,113.9800033569336,113.94999694824219,113.95999908447266,113.95999908447266,14431
2021-11-30-14-57-00 GMT-0500,113.95999908447266,114.02999877929688,113.94999694824219,114.02999877929688,114.02999877929688,13454
2021-11-30-14-58-00 GMT-0500,114.04000091552734,114.06999969482422,114.0199966430664,114.06999969482422,114.06999969482422,17908
2021-11-30-14-59-00 GMT-0500,114.05000305175781,114.1698989868164,114.02999877929688,114.16649627685547,114.16649627685547,14835
2021-11-30-15-00-00 GMT-0500,114.1500015258789,114.1500015258789,114.02999877929688,114.1500015258789,114.1500015258789,24639
2021-11-30-15-01-00 GMT-0500,114.1500015258789,114.16000366210938,114.09880065917969,114.12999725341797,114.12999725341797,12405
2021-11-30-15-02-00 GMT-0500,114.12000274658203,114.1449966430664,114.08000183105469,114.1050033569336,114.1050033569336,14781
2021-11-30-15-03-00 GMT-0500,114.11499786376953,114.19999694824219,114.11499786376953,114.16999816894531,114.16999816894531,25622
2021-11-30-15-04-00 GMT-0500,114.19999694824219,114.2300033569336,114.19000244140625,114.22000122070312,114.22000122070312,15047
2021-11-30-15-05-00 GMT-0500,114.21499633789062,114.24359893798828,114.2041015625,114.23999786376953,114.23999786376953,8259
2021-11-30-15-06-00 GMT-0500,114.2300033569336,114.30879974365234,114.2300033569336,114.30000305175781,114.30000305175781,13585
2021-11-30-15-07-00 GMT-0500,114.30999755859375,114.37999725341797,114.30999755859375,114.36000061035156,114.36000061035156,18334
2021-11-30-15-08-00 GMT-0500,114.3550033569336,114.37000274658203,114.30999755859375,114.33000183105469,114.33000183105469,16783
2021-11-30-15-09-00 GMT-0500,114.32839965820312,114.33499908447266,114.18000030517578,114.18000030517578,114.18000030517578,18428
2021-11-30-15-10-00 GMT-0500,114.18499755859375,114.2699966430664,114.1449966430664,114.19999694824219,114.19999694824219,17355
2021-11-30-15-11-00 GMT-0500,114.20999908447266,114.375,114.20899963378906,114.36000061035156,114.36000061035156,14463
2021-11-30-15-12-00 GMT-0500,114.3499984741211,114.41999816894531,114.33999633789062,114.36499786376953,114.36499786376953,22546
2021-11-30-15-13-00 GMT-0500,114.37000274658203,114.4093017578125,114.33000183105469,114.33000183105469,114.33000183105469,16677
2021-11-30-15-14-00 GMT-0500,114.33999633789062,114.33999633789062,114.26599884033203,114.2699966430664,114.2699966430664,15470
2021-11-30-15-15-00 GMT-0500,114.26000213623047,114.33000183105469,114.26000213623047,114.27999877929688,114.27999877929688,20940
2021-11-30-15-16-00 GMT-0500,114.2750015258789,114.29000091552734,114.26000213623047,114.27999877929688,114.27999877929688,18825
2021-11-30-15-17-00 GMT-0500,114.27999877929688,114.29000091552734,114.25,114.2699966430664,114.2699966430664,10085
2021-11-30-15-18-00 GMT-0500,114.2699966430664,114.31199645996094,114.2300033569336,114.29000091552734,114.29000091552734,17829
2021-11-30-15-19-00 GMT-0500,114.29000091552734,114.30000305175781,114.25,114.25,114.25,11778
2021-11-30-15-20-00 GMT-0500,114.23999786376953,114.26000213623047,114.19999694824219,114.2249984741211,114.2249984741211,23790
2021-11-30-15-21-00 GMT-0500,114.2249984741211,114.30999755859375,114.2249984741211,114.2699966430664,114.2699966430664,18115
2021-11-30-15-22-00 GMT-0500,114.2750015258789,114.3499984741211,114.2699966430664,114.32499694824219,114.32499694824219,39568
2021-11-30-15-23-00 GMT-0500,114.32499694824219,114.32499694824219,114.27999877929688,114.27999877929688,114.27999877929688,18834
2021-11-30-15-24-00 GMT-0500,114.2750015258789,114.29000091552734,114.19999694824219,114.21499633789062,114.21499633789062,25117
2021-11-30-15-25-00 GMT-0500,114.21839904785156,114.21839904785156,114.05999755859375,114.06500244140625,114.06500244140625,33976
2021-11-30-15-26-00 GMT-0500,114.06999969482422,114.18000030517578,114.06999969482422,114.12999725341797,114.12999725341797,29067
2021-11-30-15-27-00 GMT-0500,114.13999938964844,114.26000213623047,114.13999938964844,114.2249984741211,114.2249984741211,25278
2021-11-30-15-28-00 GMT-0500,114.2300033569336,114.25,114.19000244140625,114.20500183105469,114.20500183105469,14495
2021-11-30-15-29-00 GMT-0500,114.20999908447266,114.23500061035156,114.13999938964844,114.15499877929688,114.15499877929688,19801
2021-11-30-15-30-00 GMT-0500,114.1500015258789,114.20999908447266,114.08000183105469,114.12999725341797,114.12999725341797,36929
2021-11-30-15-31-00 GMT-0500,114.12000274658203,114.18000030517578,114.05000305175781,114.1781005859375,114.1781005859375,60420
2021-11-30-15-32-00 GMT-0500,114.19000244140625,114.30979919433594,114.18000030517578,114.27999877929688,114.27999877929688,38823
2021-11-30-15-33-00 GMT-0500,114.29000091552734,114.36000061035156,114.2699966430664,114.27999877929688,114.27999877929688,24593
2021-11-30-15-34-00 GMT-0500,114.29000091552734,114.29000091552734,114.19999694824219,114.23999786376953,114.23999786376953,33077
2021-11-30-15-35-00 GMT-0500,114.23999786376953,114.25,114.16500091552734,114.16500091552734,114.16500091552734,25489
2021-11-30-15-36-00 GMT-0500,114.16999816894531,114.2072982788086,114.15899658203125,114.16999816894531,114.16999816894531,25829
2021-11-30-15-37-00 GMT-0500,114.16999816894531,114.16999816894531,114.08999633789062,114.11000061035156,114.11000061035156,34762
2021-11-30-15-38-00 GMT-0500,114.11499786376953,114.16999816894531,114.06999969482422,114.1500015258789,114.1500015258789,40288
2021-11-30-15-39-00 GMT-0500,114.1500015258789,114.15499877929688,114.05000305175781,114.05999755859375,114.05999755859375,35851
2021-11-30-15-40-00 GMT-0500,114.05000305175781,114.18000030517578,114.05000305175781,114.17500305175781,114.17500305175781,32319
2021-11-30-15-41-00 GMT-0500,114.18000030517578,114.22000122070312,114.1449966430664,114.1500015258789,114.1500015258789,25569
2021-11-30-15-42-00 GMT-0500,114.1449966430664,114.21499633789062,114.12000274658203,114.12000274658203,114.12000274658203,52325
2021-11-30-15-43-00 GMT-0500,114.12000274658203,114.2300033569336,114.11000061035156,114.19999694824219,114.19999694824219,46794
2021-11-30-15-44-00 GMT-0500,114.19999694824219,114.33000183105469,114.19999694824219,114.32499694824219,114.32499694824219,62856
2021-11-30-15-45-00 GMT-0500,114.31999969482422,114.44999694824219,114.30999755859375,114.3499984741211,114.3499984741211,63867
2021-11-30-15-46-00 GMT-0500,114.3499984741211,114.3499984741211,114.24500274658203,114.25499725341797,114.25499725341797,38662
2021-11-30-15-47-00 GMT-0500,114.25,114.25,114.11000061035156,114.16500091552734,114.16500091552734,66660
2021-11-30-15-48-00 GMT-0500,114.16999816894531,114.18000030517578,114.02999877929688,114.05999755859375,114.05999755859375,65729
2021-11-30-15-49-00 GMT-0500,114.05999755859375,114.05999755859375,113.97000122070312,113.98500061035156,113.98500061035156,91923
2021-11-30-15-50-00 GMT-0500,113.98999786376953,114.0,113.4800033569336,113.70379638671875,113.70379638671875,422465
2021-11-30-15-51-00 GMT-0500,113.69999694824219,113.69999694824219,113.55000305175781,113.58999633789062,113.58999633789062,58872
2021-11-30-15-52-00 GMT-0500,113.36000061035156,113.37000274658203,113.33000183105469,113.33000183105469,113.33000183105469,188703
2021-11-30-15-53-00 GMT-0500,113.33999633789062,113.33999633789062,113.08000183105469,113.1500015258789,113.1500015258789,245109
2021-11-30-15-54-00 GMT-0500,113.16000366210938,113.18000030517578,113.0,113.11000061035156,113.11000061035156,300491
2021-11-30-15-55-00 GMT-0500,113.12999725341797,113.1500015258789,112.9000015258789,112.93000030517578,112.93000030517578,246210
2021-11-30-15-56-00 GMT-0500,112.91999816894531,113.08989715576172,112.9000015258789,112.9800033569336,112.9800033569336,149674
2021-11-30-15-57-00 GMT-0500,112.98999786376953,113.04000091552734,112.88999938964844,112.98999786376953,112.98999786376953,287346
2021-11-30-15-58-00 GMT-0500,113.01000213623047,113.19000244140625,112.98999786376953,113.02999877929688,113.02999877929688,321736
2021-11-30-15-59-00 GMT-0500,113.04000091552734,113.18000030517578,112.44000244140625,112.9000015258789,112.9000015258789,997240
2021-11-30-16-00-00 GMT-0500,112.92,113.82,112.5,112.95,112.95,6732
2021-11-30-16-01-00 GMT-0500,112.915,112.95,112.915,112.95,112.95,0
2021-11-30-16-02-00 GMT-0500,112.88,112.95,112.88,112.95,112.95,0
2021-11-30-16-03-00 GMT-0500,112.92,113.0,112.8644,112.87,112.87,21767169
2021-11-30-16-04-00 GMT-0500,112.87,113.1,112.87,112.87,112.87,0
2021-11-30-16-05-00 GMT-0500,113.075,113.2,112.87,112.87,112.87,0
2021-11-30-16-06-00 GMT-0500,113.01,113.1,112.87,113.02,113.02,0
2021-11-30-16-07-00 GMT-0500,113.2,113.2,112.87,112.87,112.87,0
2021-11-30-16-08-00 GMT-0500,113.02,113.1999,113.0,113.075,113.075,0
2021-11-30-16-09-00 GMT-0500,113.19,113.2,112.87,113.2,113.2,0
2021-11-30-16-10-00 GMT-0500,112.87,113.2,112.87,113.1,113.1,0
2021-11-30-16-11-00 GMT-0500,113.1,113.2,113.05,113.05,113.05,0
2021-11-30-16-12-00 GMT-0500,113.12,113.19,112.87,113.19,113.19,0
2021-11-30-16-13-00 GMT-0500,113.19,113.19,112.87,112.87,112.87,0
2021-11-30-16-14-00 GMT-0500,113.19,113.19,112.87,113.15,113.15,0
2021-11-30-16-15-00 GMT-0500,113.01,113.19,113.01,113.19,113.19,0
2021-11-30-16-16-00 GMT-0500,113.19,113.19,113.19,113.19,113.19,0
2021-11-30-16-18-00 GMT-0500,113.17,113.19,113.17,113.19,113.19,0
2021-11-30-16-19-00 GMT-0500,113.11,113.17,113.1,113.17,113.17,0
2021-11-30-16-20-00 GMT-0500,113.06,113.19,113.06,113.18,113.18,0
2021-11-30-16-21-00 GMT-0500,113.1,113.18,113.1,113.18,113.18,0
2021-11-30-16-22-00 GMT-0500,113.18,113.2,112.87,113.19,113.19,0
2021-11-30-16-23-00 GMT-0500,113.2,113.3,113.19,113.2,113.2,0
2021-11-30-16-24-00 GMT-0500,113.3,113.3,113.3,113.3,113.3,0
2021-11-30-16-26-00 GMT-0500,113.3,113.3,112.87,113.29,113.29,0
2021-11-30-16-27-00 GMT-0500,113.13,113.25,113.13,113.25,113.25,0
2021-11-30-16-28-00 GMT-0500,113.22,113.28,113.16,113.28,113.28,0
2021-11-30-16-29-00 GMT-0500,113.29,113.29,113.13,113.25,113.25,0
2021-11-30-16-30-00 GMT-0500,113.28,113.28,112.882645,112.882645,112.882645,0
2021-11-30-16-31-00 GMT-0500,113.29,113.29,113.2,113.2,113.2,0
2021-11-30-16-32-00 GMT-0500,113.25,113.25,113.15,113.15,113.15,0
2021-11-30-16-35-00 GMT-0500,113.21,113.29,113.15,113.29,113.29,0
2021-11-30-16-36-00 GMT-0500,113.22,113.29,113.15,113.21,113.21,0
2021-11-30-16-38-00 GMT-0500,113.21,113.4,112.87,113.4,113.4,0
2021-11-30-16-39-00 GMT-0500,113.375,113.4,113.15,113.15,113.15,0
2021-11-30-16-40-00 GMT-0500,113.4,113.4,113.4,113.4,113.4,0
2021-11-30-16-41-00 GMT-0500,112.87,113.4,112.87,112.87,112.87,0
2021-11-30-16-42-00 GMT-0500,112.87,112.87,112.87,112.87,112.87,0
2021-11-30-16-44-00 GMT-0500,113.58,113.58,113.58,113.58,113.58,0
2021-11-30-16-45-00 GMT-0500,113.59,113.59,112.87,112.87,112.87,0
2021-11-30-16-47-00 GMT-0500,113.58,113.59,113.51,113.51,113.51,0
2021-11-30-16-48-00 GMT-0500,113.15,113.15,112.87,112.87,112.87,0
2021-11-30-16-49-00 GMT-0500,113.59,113.59,113.15,113.37,113.37,0
2021-11-30-16-50-00 GMT-0500,113.51,113.51,113.51,113.51,113.51,0
2021-11-30-16-51-00 GMT-0500,113.59,113.59,113.58,113.58,113.58,0
2021-11-30-16-52-00 GMT-0500,113.37,113.59,113.15,113.59,113.59,0
2021-11-30-16-54-00 GMT-0500,113.15,113.37,112.87,113.37,113.37,0
2021-11-30-16-55-00 GMT-0500,113.37,113.42,113.13,113.36,113.36,0
2021-11-30-16-56-00 GMT-0500,113.4,113.52,113.4,113.45,113.45,0
2021-11-30-16-58-00 GMT-0500,113.37,113.44,113.37,113.44,113.44,0
2021-11-30-17-01-00 GMT-0500,113.35,113.39,113.35,113.38,113.38,0
2021-11-30-17-02-00 GMT-0500,113.39,113.39,113.35,113.35,113.35,0
2021-11-30-17-03-00 GMT-0500,113.35,113.38,113.35,113.38,113.38,0
2021-11-30-17-04-00 GMT-0500,113.35,113.37,113.35,113.37,113.37,0
2021-11-30-17-05-00 GMT-0500,113.38,113.38,113.34,113.38,113.38,0
2021-11-30-17-07-00 GMT-0500,113.38,113.38,113.38,113.38,113.38,0
2021-11-30-17-09-00 GMT-0500,113.34,113.34,113.34,113.34,113.34,0
2021-11-30-17-10-00 GMT-0500,113.35,113.35,113.3,113.3,113.3,0
2021-11-30-17-11-00 GMT-0500,113.23,113.23,113.13,113.13,113.13,0
2021-11-30-17-12-00 GMT-0500,113.25,113.25,113.13,113.13,113.13,0
2021-11-30-17-17-00 GMT-0500,113.22,113.22,113.22,113.22,113.22,0
2021-11-30-17-20-00 GMT-0500,113.29,113.29,113.15,113.15,113.15,0
2021-11-30-17-21-00 GMT-0500,113.13,113.27,113.13,113.27,113.27,0
2021-11-30-17-23-00 GMT-0500,113.1,113.125,113.1,113.125,113.125,0
2021-11-30-17-26-00 GMT-0500,113.125,113.125,113.125,113.125,113.125,0
2021-11-30-17-28-00 GMT-0500,113.14,113.15,113.14,113.15,113.15,0
2021-11-30-17-29-00 GMT-0500,113.15,113.15,113.1499,113.1499,113.1499,0
2021-11-30-17-31-00 GMT-0500,112.87,113.15,112.87,113.125,113.125,0
2021-11-30-17-35-00 GMT-0500,113.11,113.125,113.11,113.125,113.125,0
2021-11-30-17-39-00 GMT-0500,113.15,113.15,113.12,113.12,113.12,0
2021-11-30-17-43-00 GMT-0500,113.12,113.15,113.12,113.15,113.15,0
2021-11-30-17-44-00 GMT-0500,113.15,113.15,113.125,113.125,113.125,0
2021-11-30-17-45-00 GMT-0500,113.125,113.15,113.125,113.15,113.15,0
2021-11-30-17-48-00 GMT-0500,113.15,113.28,113.15,113.28,113.28,0
2021-11-30-17-49-00 GMT-0500,113.195,113.29,113.195,113.29,113.29,0
2021-11-30-17-53-00 GMT-0500,113.27,113.28,113.27,113.27,113.27,0
2021-11-30-17-54-00 GMT-0500,113.28,113.38,113.24,113.38,113.38,0
2021-11-30-17-55-00 GMT-0500,113.29,113.4,113.25,113.4,113.4,0
2021-11-30-17-56-00 GMT-0500,113.31,113.4,113.25,113.25,113.25,0
2021-11-30-17-57-00 GMT-0500,113.25,113.4,113.25,113.25,113.25,0
2021-11-30-17-58-00 GMT-0500,113.44,113.44,113.4,113.44,113.44,0
2021-11-30-18-02-00 GMT-0500,113.38,113.68,113.38,113.68,113.68,0
2021-11-30-18-03-00 GMT-0500,113.68,113.68,113.38,113.4,113.4,0
2021-11-30-18-10-00 GMT-0500,113.67,113.67,113.4,113.4,113.4,0
2021-11-30-18-11-00 GMT-0500,113.4,113.4,113.2,113.2,113.2,0
2021-11-30-18-13-00 GMT-0500,113.68,113.68,113.68,113.68,113.68,0
2021-11-30-18-15-00 GMT-0500,113.68,113.68,113.67,113.67,113.67,0
2021-11-30-18-16-00 GMT-0500,113.67,113.68,113.67,113.68,113.68,0
2021-11-30-18-19-00 GMT-0500,113.45,113.45,113.45,113.45,113.45,0
2021-11-30-18-21-00 GMT-0500,113.66,113.68,113.66,113.68,113.68,0
2021-11-30-18-22-00 GMT-0500,113.66,113.66,113.4,113.4,113.4,0
2021-11-30-18-24-00 GMT-0500,113.5,113.5,113.4,113.5,113.5,0
2021-11-30-18-37-00 GMT-0500,113.65,113.68,113.65,113.68,113.68,0
2021-11-30-18-38-00 GMT-0500,113.65,113.68,113.55,113.68,113.68,0
2021-11-30-18-39-00 GMT-0500,113.63,113.63,113.53,113.53,113.53,0
2021-11-30-18-41-00 GMT-0500,113.63,113.63,113.63,113.63,113.63,0
2021-11-30-18-43-00 GMT-0500,113.57,113.57,113.53,113.53,113.53,0
2021-11-30-18-45-00 GMT-0500,113.53,113.53,113.5,113.5,113.5,0
2021-11-30-18-47-00 GMT-0500,114.22,114.22,114.22,114.22,114.22,0
2021-11-30-18-48-00 GMT-0500,113.5,113.5,113.5,113.5,113.5,0
2021-11-30-18-54-00 GMT-0500,113.49,113.5,113.49,113.5,113.5,0
2021-11-30-18-55-00 GMT-0500,113.45,114.1801,113.45,113.5,113.5,0
2021-11-30-18-57-00 GMT-0500,113.5,113.5,113.4,113.4,113.4,0
2021-11-30-18-58-00 GMT-0500,113.47,113.5,113.47,113.5,113.5,0
2021-11-30-19-15-00 GMT-0500,113.6,113.6,113.6,113.6,113.6,0
2021-11-30-19-16-00 GMT-0500,113.55,113.55,113.5,113.55,113.55,0
2021-11-30-19-17-00 GMT-0500,113.5,113.5,113.37,113.37,113.37,0
2021-11-30-19-22-00 GMT-0500,113.4,113.4,113.35,113.35,113.35,0
2021-11-30-19-38-00 GMT-0500,113.35,113.45,113.3,113.3,113.3,0
2021-11-30-19-45-00 GMT-0500,113.5,113.5,113.3,113.3,113.3,0
2021-11-30-19-57-00 GMT-0500,113.35,113.4,113.35,113.4,113.4,0
2021-11-30-19-59-00 GMT-0500,113.25,113.43,113.25,113.25,113.25,0
