Datetime,Open,High,Low,Close,Adj Close,Volume
2021-05-18-04-00-00 GMT-0400,96.11,96.61,96.11,96.53,96.53,0
2021-05-18-04-01-00 GMT-0400,96.51,96.51,96.41,96.41,96.41,0
2021-05-18-04-02-00 GMT-0400,96.39,96.52,96.39,96.51,96.51,0
2021-05-18-04-03-00 GMT-0400,96.52,96.53,96.47,96.53,96.53,0
2021-05-18-04-04-00 GMT-0400,96.53,96.6,96.53,96.6,96.6,0
2021-05-18-04-05-00 GMT-0400,96.61,96.61,96.55,96.56,96.56,0
2021-05-18-04-06-00 GMT-0400,96.55,96.56,96.51,96.51,96.51,0
2021-05-18-04-07-00 GMT-0400,96.5,96.53,96.49,96.49,96.49,0
2021-05-18-04-08-00 GMT-0400,96.48,96.48,96.47,96.48,96.48,0
2021-05-18-04-09-00 GMT-0400,96.5,96.52,96.42,96.42,96.42,0
2021-05-18-04-10-00 GMT-0400,96.43,96.45,96.4,96.4,96.4,0
2021-05-18-04-11-00 GMT-0400,96.3,96.38,96.3,96.34,96.34,0
2021-05-18-04-12-00 GMT-0400,96.37,96.41,96.36,96.38,96.38,0
2021-05-18-04-13-00 GMT-0400,96.4,96.43,96.38,96.38,96.38,0
2021-05-18-04-14-00 GMT-0400,96.38,96.4,96.35,96.4,96.4,0
2021-05-18-04-15-00 GMT-0400,96.42,96.42,96.41,96.41,96.41,0
2021-05-18-04-16-00 GMT-0400,96.44,96.46,96.35,96.38,96.38,0
2021-05-18-04-17-00 GMT-0400,96.39,96.42,96.36,96.42,96.42,0
2021-05-18-04-18-00 GMT-0400,96.4,96.45,96.4,96.45,96.45,0
2021-05-18-04-19-00 GMT-0400,96.46,96.5,96.46,96.5,96.5,0
2021-05-18-04-20-00 GMT-0400,96.5,96.5,96.48,96.5,96.5,0
2021-05-18-04-21-00 GMT-0400,96.49,96.49,96.31,96.31,96.31,0
2021-05-18-04-22-00 GMT-0400,96.39,96.45,96.39,96.45,96.45,0
2021-05-18-04-23-00 GMT-0400,96.4,96.4,96.37,96.39,96.39,0
2021-05-18-04-24-00 GMT-0400,96.38,96.43,96.38,96.43,96.43,0
2021-05-18-04-25-00 GMT-0400,96.42,96.42,96.31,96.31,96.31,0
2021-05-18-04-26-00 GMT-0400,96.33,96.33,96.33,96.33,96.33,0
2021-05-18-04-27-00 GMT-0400,96.36,96.38,96.33,96.38,96.38,0
2021-05-18-04-28-00 GMT-0400,96.46,96.46,96.44,96.44,96.44,0
2021-05-18-04-29-00 GMT-0400,96.44,96.44,96.41,96.41,96.41,0
2021-05-18-04-30-00 GMT-0400,96.38,96.39,96.38,96.39,96.39,0
2021-05-18-04-31-00 GMT-0400,96.41,96.41,96.35,96.35,96.35,0
2021-05-18-04-32-00 GMT-0400,96.4,96.46,96.4,96.46,96.46,0
2021-05-18-04-33-00 GMT-0400,96.47,96.51,96.46,96.46,96.46,0
2021-05-18-04-34-00 GMT-0400,96.46,96.5,96.46,96.5,96.5,0
2021-05-18-04-35-00 GMT-0400,96.5,96.52,96.5,96.52,96.52,0
2021-05-18-04-36-00 GMT-0400,96.5,96.57,96.5,96.53,96.53,0
2021-05-18-04-37-00 GMT-0400,96.57,96.59,96.54,96.55,96.55,0
2021-05-18-04-38-00 GMT-0400,96.56,96.56,96.56,96.56,96.56,0
2021-05-18-04-39-00 GMT-0400,96.55,96.55,96.53,96.53,96.53,0
2021-05-18-04-40-00 GMT-0400,96.51,96.51,96.45,96.45,96.45,0
2021-05-18-04-41-00 GMT-0400,96.45,96.46,96.42,96.42,96.42,0
2021-05-18-04-42-00 GMT-0400,96.45,96.48,96.44,96.46,96.46,0
2021-05-18-04-43-00 GMT-0400,96.45,96.48,96.45,96.48,96.48,0
2021-05-18-04-44-00 GMT-0400,96.49,96.52,96.45,96.47,96.47,0
2021-05-18-04-45-00 GMT-0400,96.46,96.46,96.42,96.42,96.42,0
2021-05-18-04-46-00 GMT-0400,96.47,96.5,96.47,96.5,96.5,0
2021-05-18-04-47-00 GMT-0400,96.51,96.52,96.51,96.51,96.51,0
2021-05-18-04-48-00 GMT-0400,96.5,96.5,96.5,96.5,96.5,0
2021-05-18-04-50-00 GMT-0400,96.47,96.47,96.42,96.42,96.42,0
2021-05-18-04-51-00 GMT-0400,96.42,96.42,96.4,96.4,96.4,0
2021-05-18-04-52-00 GMT-0400,96.46,96.46,96.4,96.4,96.4,0
2021-05-18-04-53-00 GMT-0400,96.4,96.41,96.36,96.36,96.36,0
2021-05-18-04-54-00 GMT-0400,96.35,96.35,96.35,96.35,96.35,0
2021-05-18-04-55-00 GMT-0400,96.35,96.35,96.33,96.33,96.33,0
2021-05-18-04-56-00 GMT-0400,96.35,96.35,96.35,96.35,96.35,0
2021-05-18-04-57-00 GMT-0400,96.35,96.37,96.35,96.37,96.37,0
2021-05-18-04-58-00 GMT-0400,96.4,96.4,96.4,96.4,96.4,0
2021-05-18-04-59-00 GMT-0400,96.35,96.35,96.33,96.33,96.33,0
2021-05-18-05-00-00 GMT-0400,96.35,96.38,96.25,96.38,96.38,0
2021-05-18-05-01-00 GMT-0400,96.41,96.47,96.41,96.47,96.47,0
2021-05-18-05-02-00 GMT-0400,96.48,96.5,96.48,96.49,96.49,0
2021-05-18-05-03-00 GMT-0400,96.47,96.47,96.43,96.47,96.47,0
2021-05-18-05-04-00 GMT-0400,96.48,96.5,96.48,96.49,96.49,0
2021-05-18-05-05-00 GMT-0400,96.51,96.53,96.45,96.45,96.45,0
2021-05-18-05-06-00 GMT-0400,96.45,96.5,96.45,96.5,96.5,0
2021-05-18-05-07-00 GMT-0400,96.5,96.51,96.49,96.49,96.49,0
2021-05-18-05-08-00 GMT-0400,96.48,96.51,96.48,96.51,96.51,0
2021-05-18-05-09-00 GMT-0400,96.5,96.5,96.42,96.42,96.42,0
2021-05-18-05-10-00 GMT-0400,96.48,96.48,96.45,96.45,96.45,0
2021-05-18-05-11-00 GMT-0400,96.49,96.49,96.49,96.49,96.49,0
2021-05-18-05-12-00 GMT-0400,96.5,96.54,96.5,96.53,96.53,0
2021-05-18-05-13-00 GMT-0400,96.55,96.55,96.55,96.55,96.55,0
2021-05-18-05-14-00 GMT-0400,96.45,96.45,96.44,96.44,96.44,0
2021-05-18-05-15-00 GMT-0400,96.48,96.54,96.48,96.54,96.54,0
2021-05-18-05-16-00 GMT-0400,96.5,96.5,96.49,96.49,96.49,0
2021-05-18-05-17-00 GMT-0400,96.54,96.57,96.54,96.54,96.54,0
2021-05-18-05-18-00 GMT-0400,96.56,96.63,96.54,96.63,96.63,0
2021-05-18-05-19-00 GMT-0400,96.64,96.65,96.61,96.63,96.63,0
2021-05-18-05-20-00 GMT-0400,96.66,96.68,96.61,96.61,96.61,0
2021-05-18-05-21-00 GMT-0400,96.6,96.63,96.6,96.63,96.63,0
2021-05-18-05-22-00 GMT-0400,96.61,96.61,96.6,96.6,96.6,0
2021-05-18-05-23-00 GMT-0400,96.6,96.6,96.6,96.6,96.6,0
2021-05-18-05-25-00 GMT-0400,96.6,96.6,96.6,96.6,96.6,0
2021-05-18-05-26-00 GMT-0400,96.6,96.6,96.51,96.51,96.51,0
2021-05-18-05-27-00 GMT-0400,96.46,96.46,96.4,96.42,96.42,0
2021-05-18-05-28-00 GMT-0400,96.39,96.39,96.39,96.39,96.39,0
2021-05-18-05-29-00 GMT-0400,96.45,96.48,96.45,96.48,96.48,0
2021-05-18-05-30-00 GMT-0400,96.42,96.44,96.4,96.44,96.44,0
2021-05-18-05-31-00 GMT-0400,96.46,96.46,96.44,96.44,96.44,0
2021-05-18-05-32-00 GMT-0400,96.46,96.46,96.46,96.46,96.46,0
2021-05-18-05-33-00 GMT-0400,96.43,96.43,96.4,96.4,96.4,0
2021-05-18-05-34-00 GMT-0400,96.4,96.43,96.4,96.42,96.42,0
2021-05-18-05-35-00 GMT-0400,96.45,96.45,96.42,96.42,96.42,0
2021-05-18-05-36-00 GMT-0400,96.45,96.45,96.45,96.45,96.45,0
2021-05-18-05-37-00 GMT-0400,96.45,96.47,96.45,96.47,96.47,0
2021-05-18-05-38-00 GMT-0400,96.46,96.46,96.45,96.45,96.45,0
2021-05-18-05-39-00 GMT-0400,96.45,96.45,96.42,96.42,96.42,0
2021-05-18-05-40-00 GMT-0400,96.43,96.47,96.43,96.47,96.47,0
2021-05-18-05-41-00 GMT-0400,96.41,96.43,96.41,96.43,96.43,0
2021-05-18-05-42-00 GMT-0400,96.42,96.42,96.37,96.37,96.37,0
2021-05-18-05-43-00 GMT-0400,96.43,96.43,96.43,96.43,96.43,0
2021-05-18-05-46-00 GMT-0400,96.44,96.44,96.43,96.43,96.43,0
2021-05-18-05-47-00 GMT-0400,96.46,96.53,96.46,96.53,96.53,0
2021-05-18-05-48-00 GMT-0400,96.53,96.53,96.4,96.4,96.4,0
2021-05-18-05-49-00 GMT-0400,96.48,96.48,96.45,96.45,96.45,0
2021-05-18-05-50-00 GMT-0400,96.45,96.45,96.45,96.45,96.45,0
2021-05-18-05-51-00 GMT-0400,96.49,96.49,96.49,96.49,96.49,0
2021-05-18-05-53-00 GMT-0400,96.55,96.57,96.55,96.57,96.57,0
2021-05-18-05-54-00 GMT-0400,96.58,96.58,96.58,96.58,96.58,0
2021-05-18-05-55-00 GMT-0400,96.58,96.58,96.58,96.58,96.58,0
2021-05-18-05-56-00 GMT-0400,96.58,96.58,96.57,96.57,96.57,0
2021-05-18-05-57-00 GMT-0400,96.57,96.57,96.55,96.55,96.55,0
2021-05-18-05-58-00 GMT-0400,96.5,96.5,96.46,96.46,96.46,0
2021-05-18-05-59-00 GMT-0400,96.45,96.45,96.45,96.45,96.45,0
2021-05-18-06-00-00 GMT-0400,96.46,96.48,96.46,96.48,96.48,0
2021-05-18-06-01-00 GMT-0400,96.55,96.6,96.55,96.6,96.6,0
2021-05-18-06-02-00 GMT-0400,96.6,96.63,96.6,96.62,96.62,0
2021-05-18-06-03-00 GMT-0400,96.63,96.63,96.6,96.6,96.6,0
2021-05-18-06-05-00 GMT-0400,96.63,96.63,96.63,96.63,96.63,0
2021-05-18-06-06-00 GMT-0400,96.63,96.63,96.6,96.61,96.61,0
2021-05-18-06-07-00 GMT-0400,96.62,96.62,96.59,96.61,96.61,0
2021-05-18-06-08-00 GMT-0400,96.59,96.59,96.54,96.54,96.54,0
2021-05-18-06-10-00 GMT-0400,96.56,96.56,96.56,96.56,96.56,0
2021-05-18-06-11-00 GMT-0400,96.56,96.56,96.51,96.51,96.51,0
2021-05-18-06-12-00 GMT-0400,96.55,96.55,96.55,96.55,96.55,0
2021-05-18-06-13-00 GMT-0400,96.43,96.43,96.43,96.43,96.43,0
2021-05-18-06-14-00 GMT-0400,96.46,96.47,96.46,96.46,96.46,0
2021-05-18-06-15-00 GMT-0400,96.43,96.43,96.35,96.35,96.35,0
2021-05-18-06-16-00 GMT-0400,96.4,96.4,96.4,96.4,96.4,0
2021-05-18-06-18-00 GMT-0400,96.4,96.4,96.4,96.4,96.4,0
2021-05-18-06-19-00 GMT-0400,96.4,96.4,96.26,96.26,96.26,0
2021-05-18-06-20-00 GMT-0400,96.28,96.31,96.26,96.31,96.31,0
2021-05-18-06-21-00 GMT-0400,96.29,96.32,96.29,96.32,96.32,0
2021-05-18-06-22-00 GMT-0400,96.3,96.3,96.2,96.2,96.2,0
2021-05-18-06-23-00 GMT-0400,96.16,96.16,96.16,96.16,96.16,0
2021-05-18-06-24-00 GMT-0400,96.25,96.25,96.25,96.25,96.25,0
2021-05-18-06-25-00 GMT-0400,96.25,96.25,96.15,96.15,96.15,0
2021-05-18-06-26-00 GMT-0400,96.17,96.19,96.11,96.19,96.19,0
2021-05-18-06-27-00 GMT-0400,96.2,96.2,96.2,96.2,96.2,0
2021-05-18-06-28-00 GMT-0400,96.3,96.31,96.3,96.31,96.31,0
2021-05-18-06-30-00 GMT-0400,96.3,96.31,96.29,96.31,96.31,0
2021-05-18-06-31-00 GMT-0400,96.32,96.35,96.32,96.35,96.35,0
2021-05-18-06-32-00 GMT-0400,96.36,96.36,96.35,96.35,96.35,0
2021-05-18-06-33-00 GMT-0400,96.35,96.35,96.3,96.3,96.3,0
2021-05-18-06-34-00 GMT-0400,96.28,96.28,96.22,96.22,96.22,0
2021-05-18-06-35-00 GMT-0400,96.25,96.25,96.25,96.25,96.25,0
2021-05-18-06-36-00 GMT-0400,96.33,96.33,96.33,96.33,96.33,0
2021-05-18-06-37-00 GMT-0400,96.29,96.29,96.27,96.29,96.29,0
2021-05-18-06-38-00 GMT-0400,96.33,96.33,96.3,96.3,96.3,0
2021-05-18-06-39-00 GMT-0400,96.26,96.26,96.2,96.2,96.2,0
2021-05-18-06-40-00 GMT-0400,96.19,96.2,96.17,96.2,96.2,0
2021-05-18-06-41-00 GMT-0400,96.19,96.2,96.19,96.2,96.2,0
2021-05-18-06-42-00 GMT-0400,96.14,96.19,96.14,96.19,96.19,0
2021-05-18-06-43-00 GMT-0400,96.18,96.19,96.18,96.19,96.19,0
2021-05-18-06-45-00 GMT-0400,96.22,96.22,96.22,96.22,96.22,0
2021-05-18-06-46-00 GMT-0400,96.29,96.29,96.29,96.29,96.29,0
2021-05-18-06-48-00 GMT-0400,96.25,96.25,96.21,96.21,96.21,0
2021-05-18-06-49-00 GMT-0400,96.25,96.25,96.25,96.25,96.25,0
2021-05-18-06-50-00 GMT-0400,96.24,96.24,96.17,96.24,96.24,0
2021-05-18-06-51-00 GMT-0400,96.24,96.27,96.24,96.25,96.25,0
2021-05-18-06-52-00 GMT-0400,96.26,96.26,96.26,96.26,96.26,0
2021-05-18-06-53-00 GMT-0400,96.24,96.3,96.24,96.3,96.3,0
2021-05-18-06-54-00 GMT-0400,96.26,96.26,96.26,96.26,96.26,0
2021-05-18-06-55-00 GMT-0400,96.24,96.24,96.24,96.24,96.24,0
2021-05-18-06-56-00 GMT-0400,96.27,96.27,96.27,96.27,96.27,0
2021-05-18-06-57-00 GMT-0400,96.27,96.27,96.27,96.27,96.27,0
2021-05-18-06-59-00 GMT-0400,96.27,96.27,96.27,96.27,96.27,0
2021-05-18-07-00-00 GMT-0400,96.27,96.31,96.14,96.17,96.17,0
2021-05-18-07-01-00 GMT-0400,96.13,96.15,96.1,96.15,96.15,0
2021-05-18-07-02-00 GMT-0400,96.15,96.25,96.15,96.22,96.22,0
2021-05-18-07-03-00 GMT-0400,96.21,96.26,96.19,96.23,96.23,0
2021-05-18-07-04-00 GMT-0400,96.23,96.27,96.17,96.22,96.22,0
2021-05-18-07-05-00 GMT-0400,96.2,96.25,96.2,96.25,96.25,0
2021-05-18-07-06-00 GMT-0400,96.26,96.27,96.25,96.25,96.25,0
2021-05-18-07-07-00 GMT-0400,96.22,96.22,96.12,96.12,96.12,0
2021-05-18-07-08-00 GMT-0400,96.18,96.18,96.18,96.18,96.18,0
2021-05-18-07-09-00 GMT-0400,96.15,96.15,96.12,96.12,96.12,0
2021-05-18-07-10-00 GMT-0400,96.15,96.18,96.12,96.12,96.12,0
2021-05-18-07-11-00 GMT-0400,96.15,96.15,96.12,96.15,96.15,0
2021-05-18-07-12-00 GMT-0400,96.14,96.23,96.14,96.23,96.23,0
2021-05-18-07-13-00 GMT-0400,96.23,96.23,96.2,96.2,96.2,0
2021-05-18-07-14-00 GMT-0400,96.2,96.2,96.16,96.16,96.16,0
2021-05-18-07-15-00 GMT-0400,96.2,96.21,96.19,96.19,96.19,0
2021-05-18-07-16-00 GMT-0400,96.17,96.17,96.15,96.16,96.16,0
2021-05-18-07-17-00 GMT-0400,96.2,96.2,96.19,96.19,96.19,0
2021-05-18-07-18-00 GMT-0400,96.2,96.2,96.18,96.2,96.2,0
2021-05-18-07-19-00 GMT-0400,96.18,96.2,96.17,96.2,96.2,0
2021-05-18-07-20-00 GMT-0400,96.2,96.25,96.18,96.24,96.24,0
2021-05-18-07-21-00 GMT-0400,96.24,96.25,96.21,96.21,96.21,0
2021-05-18-07-22-00 GMT-0400,96.2,96.2,96.17,96.17,96.17,0
2021-05-18-07-23-00 GMT-0400,96.17,96.17,96.15,96.16,96.16,0
2021-05-18-07-24-00 GMT-0400,96.14,96.14,96.01,96.05,96.05,0
2021-05-18-07-25-00 GMT-0400,96.04,96.05,95.8,95.83,95.83,0
2021-05-18-07-26-00 GMT-0400,95.87,95.87,95.67,95.69,95.69,0
2021-05-18-07-27-00 GMT-0400,95.65,95.73,95.65,95.73,95.73,0
2021-05-18-07-28-00 GMT-0400,95.75,95.8,95.73,95.73,95.73,0
2021-05-18-07-29-00 GMT-0400,95.72,95.81,95.7,95.81,95.81,0
2021-05-18-07-30-00 GMT-0400,95.81,95.88,95.81,95.86,95.86,0
2021-05-18-07-31-00 GMT-0400,95.85,95.89,95.85,95.86,95.86,0
2021-05-18-07-32-00 GMT-0400,95.89,95.9,95.88,95.9,95.9,0
2021-05-18-07-33-00 GMT-0400,95.9,95.9,95.8,95.8,95.8,0
2021-05-18-07-34-00 GMT-0400,95.8,95.83,95.8,95.821,95.821,0
2021-05-18-07-35-00 GMT-0400,95.83,95.88,95.8,95.87,95.87,0
2021-05-18-07-36-00 GMT-0400,95.87,95.87,95.87,95.87,95.87,0
2021-05-18-07-37-00 GMT-0400,95.87,95.87,95.86,95.87,95.87,0
2021-05-18-07-38-00 GMT-0400,95.88,95.88,95.83,95.83,95.83,0
2021-05-18-07-39-00 GMT-0400,95.85,95.86,95.84,95.86,95.86,0
2021-05-18-07-40-00 GMT-0400,95.87,95.9,95.87,95.87,95.87,0
2021-05-18-07-41-00 GMT-0400,95.9,95.94,95.89,95.94,95.94,0
2021-05-18-07-42-00 GMT-0400,95.91,95.92,95.84,95.84,95.84,0
2021-05-18-07-43-00 GMT-0400,95.83,95.86,95.83,95.85,95.85,0
2021-05-18-07-44-00 GMT-0400,95.85,95.85,95.8,95.84,95.84,0
2021-05-18-07-45-00 GMT-0400,95.88,95.94,95.86,95.94,95.94,0
2021-05-18-07-46-00 GMT-0400,95.91,95.93,95.89,95.89,95.89,0
2021-05-18-07-47-00 GMT-0400,95.87,95.88,95.85,95.85,95.85,0
2021-05-18-07-48-00 GMT-0400,95.852,95.852,95.85,95.85,95.85,0
2021-05-18-07-49-00 GMT-0400,95.91,95.91,95.9,95.9,95.9,0
2021-05-18-07-50-00 GMT-0400,95.87,95.87,95.84,95.85,95.85,0
2021-05-18-07-51-00 GMT-0400,95.85,95.85,95.85,95.85,95.85,0
2021-05-18-07-52-00 GMT-0400,95.88,95.9,95.86,95.87,95.87,0
2021-05-18-07-53-00 GMT-0400,95.89,95.89,95.87,95.88,95.88,0
2021-05-18-07-54-00 GMT-0400,95.87,95.88,95.86,95.86,95.86,0
2021-05-18-07-55-00 GMT-0400,95.85,95.85,95.83,95.83,95.83,0
2021-05-18-07-56-00 GMT-0400,95.86,95.86,95.83,95.84,95.84,0
2021-05-18-07-57-00 GMT-0400,95.83,95.84,95.81,95.81,95.81,0
2021-05-18-07-58-00 GMT-0400,95.84,95.84,95.83,95.83,95.83,0
2021-05-18-07-59-00 GMT-0400,95.84,95.84,95.79,95.79,95.79,0
2021-05-18-08-00-00 GMT-0400,95.79,96.28,95.64,95.76,95.76,0
2021-05-18-08-01-00 GMT-0400,95.75,95.89,95.699,95.71,95.71,0
2021-05-18-08-02-00 GMT-0400,95.7101,95.87,95.7101,95.87,95.87,0
2021-05-18-08-03-00 GMT-0400,95.8899,95.8899,95.84,95.87,95.87,0
2021-05-18-08-04-00 GMT-0400,95.85,95.85,95.82,95.85,95.85,0
2021-05-18-08-05-00 GMT-0400,95.83,95.83,95.74,95.78,95.78,0
2021-05-18-08-06-00 GMT-0400,95.76,95.89,95.76,95.89,95.89,0
2021-05-18-08-07-00 GMT-0400,95.88,95.97,95.87,95.94,95.94,0
2021-05-18-08-08-00 GMT-0400,95.94,95.96,95.94,95.95,95.95,0
2021-05-18-08-09-00 GMT-0400,95.94,96.07,95.94,96.07,96.07,0
2021-05-18-08-10-00 GMT-0400,96.06,96.14,96.03,96.13,96.13,0
2021-05-18-08-11-00 GMT-0400,96.16,96.18,96.1,96.1,96.1,0
2021-05-18-08-12-00 GMT-0400,96.08,96.16,96.08,96.14,96.14,0
2021-05-18-08-13-00 GMT-0400,96.13,96.15,96.13,96.13,96.13,0
2021-05-18-08-14-00 GMT-0400,96.11,96.16,96.11,96.14,96.14,0
2021-05-18-08-15-00 GMT-0400,96.16,96.16,96.08,96.08,96.08,0
2021-05-18-08-16-00 GMT-0400,96.09,96.09,96.05,96.06,96.06,0
2021-05-18-08-17-00 GMT-0400,96.07,96.09,96.06,96.06,96.06,0
2021-05-18-08-18-00 GMT-0400,96.05,96.05,96.03,96.03,96.03,0
2021-05-18-08-19-00 GMT-0400,96.06,96.07,96.03,96.07,96.07,0
2021-05-18-08-20-00 GMT-0400,96.04,96.04,96.01,96.01,96.01,0
2021-05-18-08-21-00 GMT-0400,96.01,96.01,95.98,95.99,95.99,0
2021-05-18-08-22-00 GMT-0400,95.97,95.99,95.93,95.94,95.94,0
2021-05-18-08-23-00 GMT-0400,95.94,95.95,95.89,95.9,95.9,0
2021-05-18-08-24-00 GMT-0400,95.9,95.94,95.87,95.87,95.87,0
2021-05-18-08-25-00 GMT-0400,95.88,95.88,95.76,95.77,95.77,0
2021-05-18-08-26-00 GMT-0400,95.77,95.8,95.75,95.78,95.78,0
2021-05-18-08-27-00 GMT-0400,95.81,95.86,95.81,95.84,95.84,0
2021-05-18-08-28-00 GMT-0400,95.86,95.88,95.83,95.88,95.88,0
2021-05-18-08-29-00 GMT-0400,95.88,95.8999,95.84,95.86,95.86,0
2021-05-18-08-30-00 GMT-0400,95.86,95.9,95.84,95.9,95.9,0
2021-05-18-08-31-00 GMT-0400,95.9,95.91,95.83,95.86,95.86,0
2021-05-18-08-32-00 GMT-0400,95.84,95.86,95.81,95.82,95.82,0
2021-05-18-08-33-00 GMT-0400,95.84,95.84,95.78,95.8,95.8,0
2021-05-18-08-34-00 GMT-0400,95.81,96.03,95.8,96.02,96.02,0
2021-05-18-08-35-00 GMT-0400,96.02,96.04,96.0,96.0,96.0,0
2021-05-18-08-36-00 GMT-0400,96.0,96.0,95.74,95.78,95.78,0
2021-05-18-08-37-00 GMT-0400,95.79,95.87,95.79,95.8,95.8,0
2021-05-18-08-38-00 GMT-0400,95.8,95.8,95.67,95.67,95.67,0
2021-05-18-08-39-00 GMT-0400,95.68,95.7,95.55,95.7,95.7,0
2021-05-18-08-40-00 GMT-0400,95.68,95.77,95.65,95.7699,95.7699,0
2021-05-18-08-41-00 GMT-0400,95.74,95.77,95.71,95.74,95.74,0
2021-05-18-08-42-00 GMT-0400,95.71,95.75,95.64,95.64,95.64,0
2021-05-18-08-43-00 GMT-0400,95.66,95.66,95.62,95.64,95.64,0
2021-05-18-08-44-00 GMT-0400,95.64,95.66,95.63,95.65,95.65,0
2021-05-18-08-45-00 GMT-0400,95.64,95.69,95.64,95.64,95.64,0
2021-05-18-08-46-00 GMT-0400,95.64,95.72,95.61,95.71,95.71,0
2021-05-18-08-47-00 GMT-0400,95.71,95.72,95.61,95.61,95.61,0
2021-05-18-08-48-00 GMT-0400,95.61,95.62,95.56,95.6,95.6,0
2021-05-18-08-49-00 GMT-0400,95.57,95.57,95.439,95.44,95.44,0
2021-05-18-08-50-00 GMT-0400,95.43,95.57,95.43,95.57,95.57,0
2021-05-18-08-51-00 GMT-0400,95.57,95.64,95.57,95.62,95.62,0
2021-05-18-08-52-00 GMT-0400,95.61,95.65,95.6,95.61,95.61,0
2021-05-18-08-53-00 GMT-0400,95.61,95.62,95.55,95.55,95.55,0
2021-05-18-08-54-00 GMT-0400,95.52,95.61,95.52,95.61,95.61,0
2021-05-18-08-55-00 GMT-0400,95.62,95.64,95.6,95.64,95.64,0
2021-05-18-08-56-00 GMT-0400,95.64,95.66,95.63,95.66,95.66,0
2021-05-18-08-57-00 GMT-0400,95.66,95.67,95.64,95.64,95.64,0
2021-05-18-08-58-00 GMT-0400,95.64,95.66,95.61,95.65,95.65,0
2021-05-18-08-59-00 GMT-0400,95.66,95.66,95.63,95.65,95.65,0
2021-05-18-09-00-00 GMT-0400,95.64,95.68,95.55,95.57,95.57,0
2021-05-18-09-01-00 GMT-0400,95.58,95.59,95.51,95.51,95.51,0
2021-05-18-09-02-00 GMT-0400,95.53,95.58,95.49,95.58,95.58,0
2021-05-18-09-03-00 GMT-0400,95.59,95.59,95.51,95.53,95.53,0
2021-05-18-09-04-00 GMT-0400,95.51,95.53,95.49,95.5,95.5,0
2021-05-18-09-05-00 GMT-0400,95.5,95.51,95.44,95.441,95.441,0
2021-05-18-09-06-00 GMT-0400,95.45,95.5,95.38,95.47,95.47,0
2021-05-18-09-07-00 GMT-0400,95.47,95.48,95.42,95.42,95.42,0
2021-05-18-09-08-00 GMT-0400,95.4,95.44,95.35,95.36,95.36,0
2021-05-18-09-09-00 GMT-0400,95.34,95.34,95.215,95.3,95.3,0
2021-05-18-09-10-00 GMT-0400,95.3,95.34,95.26,95.32,95.32,0
2021-05-18-09-11-00 GMT-0400,95.34,95.41,95.3,95.35,95.35,0
2021-05-18-09-12-00 GMT-0400,95.33,95.365,95.305,95.365,95.365,0
2021-05-18-09-13-00 GMT-0400,95.37,95.3799,95.3,95.3,95.3,0
2021-05-18-09-14-00 GMT-0400,95.28,95.36,95.25,95.33,95.33,0
2021-05-18-09-16-00 GMT-0400,95.3,95.3,95.28,95.28,95.28,0
2021-05-18-09-30-00 GMT-0400,95.20999908447266,95.29000091552734,95.18000030517578,95.28890228271484,95.28890228271484,688521
2021-05-18-09-31-00 GMT-0400,95.06999969482422,95.22000122070312,94.91999816894531,94.95929718017578,94.95929718017578,342328
2021-05-18-09-32-00 GMT-0400,94.93000030517578,94.94000244140625,94.5199966430664,94.6957015991211,94.6957015991211,162538
2021-05-18-09-33-00 GMT-0400,94.70999908447266,94.80000305175781,94.54000091552734,94.66010284423828,94.66010284423828,85221
2021-05-18-09-34-00 GMT-0400,94.63999938964844,95.02999877929688,94.62999725341797,94.74649810791016,94.74649810791016,238916
2021-05-18-09-35-00 GMT-0400,94.7750015258789,95.08000183105469,94.68000030517578,94.90499877929688,94.90499877929688,164609
2021-05-18-09-36-00 GMT-0400,94.9000015258789,95.02999877929688,94.81999969482422,94.91000366210938,94.91000366210938,103868
2021-05-18-09-37-00 GMT-0400,94.91000366210938,95.14959716796875,94.80999755859375,94.9800033569336,94.9800033569336,102723
2021-05-18-09-38-00 GMT-0400,94.9800033569336,95.16000366210938,94.88999938964844,95.12000274658203,95.12000274658203,120081
2021-05-18-09-39-00 GMT-0400,95.14990234375,95.55000305175781,95.13999938964844,95.5,95.5,278209
2021-05-18-09-40-00 GMT-0400,95.5,95.5385971069336,95.36000061035156,95.5199966430664,95.5199966430664,168809
2021-05-18-09-41-00 GMT-0400,95.51000213623047,95.51000213623047,95.01000213623047,95.14900207519531,95.14900207519531,211253
2021-05-18-09-42-00 GMT-0400,95.12999725341797,95.2300033569336,94.94999694824219,95.13999938964844,95.13999938964844,182457
2021-05-18-09-43-00 GMT-0400,95.12999725341797,95.26000213623047,95.05010223388672,95.11000061035156,95.11000061035156,90368
2021-05-18-09-44-00 GMT-0400,95.12000274658203,95.2699966430664,94.83000183105469,94.86000061035156,94.86000061035156,167111
2021-05-18-09-45-00 GMT-0400,94.8550033569336,95.05000305175781,94.62000274658203,94.7699966430664,94.7699966430664,208904
2021-05-18-09-46-00 GMT-0400,94.75,94.78970336914062,94.47000122070312,94.66999816894531,94.66999816894531,154981
2021-05-18-09-47-00 GMT-0400,94.66000366210938,94.98999786376953,94.66000366210938,94.93499755859375,94.93499755859375,137128
2021-05-18-09-48-00 GMT-0400,94.91999816894531,95.08999633789062,94.70999908447266,94.77999877929688,94.77999877929688,174242
2021-05-18-09-49-00 GMT-0400,94.76000213623047,94.95999908447266,94.66999816894531,94.76000213623047,94.76000213623047,107214
2021-05-18-09-50-00 GMT-0400,94.76000213623047,94.76499938964844,94.31999969482422,94.47000122070312,94.47000122070312,277119
2021-05-18-09-51-00 GMT-0400,94.45999908447266,94.4697036743164,94.23999786376953,94.43000030517578,94.43000030517578,215265
2021-05-18-09-52-00 GMT-0400,94.44000244140625,94.61000061035156,94.37999725341797,94.5999984741211,94.5999984741211,145614
2021-05-18-09-53-00 GMT-0400,94.61000061035156,94.82140350341797,94.52999877929688,94.7699966430664,94.7699966430664,142442
2021-05-18-09-54-00 GMT-0400,94.7699966430664,94.82499694824219,94.69999694824219,94.76499938964844,94.76499938964844,89931
2021-05-18-09-55-00 GMT-0400,94.7699966430664,94.88999938964844,94.54000091552734,94.55999755859375,94.55999755859375,147508
2021-05-18-09-56-00 GMT-0400,94.55999755859375,94.79499816894531,94.51000213623047,94.76000213623047,94.76000213623047,99283
2021-05-18-09-57-00 GMT-0400,94.76499938964844,95.04000091552734,94.76499938964844,94.98999786376953,94.98999786376953,294699
2021-05-18-09-58-00 GMT-0400,94.98999786376953,95.12000274658203,94.88999938964844,95.0199966430664,95.0199966430664,118332
2021-05-18-09-59-00 GMT-0400,95.02999877929688,95.08999633789062,94.79000091552734,94.81999969482422,94.81999969482422,105835
2021-05-18-10-00-00 GMT-0400,94.81999969482422,95.0999984741211,94.62999725341797,95.08999633789062,95.08999633789062,122714
2021-05-18-10-01-00 GMT-0400,95.08000183105469,95.16000366210938,94.9000015258789,94.91999816894531,94.91999816894531,127335
2021-05-18-10-02-00 GMT-0400,94.93160247802734,94.97000122070312,94.70999908447266,94.75,94.75,136363
2021-05-18-10-03-00 GMT-0400,94.7300033569336,94.75,94.4800033569336,94.5999984741211,94.5999984741211,197591
2021-05-18-10-04-00 GMT-0400,94.5999984741211,94.80000305175781,94.5199966430664,94.68000030517578,94.68000030517578,85862
2021-05-18-10-05-00 GMT-0400,94.68000030517578,94.7300033569336,94.4800033569336,94.58000183105469,94.58000183105469,80619
2021-05-18-10-06-00 GMT-0400,94.52999877929688,94.72000122070312,94.45999908447266,94.63999938964844,94.63999938964844,75746
2021-05-18-10-07-00 GMT-0400,94.64969635009766,94.88999938964844,94.64969635009766,94.79000091552734,94.79000091552734,154347
2021-05-18-10-08-00 GMT-0400,94.79000091552734,95.0,94.79000091552734,94.87000274658203,94.87000274658203,157115
2021-05-18-10-09-00 GMT-0400,94.86000061035156,94.94000244140625,94.79100036621094,94.86139678955078,94.86139678955078,66765
2021-05-18-10-10-00 GMT-0400,94.87999725341797,95.02999877929688,94.72000122070312,94.75,94.75,104666
2021-05-18-10-11-00 GMT-0400,94.73999786376953,94.97000122070312,94.69830322265625,94.93000030517578,94.93000030517578,74586
2021-05-18-10-12-00 GMT-0400,94.92500305175781,95.0,94.82859802246094,95.0,95.0,66934
2021-05-18-10-13-00 GMT-0400,95.0,95.13999938964844,94.94000244140625,94.95860290527344,94.95860290527344,129374
2021-05-18-10-14-00 GMT-0400,94.94000244140625,95.2699966430664,94.94000244140625,95.25,95.25,142638
2021-05-18-10-15-00 GMT-0400,95.26000213623047,95.33999633789062,95.18000030517578,95.30999755859375,95.30999755859375,235215
2021-05-18-10-16-00 GMT-0400,95.33000183105469,95.51000213623047,95.2300033569336,95.47000122070312,95.47000122070312,207930
2021-05-18-10-17-00 GMT-0400,95.47000122070312,95.61000061035156,95.33000183105469,95.44000244140625,95.44000244140625,176459
2021-05-18-10-18-00 GMT-0400,95.43000030517578,95.5,95.27999877929688,95.36009979248047,95.36009979248047,85707
2021-05-18-10-19-00 GMT-0400,95.36000061035156,95.5,95.30999755859375,95.38999938964844,95.38999938964844,127622
2021-05-18-10-20-00 GMT-0400,95.38999938964844,95.63500213623047,95.37999725341797,95.56999969482422,95.56999969482422,112459
2021-05-18-10-21-00 GMT-0400,95.55000305175781,95.58999633789062,95.45999908447266,95.55000305175781,95.55000305175781,77564
2021-05-18-10-22-00 GMT-0400,95.52999877929688,95.61000061035156,95.43000030517578,95.47000122070312,95.47000122070312,103750
2021-05-18-10-23-00 GMT-0400,95.47000122070312,95.47000122070312,95.27999877929688,95.3499984741211,95.3499984741211,97002
2021-05-18-10-24-00 GMT-0400,95.33000183105469,95.45500183105469,95.23999786376953,95.42130279541016,95.42130279541016,81401
2021-05-18-10-25-00 GMT-0400,95.44000244140625,95.69999694824219,95.37999725341797,95.63500213623047,95.63500213623047,143752
2021-05-18-10-26-00 GMT-0400,95.62000274658203,95.62999725341797,95.5,95.60880279541016,95.60880279541016,108626
2021-05-18-10-27-00 GMT-0400,95.58999633789062,95.75,95.52999877929688,95.73999786376953,95.73999786376953,85310
2021-05-18-10-28-00 GMT-0400,95.75,95.8499984741211,95.69000244140625,95.79000091552734,95.79000091552734,104711
2021-05-18-10-29-00 GMT-0400,95.80999755859375,95.97989654541016,95.77999877929688,95.97000122070312,95.97000122070312,126624
2021-05-18-10-30-00 GMT-0400,95.9800033569336,96.0999984741211,95.9800033569336,96.0999984741211,96.0999984741211,218293
2021-05-18-10-31-00 GMT-0400,96.11000061035156,96.11499786376953,95.9800033569336,96.06999969482422,96.06999969482422,193347
2021-05-18-10-32-00 GMT-0400,96.06999969482422,96.12000274658203,96.01000213623047,96.02999877929688,96.02999877929688,95898
2021-05-18-10-33-00 GMT-0400,96.03500366210938,96.16000366210938,96.03500366210938,96.11000061035156,96.11000061035156,98135
2021-05-18-10-34-00 GMT-0400,96.12000274658203,96.15499877929688,96.04000091552734,96.0999984741211,96.0999984741211,88371
2021-05-18-10-35-00 GMT-0400,96.12000274658203,96.12000274658203,96.02999877929688,96.05000305175781,96.05000305175781,80979
2021-05-18-10-36-00 GMT-0400,96.05500030517578,96.08499908447266,95.98999786376953,96.02999877929688,96.02999877929688,113482
2021-05-18-10-37-00 GMT-0400,96.03050231933594,96.0999984741211,96.0199966430664,96.04499816894531,96.04499816894531,49266
2021-05-18-10-38-00 GMT-0400,96.05000305175781,96.12000274658203,95.94999694824219,96.08090209960938,96.08090209960938,65965
2021-05-18-10-39-00 GMT-0400,96.08930206298828,96.19000244140625,96.0250015258789,96.06999969482422,96.06999969482422,92360
2021-05-18-10-40-00 GMT-0400,96.06950378417969,96.07890319824219,95.94000244140625,96.0199966430664,96.0199966430664,52869
2021-05-18-10-41-00 GMT-0400,96.01499938964844,96.068603515625,95.93119812011719,95.97000122070312,95.97000122070312,57126
2021-05-18-10-42-00 GMT-0400,95.9800033569336,95.98999786376953,95.88999938964844,95.91999816894531,95.91999816894531,77688
2021-05-18-10-43-00 GMT-0400,95.91799926757812,95.91999816894531,95.6500015258789,95.68000030517578,95.68000030517578,78912
2021-05-18-10-44-00 GMT-0400,95.69000244140625,95.80999755859375,95.66999816894531,95.80000305175781,95.80000305175781,106550
2021-05-18-10-45-00 GMT-0400,95.80999755859375,96.00499725341797,95.7699966430664,95.9800033569336,95.9800033569336,95406
2021-05-18-10-46-00 GMT-0400,95.9800033569336,96.05000305175781,95.83499908447266,95.86000061035156,95.86000061035156,104309
2021-05-18-10-47-00 GMT-0400,95.86000061035156,95.91999816894531,95.79000091552734,95.86000061035156,95.86000061035156,89584
2021-05-18-10-48-00 GMT-0400,95.87999725341797,95.97000122070312,95.87000274658203,95.91000366210938,95.91000366210938,48955
2021-05-18-10-49-00 GMT-0400,95.9198989868164,96.18000030517578,95.9000015258789,96.1500015258789,96.1500015258789,173401
2021-05-18-10-50-00 GMT-0400,96.1500015258789,96.27999877929688,95.99099731445312,96.01000213623047,96.01000213623047,134860
2021-05-18-10-51-00 GMT-0400,96.04000091552734,96.05000305175781,95.87999725341797,95.98500061035156,95.98500061035156,97901
2021-05-18-10-52-00 GMT-0400,96.0,96.02999877929688,95.87000274658203,95.94000244140625,95.94000244140625,46470
2021-05-18-10-53-00 GMT-0400,95.94999694824219,95.9800033569336,95.94000244140625,95.95570373535156,95.95570373535156,4965
2021-05-18-10-54-00 GMT-0400,95.83000183105469,95.88999938964844,95.70999908447266,95.79000091552734,95.79000091552734,148259
2021-05-18-10-55-00 GMT-0400,95.78600311279297,95.97000122070312,95.76000213623047,95.9000015258789,95.9000015258789,88148
2021-05-18-10-56-00 GMT-0400,95.9000015258789,95.99700164794922,95.87999725341797,95.94999694824219,95.94999694824219,74602
2021-05-18-10-57-00 GMT-0400,95.94999694824219,96.0199966430664,95.79000091552734,95.818603515625,95.818603515625,53114
2021-05-18-10-58-00 GMT-0400,95.80000305175781,95.9800033569336,95.7699966430664,95.95999908447266,95.95999908447266,67784
2021-05-18-10-59-00 GMT-0400,95.97000122070312,96.0199966430664,95.81999969482422,96.00350189208984,96.00350189208984,75456
2021-05-18-11-00-00 GMT-0400,96.01000213623047,96.05000305175781,95.81999969482422,95.9000015258789,95.9000015258789,69616
2021-05-18-11-01-00 GMT-0400,95.90139770507812,96.0,95.8499984741211,95.9000015258789,95.9000015258789,45889
2021-05-18-11-02-00 GMT-0400,95.91999816894531,95.92500305175781,95.81999969482422,95.83999633789062,95.83999633789062,34820
2021-05-18-11-03-00 GMT-0400,95.8499984741211,95.98999786376953,95.83999633789062,95.9800033569336,95.9800033569336,40806
2021-05-18-11-04-00 GMT-0400,96.0,96.1449966430664,95.98999786376953,96.05999755859375,96.05999755859375,69737
2021-05-18-11-05-00 GMT-0400,96.05999755859375,96.17990112304688,96.02100372314453,96.06999969482422,96.06999969482422,61205
2021-05-18-11-06-00 GMT-0400,96.11000061035156,96.13099670410156,95.97000122070312,96.0,96.0,38170
2021-05-18-11-07-00 GMT-0400,96.01499938964844,96.17009735107422,96.01000213623047,96.0999984741211,96.0999984741211,74126
2021-05-18-11-08-00 GMT-0400,96.0999984741211,96.0999984741211,95.95140075683594,95.97000122070312,95.97000122070312,31258
2021-05-18-11-09-00 GMT-0400,95.94999694824219,96.06999969482422,95.91999816894531,96.01139831542969,96.01139831542969,258525
2021-05-18-11-10-00 GMT-0400,95.99949645996094,96.05999755859375,95.99949645996094,96.0,96.0,25386
2021-05-18-11-11-00 GMT-0400,95.98999786376953,96.0199966430664,95.91999816894531,95.97000122070312,95.97000122070312,42397
2021-05-18-11-12-00 GMT-0400,95.9385986328125,96.02999877929688,95.9000015258789,95.93000030517578,95.93000030517578,50018
2021-05-18-11-13-00 GMT-0400,95.91999816894531,95.94000244140625,95.88999938964844,95.93000030517578,95.93000030517578,13983
2021-05-18-11-17-00 GMT-0400,96.08000183105469,96.13999938964844,96.08000183105469,96.12000274658203,96.12000274658203,158390
2021-05-18-11-18-00 GMT-0400,96.05000305175781,96.05000305175781,95.95999908447266,96.01000213623047,96.01000213623047,79597
2021-05-18-11-19-00 GMT-0400,96.0199966430664,96.06999969482422,95.94000244140625,95.94999694824219,95.94999694824219,28727
2021-05-18-11-20-00 GMT-0400,95.95999908447266,96.05999755859375,95.88999938964844,95.88999938964844,95.88999938964844,52148
2021-05-18-11-21-00 GMT-0400,95.9000015258789,95.95500183105469,95.80999755859375,95.83999633789062,95.83999633789062,33953
2021-05-18-11-22-00 GMT-0400,95.8499984741211,95.9000015258789,95.7300033569336,95.80999755859375,95.80999755859375,63471
2021-05-18-11-23-00 GMT-0400,95.81999969482422,95.95890045166016,95.81999969482422,95.94999694824219,95.94999694824219,65298
2021-05-18-11-24-00 GMT-0400,95.94999694824219,96.0199966430664,95.84500122070312,95.87120056152344,95.87120056152344,36820
2021-05-18-11-25-00 GMT-0400,95.87000274658203,95.94499969482422,95.81999969482422,95.91000366210938,95.91000366210938,30707
2021-05-18-11-26-00 GMT-0400,95.91000366210938,95.98999786376953,95.90599822998047,95.95999908447266,95.95999908447266,47203
2021-05-18-11-27-00 GMT-0400,95.94999694824219,95.95999908447266,95.83000183105469,95.85900115966797,95.85900115966797,27728
2021-05-18-11-28-00 GMT-0400,95.83999633789062,95.83999633789062,95.7699966430664,95.7885971069336,95.7885971069336,73910
2021-05-18-11-29-00 GMT-0400,95.77999877929688,95.87999725341797,95.73999786376953,95.77999877929688,95.77999877929688,64803
2021-05-18-11-30-00 GMT-0400,95.7699966430664,95.83999633789062,95.55000305175781,95.5999984741211,95.5999984741211,139626
2021-05-18-11-31-00 GMT-0400,95.5999984741211,95.5999984741211,95.45999908447266,95.46859741210938,95.46859741210938,169910
2021-05-18-11-32-00 GMT-0400,95.45999908447266,95.5199966430664,95.25,95.260498046875,95.260498046875,149971
2021-05-18-11-33-00 GMT-0400,95.26000213623047,95.34500122070312,95.16999816894531,95.26000213623047,95.26000213623047,79761
2021-05-18-11-34-00 GMT-0400,95.2594985961914,95.29000091552734,95.12000274658203,95.16000366210938,95.16000366210938,116312
2021-05-18-11-35-00 GMT-0400,95.16000366210938,95.21900177001953,95.05999755859375,95.11499786376953,95.11499786376953,103107
2021-05-18-11-36-00 GMT-0400,95.16000366210938,95.16999816894531,95.05999755859375,95.15859985351562,95.15859985351562,79310
2021-05-18-11-37-00 GMT-0400,95.18000030517578,95.27999877929688,95.1500015258789,95.22000122070312,95.22000122070312,162628
2021-05-18-11-38-00 GMT-0400,95.20999908447266,95.2499008178711,95.19000244140625,95.2301025390625,95.2301025390625,63504
2021-05-18-11-39-00 GMT-0400,95.2300033569336,95.27999877929688,95.20999908447266,95.27999877929688,95.27999877929688,36009
2021-05-18-11-40-00 GMT-0400,95.29000091552734,95.31999969482422,95.12999725341797,95.1801986694336,95.1801986694336,90936
2021-05-18-11-41-00 GMT-0400,95.16999816894531,95.19000244140625,95.0199966430664,95.02999877929688,95.02999877929688,72163
2021-05-18-11-42-00 GMT-0400,95.02999877929688,95.04010009765625,94.87000274658203,94.94110107421875,94.94110107421875,121686
2021-05-18-11-43-00 GMT-0400,94.96710205078125,95.08999633789062,94.94999694824219,95.00029754638672,95.00029754638672,60076
2021-05-18-11-44-00 GMT-0400,94.98999786376953,95.0999984741211,94.9801025390625,95.0801010131836,95.0801010131836,55768
2021-05-18-11-45-00 GMT-0400,95.0999984741211,95.15049743652344,94.87999725341797,94.87999725341797,94.87999725341797,110359
2021-05-18-11-46-00 GMT-0400,94.88999938964844,95.01000213623047,94.8301010131836,95.0,95.0,60777
2021-05-18-11-47-00 GMT-0400,95.01000213623047,95.0792007446289,94.94999694824219,95.0792007446289,95.0792007446289,79572
2021-05-18-11-48-00 GMT-0400,95.08999633789062,95.21499633789062,95.0895004272461,95.17890167236328,95.17890167236328,76785
2021-05-18-11-49-00 GMT-0400,95.16999816894531,95.24500274658203,95.16000366210938,95.22000122070312,95.22000122070312,77671
2021-05-18-11-50-00 GMT-0400,95.19999694824219,95.22000122070312,95.11000061035156,95.13500213623047,95.13500213623047,44443
2021-05-18-11-51-00 GMT-0400,95.1500015258789,95.16999816894531,95.10710144042969,95.12999725341797,95.12999725341797,42384
2021-05-18-11-52-00 GMT-0400,95.12999725341797,95.12999725341797,95.01000213623047,95.01010131835938,95.01010131835938,27790
2021-05-18-11-53-00 GMT-0400,95.01010131835938,95.08000183105469,94.94999694824219,95.01000213623047,95.01000213623047,34956
2021-05-18-11-54-00 GMT-0400,94.9800033569336,95.05000305175781,94.93499755859375,95.04499816894531,95.04499816894531,42278
2021-05-18-11-55-00 GMT-0400,95.04000091552734,95.1500015258789,95.02999877929688,95.11499786376953,95.11499786376953,47885
2021-05-18-11-56-00 GMT-0400,95.11000061035156,95.14700317382812,95.0199966430664,95.11000061035156,95.11000061035156,37610
2021-05-18-11-57-00 GMT-0400,95.13140106201172,95.14949798583984,94.9800033569336,94.98999786376953,94.98999786376953,33764
2021-05-18-11-58-00 GMT-0400,94.9800033569336,95.05999755859375,94.8550033569336,94.88500213623047,94.88500213623047,35744
2021-05-18-11-59-00 GMT-0400,94.88059997558594,94.95999908447266,94.8499984741211,94.86000061035156,94.86000061035156,25084
2021-05-18-12-00-00 GMT-0400,94.86000061035156,94.97000122070312,94.80000305175781,94.96209716796875,94.96209716796875,71258
2021-05-18-12-01-00 GMT-0400,94.95999908447266,95.1050033569336,94.95999908447266,95.05000305175781,95.05000305175781,57971
2021-05-18-12-02-00 GMT-0400,95.0199966430664,95.1509017944336,95.0199966430664,95.07009887695312,95.07009887695312,35354
2021-05-18-12-03-00 GMT-0400,95.08000183105469,95.0999984741211,95.03140258789062,95.09010314941406,95.09010314941406,43691
2021-05-18-12-04-00 GMT-0400,95.0999984741211,95.12000274658203,95.01000213623047,95.05999755859375,95.05999755859375,33689
2021-05-18-12-05-00 GMT-0400,95.06999969482422,95.06999969482422,94.95999908447266,95.05000305175781,95.05000305175781,45002
2021-05-18-12-06-00 GMT-0400,95.05999755859375,95.19499969482422,95.02999877929688,95.12999725341797,95.12999725341797,64884
2021-05-18-12-07-00 GMT-0400,95.11000061035156,95.15499877929688,94.9800033569336,95.15499877929688,95.15499877929688,44178
2021-05-18-12-08-00 GMT-0400,95.1500015258789,95.16120147705078,95.0999984741211,95.1500015258789,95.1500015258789,24700
2021-05-18-12-09-00 GMT-0400,95.16999816894531,95.19860076904297,95.11000061035156,95.12030029296875,95.12030029296875,24953
2021-05-18-12-10-00 GMT-0400,95.12000274658203,95.1395034790039,95.0,95.12999725341797,95.12999725341797,37762
2021-05-18-12-11-00 GMT-0400,95.11000061035156,95.2699966430664,95.11000061035156,95.19499969482422,95.19499969482422,129728
2021-05-18-12-12-00 GMT-0400,95.19499969482422,95.30000305175781,95.19000244140625,95.23429870605469,95.23429870605469,55868
2021-05-18-12-13-00 GMT-0400,95.2300033569336,95.30000305175781,95.20999908447266,95.27999877929688,95.27999877929688,43663
2021-05-18-12-14-00 GMT-0400,95.29000091552734,95.3499984741211,95.2750015258789,95.3499984741211,95.3499984741211,28915
2021-05-18-12-15-00 GMT-0400,95.3499984741211,95.3499984741211,95.26000213623047,95.30000305175781,95.30000305175781,78079
2021-05-18-12-16-00 GMT-0400,95.30999755859375,95.33000183105469,95.27999877929688,95.29000091552734,95.29000091552734,20272
2021-05-18-12-17-00 GMT-0400,95.30139923095703,95.3301010131836,95.19000244140625,95.23999786376953,95.23999786376953,37767
2021-05-18-12-18-00 GMT-0400,95.25,95.26000213623047,95.16999816894531,95.19000244140625,95.19000244140625,34559
2021-05-18-12-19-00 GMT-0400,95.18000030517578,95.23989868164062,95.16000366210938,95.23989868164062,95.23989868164062,42469
2021-05-18-12-20-00 GMT-0400,95.23999786376953,95.37999725341797,95.20989990234375,95.22000122070312,95.22000122070312,79890
2021-05-18-12-21-00 GMT-0400,95.20999908447266,95.27999877929688,95.16999816894531,95.27999877929688,95.27999877929688,58718
2021-05-18-12-22-00 GMT-0400,95.28500366210938,95.37999725341797,95.27999877929688,95.33999633789062,95.33999633789062,51596
2021-05-18-12-23-00 GMT-0400,95.33000183105469,95.36000061035156,95.23999786376953,95.34989929199219,95.34989929199219,30678
2021-05-18-12-24-00 GMT-0400,95.36000061035156,95.47000122070312,95.35990142822266,95.47000122070312,95.47000122070312,83023
2021-05-18-12-25-00 GMT-0400,95.4800033569336,95.48999786376953,95.41000366210938,95.46160125732422,95.46160125732422,40954
2021-05-18-12-26-00 GMT-0400,95.47000122070312,95.56999969482422,95.46980285644531,95.53140258789062,95.53140258789062,127685
2021-05-18-12-27-00 GMT-0400,95.54010009765625,95.62000274658203,95.52999877929688,95.62000274658203,95.62000274658203,120317
2021-05-18-12-28-00 GMT-0400,95.62000274658203,95.68109893798828,95.5999984741211,95.68000030517578,95.68000030517578,99520
2021-05-18-12-29-00 GMT-0400,95.66999816894531,95.68949890136719,95.62000274658203,95.65010070800781,95.65010070800781,39111
2021-05-18-12-30-00 GMT-0400,95.66000366210938,95.7030029296875,95.6500015258789,95.66999816894531,95.66999816894531,41622
2021-05-18-12-31-00 GMT-0400,95.67500305175781,95.68000030517578,95.62000274658203,95.65149688720703,95.65149688720703,58125
2021-05-18-12-32-00 GMT-0400,95.66000366210938,95.681396484375,95.63999938964844,95.66999816894531,95.66999816894531,15989
2021-05-18-12-33-00 GMT-0400,95.6500015258789,95.80999755859375,95.6500015258789,95.79000091552734,95.79000091552734,63943
2021-05-18-12-34-00 GMT-0400,95.79000091552734,95.83999633789062,95.77999877929688,95.77999877929688,95.77999877929688,40704
2021-05-18-12-35-00 GMT-0400,95.79000091552734,95.80000305175781,95.7300033569336,95.75,95.75,60611
2021-05-18-12-36-00 GMT-0400,95.75,95.77999877929688,95.72000122070312,95.73999786376953,95.73999786376953,106859
2021-05-18-12-37-00 GMT-0400,95.72989654541016,95.80000305175781,95.70999908447266,95.77999877929688,95.77999877929688,31437
2021-05-18-12-38-00 GMT-0400,95.77999877929688,95.78299713134766,95.72000122070312,95.72019958496094,95.72019958496094,33804
2021-05-18-12-39-00 GMT-0400,95.7300033569336,95.73999786376953,95.70099639892578,95.7300033569336,95.7300033569336,31438
2021-05-18-12-40-00 GMT-0400,95.7300033569336,95.79000091552734,95.72000122070312,95.73999786376953,95.73999786376953,16456
2021-05-18-12-41-00 GMT-0400,95.75,95.77999877929688,95.7300033569336,95.76000213623047,95.76000213623047,22882
2021-05-18-12-42-00 GMT-0400,95.77999877929688,95.77999877929688,95.71499633789062,95.72530364990234,95.72530364990234,46084
2021-05-18-12-43-00 GMT-0400,95.72000122070312,95.73999786376953,95.68000030517578,95.68499755859375,95.68499755859375,43753
2021-05-18-12-44-00 GMT-0400,95.69000244140625,95.75,95.69000244140625,95.69999694824219,95.69999694824219,16091
2021-05-18-12-45-00 GMT-0400,95.70999908447266,95.76000213623047,95.69000244140625,95.76000213623047,95.76000213623047,18847
2021-05-18-12-46-00 GMT-0400,95.77100372314453,95.80860137939453,95.76000213623047,95.76499938964844,95.76499938964844,27154
2021-05-18-12-47-00 GMT-0400,95.76950073242188,95.77999877929688,95.75,95.76719665527344,95.76719665527344,14343
2021-05-18-12-48-00 GMT-0400,95.75,95.7699966430664,95.70999908447266,95.7300033569336,95.7300033569336,41332
2021-05-18-12-49-00 GMT-0400,95.7300033569336,95.73999786376953,95.68499755859375,95.68499755859375,95.68499755859375,23775
2021-05-18-12-50-00 GMT-0400,95.70999908447266,95.70999908447266,95.6406021118164,95.69000244140625,95.69000244140625,27426
2021-05-18-12-51-00 GMT-0400,95.66999816894531,95.66999816894531,95.58999633789062,95.61000061035156,95.61000061035156,40270
2021-05-18-12-52-00 GMT-0400,95.61000061035156,95.62999725341797,95.60140228271484,95.62000274658203,95.62000274658203,18381
2021-05-18-12-53-00 GMT-0400,95.60099792480469,95.66000366210938,95.59950256347656,95.63999938964844,95.63999938964844,16092
2021-05-18-12-54-00 GMT-0400,95.63999938964844,95.66000366210938,95.61000061035156,95.62000274658203,95.62000274658203,11877
2021-05-18-12-55-00 GMT-0400,95.61000061035156,95.66999816894531,95.61000061035156,95.625,95.625,11539
2021-05-18-12-56-00 GMT-0400,95.6449966430664,95.69000244140625,95.63999938964844,95.65740203857422,95.65740203857422,54978
2021-05-18-12-57-00 GMT-0400,95.6500015258789,95.6500015258789,95.58000183105469,95.58999633789062,95.58999633789062,43428
2021-05-18-12-58-00 GMT-0400,95.61000061035156,95.61000061035156,95.33000183105469,95.33999633789062,95.33999633789062,134246
2021-05-18-12-59-00 GMT-0400,95.33999633789062,95.47000122070312,95.33999633789062,95.45999908447266,95.45999908447266,54755
2021-05-18-13-00-00 GMT-0400,95.45999908447266,95.49500274658203,95.41999816894531,95.44999694824219,95.44999694824219,18820
2021-05-18-13-01-00 GMT-0400,95.44999694824219,95.48999786376953,95.40499877929688,95.40499877929688,95.40499877929688,20292
2021-05-18-13-02-00 GMT-0400,95.41000366210938,95.43000030517578,95.32160186767578,95.36000061035156,95.36000061035156,58551
2021-05-18-13-03-00 GMT-0400,95.36000061035156,95.37999725341797,95.33000183105469,95.34500122070312,95.34500122070312,46366
2021-05-18-13-04-00 GMT-0400,95.31999969482422,95.33999633789062,95.27999877929688,95.31500244140625,95.31500244140625,50532
2021-05-18-13-05-00 GMT-0400,95.31999969482422,95.31999969482422,95.13159942626953,95.19000244140625,95.19000244140625,52832
2021-05-18-13-06-00 GMT-0400,95.19000244140625,95.27999877929688,95.17980194091797,95.2781982421875,95.2781982421875,57338
2021-05-18-13-07-00 GMT-0400,95.2699966430664,95.33000183105469,95.16999816894531,95.19999694824219,95.19999694824219,66204
2021-05-18-13-08-00 GMT-0400,95.19000244140625,95.28990173339844,95.1500015258789,95.2698974609375,95.2698974609375,31354
2021-05-18-13-09-00 GMT-0400,95.2699966430664,95.30999755859375,95.23999786376953,95.30999755859375,95.30999755859375,36510
2021-05-18-13-10-00 GMT-0400,95.30979919433594,95.30979919433594,95.20999908447266,95.2490005493164,95.2490005493164,23784
2021-05-18-13-11-00 GMT-0400,95.23999786376953,95.30999755859375,95.2300033569336,95.27999877929688,95.27999877929688,27089
2021-05-18-13-12-00 GMT-0400,95.2699966430664,95.32009887695312,95.25,95.32009887695312,95.32009887695312,49845
2021-05-18-13-13-00 GMT-0400,95.33000183105469,95.44000244140625,95.32530212402344,95.41400146484375,95.41400146484375,137810
2021-05-18-13-14-00 GMT-0400,95.41000366210938,95.44010162353516,95.31999969482422,95.31999969482422,95.31999969482422,76600
2021-05-18-13-15-00 GMT-0400,95.33000183105469,95.37010192871094,95.29000091552734,95.36000061035156,95.36000061035156,25210
2021-05-18-13-16-00 GMT-0400,95.3499984741211,95.3499984741211,95.2699966430664,95.27989959716797,95.27989959716797,112787
2021-05-18-13-17-00 GMT-0400,95.29280090332031,95.29499816894531,95.18000030517578,95.1957015991211,95.1957015991211,60527
2021-05-18-13-18-00 GMT-0400,95.18000030517578,95.20999908447266,95.13999938964844,95.16999816894531,95.16999816894531,40892
2021-05-18-13-19-00 GMT-0400,95.16999816894531,95.20999908447266,95.13050079345703,95.1897964477539,95.1897964477539,30747
2021-05-18-13-20-00 GMT-0400,95.19999694824219,95.2699966430664,95.16999816894531,95.25,95.25,33423
2021-05-18-13-21-00 GMT-0400,95.25859832763672,95.37000274658203,95.2500991821289,95.33999633789062,95.33999633789062,38397
2021-05-18-13-22-00 GMT-0400,95.36000061035156,95.37000274658203,95.27999877929688,95.37000274658203,95.37000274658203,21743
2021-05-18-13-23-00 GMT-0400,95.37129974365234,95.44000244140625,95.37129974365234,95.40989685058594,95.40989685058594,37427
2021-05-18-13-24-00 GMT-0400,95.43000030517578,95.44000244140625,95.33000183105469,95.33000183105469,95.33000183105469,29480
2021-05-18-13-25-00 GMT-0400,95.31999969482422,95.37999725341797,95.27999877929688,95.3499984741211,95.3499984741211,56151
2021-05-18-13-26-00 GMT-0400,95.37000274658203,95.5,95.36090087890625,95.48989868164062,95.48989868164062,109179
2021-05-18-13-27-00 GMT-0400,95.5,95.62999725341797,95.5,95.58999633789062,95.58999633789062,103775
2021-05-18-13-28-00 GMT-0400,95.58999633789062,95.5999984741211,95.55860137939453,95.55999755859375,95.55999755859375,43798
2021-05-18-13-29-00 GMT-0400,95.58000183105469,95.64009857177734,95.55999755859375,95.63999938964844,95.63999938964844,38768
2021-05-18-13-30-00 GMT-0400,95.6405029296875,95.69999694824219,95.62000274658203,95.67900085449219,95.67900085449219,129662
2021-05-18-13-31-00 GMT-0400,95.65499877929688,95.6709976196289,95.58000183105469,95.58999633789062,95.58999633789062,50350
2021-05-18-13-32-00 GMT-0400,95.58000183105469,95.63999938964844,95.55999755859375,95.59500122070312,95.59500122070312,29291
2021-05-18-13-33-00 GMT-0400,95.58149719238281,95.63999938964844,95.58000183105469,95.62000274658203,95.62000274658203,21307
2021-05-18-13-34-00 GMT-0400,95.61000061035156,95.62999725341797,95.59989929199219,95.62000274658203,95.62000274658203,25648
2021-05-18-13-35-00 GMT-0400,95.61000061035156,95.61000061035156,95.55999755859375,95.56990051269531,95.56990051269531,17144
2021-05-18-13-36-00 GMT-0400,95.58989715576172,95.58989715576172,95.47100067138672,95.4749984741211,95.4749984741211,23385
2021-05-18-13-37-00 GMT-0400,95.47000122070312,95.49500274658203,95.43000030517578,95.43099975585938,95.43099975585938,36300
2021-05-18-13-38-00 GMT-0400,95.44000244140625,95.4800033569336,95.39009857177734,95.42009735107422,95.42009735107422,20417
2021-05-18-13-39-00 GMT-0400,95.43000030517578,95.44999694824219,95.3499984741211,95.44499969482422,95.44499969482422,88754
2021-05-18-13-40-00 GMT-0400,95.44499969482422,95.47889709472656,95.38999938964844,95.4000015258789,95.4000015258789,31455
2021-05-18-13-41-00 GMT-0400,95.41010284423828,95.42500305175781,95.35600280761719,95.37010192871094,95.37010192871094,31175
2021-05-18-13-42-00 GMT-0400,95.37860107421875,95.44010162353516,95.27999877929688,95.30999755859375,95.30999755859375,93961
2021-05-18-13-43-00 GMT-0400,95.29499816894531,95.30000305175781,95.20999908447266,95.2300033569336,95.2300033569336,73340
2021-05-18-13-44-00 GMT-0400,95.2300033569336,95.25,95.15979766845703,95.22989654541016,95.22989654541016,53569
2021-05-18-13-45-00 GMT-0400,95.23249816894531,95.2699966430664,95.16999816894531,95.22000122070312,95.22000122070312,26547
2021-05-18-13-46-00 GMT-0400,95.22000122070312,95.27999877929688,95.19000244140625,95.27860260009766,95.27860260009766,31542
2021-05-18-13-47-00 GMT-0400,95.27999877929688,95.31999969482422,95.25,95.30000305175781,95.30000305175781,37089
2021-05-18-13-48-00 GMT-0400,95.28939819335938,95.29000091552734,95.13999938964844,95.1500015258789,95.1500015258789,44313
2021-05-18-13-49-00 GMT-0400,95.13999938964844,95.1500015258789,94.93000030517578,94.98860168457031,94.98860168457031,162206
2021-05-18-13-50-00 GMT-0400,94.9800033569336,95.04000091552734,94.95999908447266,95.02169799804688,95.02169799804688,47394
2021-05-18-13-51-00 GMT-0400,95.02999877929688,95.05999755859375,95.01100158691406,95.02860260009766,95.02860260009766,30524
2021-05-18-13-52-00 GMT-0400,95.0199966430664,95.0199966430664,94.94039916992188,94.94999694824219,94.94999694824219,46110
2021-05-18-13-53-00 GMT-0400,94.94999694824219,94.98999786376953,94.87139892578125,94.95999908447266,94.95999908447266,39304
2021-05-18-13-54-00 GMT-0400,94.95860290527344,94.95860290527344,94.87000274658203,94.89810180664062,94.89810180664062,39214
2021-05-18-13-55-00 GMT-0400,94.87999725341797,94.95999908447266,94.81999969482422,94.81999969482422,94.81999969482422,36953
2021-05-18-13-56-00 GMT-0400,94.81999969482422,94.91000366210938,94.80999755859375,94.88999938964844,94.88999938964844,35325
2021-05-18-13-57-00 GMT-0400,94.88240051269531,94.92890167236328,94.83000183105469,94.91999816894531,94.91999816894531,44884
2021-05-18-13-58-00 GMT-0400,94.92990112304688,94.98989868164062,94.88990020751953,94.97899627685547,94.97899627685547,38312
2021-05-18-13-59-00 GMT-0400,94.95999908447266,94.97000122070312,94.88999938964844,94.91000366210938,94.91000366210938,50469
2021-05-18-14-00-00 GMT-0400,94.91000366210938,95.00990295410156,94.91000366210938,94.91999816894531,94.91999816894531,74916
2021-05-18-14-01-00 GMT-0400,94.91000366210938,95.0199966430664,94.9094009399414,94.97000122070312,94.97000122070312,34680
2021-05-18-14-02-00 GMT-0400,94.95999908447266,94.95999908447266,94.70999908447266,94.7699966430664,94.7699966430664,115220
2021-05-18-14-03-00 GMT-0400,94.7699966430664,94.83999633789062,94.70999908447266,94.73999786376953,94.73999786376953,71271
2021-05-18-14-04-00 GMT-0400,94.7300033569336,94.76000213623047,94.62999725341797,94.76000213623047,94.76000213623047,95064
2021-05-18-14-05-00 GMT-0400,94.75,94.97010040283203,94.74700164794922,94.94000244140625,94.94000244140625,84508
2021-05-18-14-06-00 GMT-0400,94.94000244140625,95.04000091552734,94.91999816894531,95.0,95.0,55777
2021-05-18-14-07-00 GMT-0400,94.9749984741211,94.98999786376953,94.94999694824219,94.98500061035156,94.98500061035156,27119
2021-05-18-14-08-00 GMT-0400,95.0,95.0,94.87000274658203,94.91500091552734,94.91500091552734,31855
2021-05-18-14-09-00 GMT-0400,94.88999938964844,94.9000015258789,94.77999877929688,94.80000305175781,94.80000305175781,42743
2021-05-18-14-10-00 GMT-0400,94.80000305175781,94.85910034179688,94.77999877929688,94.82499694824219,94.82499694824219,41749
2021-05-18-14-11-00 GMT-0400,94.80999755859375,94.80999755859375,94.7300033569336,94.80000305175781,94.80000305175781,42239
2021-05-18-14-12-00 GMT-0400,94.76799774169922,94.93000030517578,94.76499938964844,94.91999816894531,94.91999816894531,39396
2021-05-18-14-13-00 GMT-0400,94.91000366210938,94.95500183105469,94.8499984741211,94.95500183105469,94.95500183105469,51205
2021-05-18-14-14-00 GMT-0400,94.91999816894531,94.94999694824219,94.88999938964844,94.9489974975586,94.9489974975586,25359
2021-05-18-14-15-00 GMT-0400,94.94999694824219,94.94999694824219,94.84500122070312,94.91000366210938,94.91000366210938,40815
2021-05-18-14-16-00 GMT-0400,94.90010070800781,95.05000305175781,94.90010070800781,94.9800033569336,94.9800033569336,74880
2021-05-18-14-17-00 GMT-0400,94.9800033569336,95.00990295410156,94.94000244140625,94.95999908447266,94.95999908447266,31152
2021-05-18-14-18-00 GMT-0400,94.95700073242188,94.9800033569336,94.9000015258789,94.91000366210938,94.91000366210938,35381
2021-05-18-14-19-00 GMT-0400,94.9000015258789,94.9000015258789,94.72000122070312,94.77999877929688,94.77999877929688,68131
2021-05-18-14-20-00 GMT-0400,94.7699966430664,94.94000244140625,94.76000213623047,94.7699966430664,94.7699966430664,55694
2021-05-18-14-21-00 GMT-0400,94.76000213623047,94.76000213623047,94.56999969482422,94.70899963378906,94.70899963378906,129763
2021-05-18-14-22-00 GMT-0400,94.70500183105469,94.7300033569336,94.53199768066406,94.56500244140625,94.56500244140625,58928
2021-05-18-14-23-00 GMT-0400,94.55999755859375,94.61000061035156,94.33000183105469,94.34500122070312,94.34500122070312,127532
2021-05-18-14-24-00 GMT-0400,94.34010314941406,94.45989990234375,94.34010314941406,94.41899871826172,94.41899871826172,95388
2021-05-18-14-25-00 GMT-0400,94.41500091552734,94.45999908447266,94.3499984741211,94.39080047607422,94.39080047607422,91339
2021-05-18-14-26-00 GMT-0400,94.41999816894531,94.52999877929688,94.41999816894531,94.43000030517578,94.43000030517578,103364
2021-05-18-14-27-00 GMT-0400,94.4385986328125,94.5199966430664,94.41000366210938,94.5199966430664,94.5199966430664,47192
2021-05-18-14-28-00 GMT-0400,94.51799774169922,94.54000091552734,94.44999694824219,94.45999908447266,94.45999908447266,35028
2021-05-18-14-29-00 GMT-0400,94.44999694824219,94.44999694824219,94.29000091552734,94.36000061035156,94.36000061035156,64282
2021-05-18-14-30-00 GMT-0400,94.3550033569336,94.45999908447266,94.35340118408203,94.44000244140625,94.44000244140625,50096
2021-05-18-14-31-00 GMT-0400,94.44000244140625,94.45999908447266,94.33999633789062,94.35169982910156,94.35169982910156,48650
2021-05-18-14-32-00 GMT-0400,94.33999633789062,94.37999725341797,94.30000305175781,94.31990051269531,94.31990051269531,27815
2021-05-18-14-33-00 GMT-0400,94.30500030517578,94.33930206298828,94.09300231933594,94.09300231933594,94.09300231933594,92832
2021-05-18-14-34-00 GMT-0400,94.10009765625,94.16889953613281,93.69000244140625,93.69000244140625,93.69000244140625,186225
2021-05-18-14-35-00 GMT-0400,93.69010162353516,93.80999755859375,93.58999633789062,93.80999755859375,93.80999755859375,153099
2021-05-18-14-36-00 GMT-0400,93.80000305175781,93.80000305175781,93.56999969482422,93.61009979248047,93.61009979248047,98585
2021-05-18-14-37-00 GMT-0400,93.62999725341797,93.69499969482422,93.44999694824219,93.5999984741211,93.5999984741211,127379
2021-05-18-14-38-00 GMT-0400,93.5999984741211,93.73999786376953,93.51000213623047,93.62010192871094,93.62010192871094,80005
2021-05-18-14-39-00 GMT-0400,93.63500213623047,93.63500213623047,93.5,93.51000213623047,93.51000213623047,84657
2021-05-18-14-40-00 GMT-0400,93.51029968261719,93.62000274658203,93.45999908447266,93.58999633789062,93.58999633789062,86266
2021-05-18-14-41-00 GMT-0400,93.56999969482422,93.56999969482422,93.16999816894531,93.22000122070312,93.22000122070312,390943
2021-05-18-14-42-00 GMT-0400,93.22000122070312,93.22899627685547,93.08000183105469,93.16000366210938,93.16000366210938,126341
2021-05-18-14-43-00 GMT-0400,93.1500015258789,93.27950286865234,93.0999984741211,93.19999694824219,93.19999694824219,82037
2021-05-18-14-44-00 GMT-0400,93.20860290527344,93.33000183105469,93.16999816894531,93.30000305175781,93.30000305175781,136418
2021-05-18-14-45-00 GMT-0400,93.30000305175781,93.33899688720703,93.05000305175781,93.05000305175781,93.05000305175781,117939
2021-05-18-14-46-00 GMT-0400,93.05000305175781,93.16999816894531,92.98999786376953,93.15010070800781,93.15010070800781,249522
2021-05-18-14-47-00 GMT-0400,93.16000366210938,93.16999816894531,93.01000213623047,93.05999755859375,93.05999755859375,92932
2021-05-18-14-48-00 GMT-0400,93.08999633789062,93.27999877929688,93.06999969482422,93.2699966430664,93.2699966430664,98126
2021-05-18-14-49-00 GMT-0400,93.26000213623047,93.33000183105469,93.12000274658203,93.33000183105469,93.33000183105469,69318
2021-05-18-14-50-00 GMT-0400,93.32009887695312,93.47000122070312,93.19999694824219,93.47000122070312,93.47000122070312,163362
2021-05-18-14-51-00 GMT-0400,93.45999908447266,93.51000213623047,93.4000015258789,93.43000030517578,93.43000030517578,177924
2021-05-18-14-52-00 GMT-0400,93.43000030517578,93.44000244140625,93.37000274658203,93.41850280761719,93.41850280761719,47345
2021-05-18-14-53-00 GMT-0400,93.4198989868164,93.55999755859375,93.4000015258789,93.54900360107422,93.54900360107422,35922
2021-05-18-14-54-00 GMT-0400,93.51000213623047,93.51000213623047,93.45999908447266,93.47000122070312,93.47000122070312,194110
2021-05-18-14-55-00 GMT-0400,93.47000122070312,93.50769805908203,93.25,93.4800033569336,93.4800033569336,84999
2021-05-18-14-56-00 GMT-0400,93.48999786376953,93.62039947509766,93.44999694824219,93.55000305175781,93.55000305175781,91661
2021-05-18-14-57-00 GMT-0400,93.56999969482422,93.56999969482422,93.4800033569336,93.55000305175781,93.55000305175781,36140
2021-05-18-14-58-00 GMT-0400,93.55919647216797,93.55919647216797,93.43000030517578,93.45999908447266,93.45999908447266,59402
2021-05-18-14-59-00 GMT-0400,93.45989990234375,93.58000183105469,93.41000366210938,93.58000183105469,93.58000183105469,61666
2021-05-18-15-00-00 GMT-0400,93.58999633789062,93.66999816894531,93.5199966430664,93.62999725341797,93.62999725341797,105063
2021-05-18-15-01-00 GMT-0400,93.6449966430664,93.6449966430664,93.52999877929688,93.5999984741211,93.5999984741211,50581
2021-05-18-15-02-00 GMT-0400,93.58999633789062,93.62000274658203,93.54000091552734,93.58999633789062,93.58999633789062,46060
2021-05-18-15-03-00 GMT-0400,93.5999984741211,93.73999786376953,93.5999984741211,93.72010040283203,93.72010040283203,111950
2021-05-18-15-04-00 GMT-0400,93.7300033569336,93.80999755859375,93.70500183105469,93.79000091552734,93.79000091552734,130080
2021-05-18-15-05-00 GMT-0400,93.77999877929688,93.83000183105469,93.66000366210938,93.72989654541016,93.72989654541016,88238
2021-05-18-15-06-00 GMT-0400,93.7300033569336,93.77999877929688,93.72000122070312,93.7300033569336,93.7300033569336,44651
2021-05-18-15-07-00 GMT-0400,93.72000122070312,93.7300033569336,93.66000366210938,93.69000244140625,93.69000244140625,40175
2021-05-18-15-08-00 GMT-0400,93.69499969482422,93.7699966430664,93.66999816894531,93.7300033569336,93.7300033569336,35198
2021-05-18-15-09-00 GMT-0400,93.73999786376953,93.87999725341797,93.73989868164062,93.87999725341797,93.87999725341797,46012
2021-05-18-15-10-00 GMT-0400,93.875,93.98880004882812,93.80010223388672,93.81999969482422,93.81999969482422,214474
2021-05-18-15-11-00 GMT-0400,93.81649780273438,93.83000183105469,93.70999908447266,93.7300033569336,93.7300033569336,70229
2021-05-18-15-12-00 GMT-0400,93.75,93.80000305175781,93.73999786376953,93.80000305175781,93.80000305175781,33294
2021-05-18-15-13-00 GMT-0400,93.80000305175781,93.8499984741211,93.73999786376953,93.73999786376953,93.73999786376953,28514
2021-05-18-15-14-00 GMT-0400,93.7300033569336,93.74500274658203,93.54100036621094,93.63990020751953,93.63990020751953,94572
2021-05-18-15-15-00 GMT-0400,93.62000274658203,93.69999694824219,93.56999969482422,93.58999633789062,93.58999633789062,42322
2021-05-18-15-16-00 GMT-0400,93.58000183105469,93.7699966430664,93.58000183105469,93.75,93.75,73817
2021-05-18-15-17-00 GMT-0400,93.75,93.80999755859375,93.70999908447266,93.75,93.75,49018
2021-05-18-15-18-00 GMT-0400,93.75070190429688,93.86000061035156,93.70999908447266,93.83000183105469,93.83000183105469,60150
2021-05-18-15-19-00 GMT-0400,93.83000183105469,93.88999938964844,93.76000213623047,93.88999938964844,93.88999938964844,24972
2021-05-18-15-20-00 GMT-0400,93.88999938964844,93.94000244140625,93.79000091552734,93.86900329589844,93.86900329589844,63113
2021-05-18-15-21-00 GMT-0400,93.83999633789062,93.87000274658203,93.76000213623047,93.79000091552734,93.79000091552734,22902
2021-05-18-15-22-00 GMT-0400,93.7699966430664,93.84860229492188,93.76000213623047,93.83999633789062,93.83999633789062,44579
2021-05-18-15-23-00 GMT-0400,93.83999633789062,93.97000122070312,93.83999633789062,93.94999694824219,93.94999694824219,45305
2021-05-18-15-24-00 GMT-0400,93.93000030517578,94.05000305175781,93.93000030517578,93.98529815673828,93.98529815673828,137698
2021-05-18-15-25-00 GMT-0400,93.98999786376953,94.16999816894531,93.9800033569336,94.16999816894531,94.16999816894531,98822
2021-05-18-15-26-00 GMT-0400,94.16000366210938,94.19999694824219,94.125,94.13990020751953,94.13990020751953,94575
2021-05-18-15-27-00 GMT-0400,94.12999725341797,94.15139770507812,94.02999877929688,94.06999969482422,94.06999969482422,49415
2021-05-18-15-28-00 GMT-0400,94.05999755859375,94.13990020751953,94.04000091552734,94.125,94.125,47824
2021-05-18-15-29-00 GMT-0400,94.11000061035156,94.13999938964844,94.08000183105469,94.09049987792969,94.09049987792969,27541
2021-05-18-15-30-00 GMT-0400,94.0999984741211,94.16999816894531,94.04000091552734,94.16999816894531,94.16999816894531,87180
2021-05-18-15-31-00 GMT-0400,94.1852035522461,94.47000122070312,94.1852035522461,94.30999755859375,94.30999755859375,208334
2021-05-18-15-32-00 GMT-0400,94.30000305175781,94.3499984741211,94.23999786376953,94.29000091552734,94.29000091552734,71913
2021-05-18-15-33-00 GMT-0400,94.27999877929688,94.27999877929688,94.19000244140625,94.2301025390625,94.2301025390625,48411
2021-05-18-15-34-00 GMT-0400,94.23500061035156,94.27999877929688,94.1500015258789,94.25,94.25,46742
2021-05-18-15-35-00 GMT-0400,94.2300033569336,94.30999755859375,94.22000122070312,94.2249984741211,94.2249984741211,42388
2021-05-18-15-36-00 GMT-0400,94.22059631347656,94.23999786376953,94.13999938964844,94.19999694824219,94.19999694824219,68785
2021-05-18-15-37-00 GMT-0400,94.20999908447266,94.20999908447266,94.02999877929688,94.05999755859375,94.05999755859375,68908
2021-05-18-15-38-00 GMT-0400,94.05000305175781,94.08999633789062,93.97000122070312,94.08000183105469,94.08000183105469,63889
2021-05-18-15-39-00 GMT-0400,94.08000183105469,94.17990112304688,94.08000183105469,94.0999984741211,94.0999984741211,31502
2021-05-18-15-40-00 GMT-0400,94.12000274658203,94.19989776611328,94.11000061035156,94.17500305175781,94.17500305175781,67233
2021-05-18-15-41-00 GMT-0400,94.18000030517578,94.25,94.18000030517578,94.22000122070312,94.22000122070312,38686
2021-05-18-15-42-00 GMT-0400,94.22000122070312,94.22000122070312,94.06999969482422,94.0999984741211,94.0999984741211,49042
2021-05-18-15-43-00 GMT-0400,94.0999984741211,94.18499755859375,94.05699920654297,94.06999969482422,94.06999969482422,41914
2021-05-18-15-44-00 GMT-0400,94.07649993896484,94.1500015258789,94.04000091552734,94.1500015258789,94.1500015258789,40078
2021-05-18-15-45-00 GMT-0400,94.16000366210938,94.19999694824219,93.9800033569336,93.99199676513672,93.99199676513672,67065
2021-05-18-15-46-00 GMT-0400,94.0,94.0,93.81999969482422,93.91999816894531,93.91999816894531,95968
2021-05-18-15-47-00 GMT-0400,93.88999938964844,93.90010070800781,93.68009948730469,93.7300033569336,93.7300033569336,120175
2021-05-18-15-48-00 GMT-0400,93.70999908447266,93.70999908447266,93.44000244140625,93.44999694824219,93.44999694824219,143820
2021-05-18-15-49-00 GMT-0400,93.46499633789062,93.4800033569336,93.31500244140625,93.38999938964844,93.38999938964844,141363
2021-05-18-15-50-00 GMT-0400,93.37999725341797,93.37999725341797,93.06999969482422,93.20999908447266,93.20999908447266,175395
2021-05-18-15-51-00 GMT-0400,93.18000030517578,93.3499984741211,93.13040161132812,93.26300048828125,93.26300048828125,90256
2021-05-18-15-52-00 GMT-0400,93.2699966430664,93.2699966430664,93.06999969482422,93.16999816894531,93.16999816894531,100524
2021-05-18-15-53-00 GMT-0400,93.13999938964844,93.13999938964844,92.70999908447266,92.88999938964844,92.88999938964844,256994
2021-05-18-15-54-00 GMT-0400,92.87999725341797,92.93000030517578,92.48999786376953,92.63500213623047,92.63500213623047,191918
2021-05-18-15-55-00 GMT-0400,92.62999725341797,92.82990264892578,92.52999877929688,92.66000366210938,92.66000366210938,127059
2021-05-18-15-56-00 GMT-0400,92.6500015258789,92.7300033569336,92.62999725341797,92.69000244140625,92.69000244140625,87640
2021-05-18-15-57-00 GMT-0400,92.66500091552734,92.75,92.61000061035156,92.62000274658203,92.62000274658203,113753
2021-05-18-15-58-00 GMT-0400,92.61499786376953,92.75859832763672,92.57230377197266,92.63999938964844,92.63999938964844,202093
2021-05-18-15-59-00 GMT-0400,92.62000274658203,92.69000244140625,92.19000244140625,92.36000061035156,92.36000061035156,535100
2021-05-18-16-00-00 GMT-0400,92.37,92.53,92.34,92.51,92.51,32344141
2021-05-18-16-01-00 GMT-0400,92.5001,92.5596,92.43,92.54,92.54,0
2021-05-18-16-02-00 GMT-0400,92.54,92.54,92.42,92.42,92.42,0
2021-05-18-16-03-00 GMT-0400,92.42,92.45,92.36,92.38,92.38,0
2021-05-18-16-04-00 GMT-0400,92.38,92.48,92.37,92.48,92.48,0
2021-05-18-16-05-00 GMT-0400,92.48,92.48,92.31,92.32,92.32,0
2021-05-18-16-06-00 GMT-0400,92.3,92.37,92.27,92.29,92.29,0
2021-05-18-16-07-00 GMT-0400,92.27,92.46,92.13,92.45,92.45,0
2021-05-18-16-08-00 GMT-0400,92.45,92.52,92.43,92.52,92.52,0
2021-05-18-16-09-00 GMT-0400,92.52,92.59,92.47,92.55,92.55,0
2021-05-18-16-10-00 GMT-0400,92.57,92.59,92.54,92.56,92.56,0
2021-05-18-16-11-00 GMT-0400,92.56,92.57,92.45,92.45,92.45,0
2021-05-18-16-12-00 GMT-0400,92.465,92.48,92.4,92.48,92.48,0
2021-05-18-16-13-00 GMT-0400,92.46,92.57,92.45,92.56,92.56,0
2021-05-18-16-14-00 GMT-0400,92.56,92.56,92.5,92.525,92.525,0
2021-05-18-16-15-00 GMT-0400,92.55,92.55,92.5,92.55,92.55,0
2021-05-18-16-16-00 GMT-0400,92.53,92.55,92.42,92.5,92.5,0
2021-05-18-16-17-00 GMT-0400,92.5,92.5,92.47,92.5,92.5,0
2021-05-18-16-18-00 GMT-0400,92.5,92.5,92.44,92.45,92.45,0
2021-05-18-16-19-00 GMT-0400,92.45,92.47,92.44,92.47,92.47,0
2021-05-18-16-20-00 GMT-0400,92.44,92.47,92.44,92.47,92.47,0
2021-05-18-16-21-00 GMT-0400,92.47,92.47,92.38,92.38,92.38,0
2021-05-18-16-22-00 GMT-0400,92.39,92.45,92.35,92.43,92.43,0
2021-05-18-16-23-00 GMT-0400,92.4,92.44,92.33,92.3999,92.3999,0
2021-05-18-16-24-00 GMT-0400,92.38,92.38,92.33,92.33,92.33,0
2021-05-18-16-25-00 GMT-0400,92.37,92.37,92.31,92.35,92.35,0
2021-05-18-16-26-00 GMT-0400,92.35,92.45,92.34,92.4,92.4,0
2021-05-18-16-27-00 GMT-0400,92.3501,92.4,92.35,92.4,92.4,0
2021-05-18-16-28-00 GMT-0400,92.37,92.4,92.37,92.37,92.37,0
2021-05-18-16-29-00 GMT-0400,92.375,92.38,92.34,92.38,92.38,0
2021-05-18-16-30-00 GMT-0400,92.38,92.5,92.38,92.45,92.45,0
2021-05-18-16-31-00 GMT-0400,92.43,92.45,92.29,92.31,92.31,0
2021-05-18-16-32-00 GMT-0400,92.33,92.36,92.27,92.29,92.29,0
2021-05-18-16-33-00 GMT-0400,92.28,92.31,92.21,92.21,92.21,0
2021-05-18-16-34-00 GMT-0400,92.23,92.23,92.14,92.17,92.17,0
2021-05-18-16-35-00 GMT-0400,92.2,92.28,91.9,91.9,91.9,0
2021-05-18-16-36-00 GMT-0400,91.91,91.97,91.86,91.97,91.97,0
2021-05-18-16-37-00 GMT-0400,91.96,91.97,91.68,91.68,91.68,0
2021-05-18-16-38-00 GMT-0400,91.7,91.82,91.7,91.76,91.76,0
2021-05-18-16-39-00 GMT-0400,91.74,91.84,91.74,91.79,91.79,0
2021-05-18-16-40-00 GMT-0400,91.77,91.84,91.76,91.78,91.78,0
2021-05-18-16-41-00 GMT-0400,91.77,92.37,91.77,91.91,91.91,0
2021-05-18-16-42-00 GMT-0400,91.91,91.92,91.84,91.87,91.87,0
2021-05-18-16-43-00 GMT-0400,91.89,91.94,91.89,91.905,91.905,0
2021-05-18-16-44-00 GMT-0400,91.91,91.979,91.9,91.96,91.96,0
2021-05-18-16-45-00 GMT-0400,91.96,91.96,91.9,91.9,91.9,0
2021-05-18-16-46-00 GMT-0400,91.93,91.96,91.92,91.95,91.95,0
2021-05-18-16-47-00 GMT-0400,91.95,91.95,91.83,91.83,91.83,0
2021-05-18-16-48-00 GMT-0400,91.87,91.87,91.81,91.83,91.83,0
2021-05-18-16-49-00 GMT-0400,91.83,91.89,91.83,91.88,91.88,0
2021-05-18-16-50-00 GMT-0400,91.85,91.91,91.83,91.89,91.89,0
2021-05-18-16-51-00 GMT-0400,91.88,91.94,91.88,91.89,91.89,0
2021-05-18-16-52-00 GMT-0400,91.89,91.9,91.84,91.85,91.85,0
2021-05-18-16-53-00 GMT-0400,91.85,91.85,91.8,91.83,91.83,0
2021-05-18-16-54-00 GMT-0400,91.87,91.9,91.855,91.855,91.855,0
2021-05-18-16-55-00 GMT-0400,91.9,91.92,91.88,91.91,91.91,0
2021-05-18-16-56-00 GMT-0400,91.92,91.92,91.89,91.89,91.89,0
2021-05-18-16-57-00 GMT-0400,91.9,91.9,91.86,91.87,91.87,0
2021-05-18-16-58-00 GMT-0400,91.88,91.88,91.86,91.87,91.87,0
2021-05-18-16-59-00 GMT-0400,91.9,91.9,91.8,91.84,91.84,0
2021-05-18-17-00-00 GMT-0400,91.85,91.9,91.8,91.8,91.8,0
2021-05-18-17-01-00 GMT-0400,91.89,91.89,91.8,91.88,91.88,0
2021-05-18-17-02-00 GMT-0400,91.85,91.91,91.85,91.91,91.91,0
2021-05-18-17-03-00 GMT-0400,91.9,91.91,91.86,91.91,91.91,0
2021-05-18-17-04-00 GMT-0400,91.91,91.95,91.88,91.91,91.91,0
2021-05-18-17-05-00 GMT-0400,91.95,91.95,91.86,91.9,91.9,0
2021-05-18-17-06-00 GMT-0400,91.9,91.95,91.86,91.87,91.87,0
2021-05-18-17-07-00 GMT-0400,91.87,91.92,91.86,91.9,91.9,0
2021-05-18-17-08-00 GMT-0400,91.86,91.86,91.85,91.85,91.85,0
2021-05-18-17-09-00 GMT-0400,91.9,91.9,91.85,91.89,91.89,0
2021-05-18-17-10-00 GMT-0400,91.9,91.9,91.81,91.81,91.81,0
2021-05-18-17-11-00 GMT-0400,91.85,91.85,91.8,91.83,91.83,0
2021-05-18-17-12-00 GMT-0400,91.85,91.88,91.84,91.87,91.87,0
2021-05-18-17-13-00 GMT-0400,91.87,91.87,91.81,91.87,91.87,0
2021-05-18-17-14-00 GMT-0400,91.84,91.87,91.83,91.84,91.84,0
2021-05-18-17-15-00 GMT-0400,91.84,91.84,91.84,91.84,91.84,0
2021-05-18-17-16-00 GMT-0400,91.84,91.86,91.82,91.86,91.86,0
2021-05-18-17-17-00 GMT-0400,91.87,91.89,91.86,91.89,91.89,0
2021-05-18-17-18-00 GMT-0400,91.88,91.89,91.85,91.87,91.87,0
2021-05-18-17-19-00 GMT-0400,91.87,91.87,91.8,91.8,91.8,0
2021-05-18-17-20-00 GMT-0400,91.85,91.85,91.81,91.85,91.85,0
2021-05-18-17-21-00 GMT-0400,91.85,91.85,91.81,91.85,91.85,0
2021-05-18-17-22-00 GMT-0400,91.85,91.85,91.81,91.83,91.83,0
2021-05-18-17-23-00 GMT-0400,91.85,91.86,91.8,91.86,91.86,0
2021-05-18-17-24-00 GMT-0400,91.85,91.85,91.85,91.85,91.85,0
2021-05-18-17-25-00 GMT-0400,91.83,91.86,91.83,91.86,91.86,0
2021-05-18-17-26-00 GMT-0400,91.86,91.86,91.83,91.85,91.85,0
2021-05-18-17-27-00 GMT-0400,91.85,91.85,91.85,91.85,91.85,0
2021-05-18-17-28-00 GMT-0400,91.82,91.85,91.82,91.85,91.85,0
2021-05-18-17-29-00 GMT-0400,91.85,91.85,91.81,91.85,91.85,0
2021-05-18-17-30-00 GMT-0400,91.81,91.85,91.81,91.85,91.85,0
2021-05-18-17-31-00 GMT-0400,91.85,91.86,91.85,91.86,91.86,0
2021-05-18-17-32-00 GMT-0400,91.86,91.86,91.85,91.86,91.86,0
2021-05-18-17-33-00 GMT-0400,91.86,91.94,91.86,91.92,91.92,0
2021-05-18-17-34-00 GMT-0400,91.93,91.93,91.92,91.92,91.92,0
2021-05-18-17-35-00 GMT-0400,91.86,91.93,91.85,91.93,91.93,0
2021-05-18-17-36-00 GMT-0400,91.97,91.97,91.93,91.97,91.97,0
2021-05-18-17-37-00 GMT-0400,91.93,91.95,91.93,91.94,91.94,0
2021-05-18-17-38-00 GMT-0400,91.97,92.08,91.92,92.08,92.08,0
2021-05-18-17-39-00 GMT-0400,92.0,92.05,91.95,91.95,91.95,0
2021-05-18-17-40-00 GMT-0400,91.95,92.05,91.95,91.95,91.95,0
2021-05-18-17-41-00 GMT-0400,91.95,92.05,91.92,92.0,92.0,0
2021-05-18-17-42-00 GMT-0400,91.93,92.04,91.93,91.95,91.95,0
2021-05-18-17-43-00 GMT-0400,92.04,92.05,91.95,92.05,92.05,0
2021-05-18-17-44-00 GMT-0400,92.05,92.05,91.95,92.0,92.0,0
2021-05-18-17-45-00 GMT-0400,92.0,92.0,91.95,91.95,91.95,0
2021-05-18-17-46-00 GMT-0400,91.975,92.0,91.86,91.89,91.89,0
2021-05-18-17-47-00 GMT-0400,91.89,91.96,91.86,91.86,91.86,0
2021-05-18-17-48-00 GMT-0400,91.978,91.978,91.82,91.97,91.97,0
2021-05-18-17-49-00 GMT-0400,91.97,91.97,91.82,91.97,91.97,0
2021-05-18-17-50-00 GMT-0400,91.97,91.97,91.97,91.97,91.97,0
2021-05-18-17-51-00 GMT-0400,91.98,91.98,91.82,91.89,91.89,0
2021-05-18-17-52-00 GMT-0400,91.85,91.88,91.82,91.83,91.83,0
2021-05-18-17-53-00 GMT-0400,91.88,91.9,91.82,91.82,91.82,0
2021-05-18-17-54-00 GMT-0400,91.83,91.89,91.82,91.87,91.87,0
2021-05-18-17-55-00 GMT-0400,91.87,91.88,91.87,91.88,91.88,0
2021-05-18-17-56-00 GMT-0400,91.86,91.86,91.82,91.86,91.86,0
2021-05-18-17-57-00 GMT-0400,91.82,91.86,91.82,91.86,91.86,0
2021-05-18-17-58-00 GMT-0400,91.86,91.86,91.81,91.81,91.81,0
2021-05-18-17-59-00 GMT-0400,91.8,91.86,91.8,91.86,91.86,0
2021-05-18-18-00-00 GMT-0400,91.8,92.08,91.69,92.08,92.08,0
2021-05-18-18-01-00 GMT-0400,92.0499,92.11,92.01,92.01,92.01,0
2021-05-18-18-02-00 GMT-0400,92.03,92.11,92.03,92.11,92.11,0
2021-05-18-18-03-00 GMT-0400,92.11,92.14,92.08,92.11,92.11,0
2021-05-18-18-04-00 GMT-0400,92.14,92.14,92.12,92.13,92.13,0
2021-05-18-18-05-00 GMT-0400,92.15,92.19,92.06,92.09,92.09,0
2021-05-18-18-06-00 GMT-0400,92.1,92.11,92.07,92.07,92.07,0
2021-05-18-18-07-00 GMT-0400,92.08,92.08,92.07,92.07,92.07,0
2021-05-18-18-08-00 GMT-0400,92.17,92.17,92.14,92.14,92.14,0
2021-05-18-18-09-00 GMT-0400,92.16,92.25,92.16,92.25,92.25,0
2021-05-18-18-10-00 GMT-0400,92.26,92.31,92.26,92.3,92.3,0
2021-05-18-18-11-00 GMT-0400,92.31,92.31,92.28,92.28,92.28,0
2021-05-18-18-12-00 GMT-0400,92.29,92.31,92.29,92.3,92.3,0
2021-05-18-18-13-00 GMT-0400,92.3,92.3,92.25,92.25,92.25,0
2021-05-18-18-14-00 GMT-0400,92.22,92.22,92.14,92.14,92.14,0
2021-05-18-18-15-00 GMT-0400,92.15,92.15,92.11,92.12,92.12,0
2021-05-18-18-16-00 GMT-0400,92.1,92.1,92.04,92.09,92.09,0
2021-05-18-18-17-00 GMT-0400,92.07,92.07,92.07,92.07,92.07,0
2021-05-18-18-18-00 GMT-0400,92.1,92.1,92.1,92.1,92.1,0
2021-05-18-18-19-00 GMT-0400,92.12,92.12,92.12,92.12,92.12,0
2021-05-18-18-20-00 GMT-0400,92.12,92.21,92.12,92.13,92.13,0
2021-05-18-18-21-00 GMT-0400,92.13,92.13,91.99,92.0299,92.0299,0
2021-05-18-18-22-00 GMT-0400,91.99,91.99,91.96,91.99,91.99,0
2021-05-18-18-23-00 GMT-0400,92.02,92.04,92.02,92.04,92.04,0
2021-05-18-18-24-00 GMT-0400,92.06,92.09,92.06,92.09,92.09,0
2021-05-18-18-25-00 GMT-0400,92.08,92.1,92.08,92.1,92.1,0
2021-05-18-18-26-00 GMT-0400,92.08,92.08,92.04,92.08,92.08,0
2021-05-18-18-27-00 GMT-0400,92.08,92.08,92.03,92.05,92.05,0
2021-05-18-18-28-00 GMT-0400,92.0799,92.08,92.05,92.05,92.05,0
2021-05-18-18-29-00 GMT-0400,92.06,92.06,92.06,92.06,92.06,0
2021-05-18-18-30-00 GMT-0400,92.1,92.22,92.1,92.22,92.22,0
2021-05-18-18-31-00 GMT-0400,92.25,92.27,92.21,92.22,92.22,0
2021-05-18-18-32-00 GMT-0400,92.22,92.22,92.21,92.22,92.22,0
2021-05-18-18-33-00 GMT-0400,92.23,92.24,92.22,92.24,92.24,0
2021-05-18-18-34-00 GMT-0400,92.25,92.26,92.22,92.26,92.26,0
2021-05-18-18-35-00 GMT-0400,92.24,92.27,92.24,92.27,92.27,0
2021-05-18-18-36-00 GMT-0400,92.27,92.3,92.27,92.28,92.28,0
2021-05-18-18-37-00 GMT-0400,92.3,92.3,92.29,92.29,92.29,0
2021-05-18-18-38-00 GMT-0400,92.29,92.3,92.29,92.29,92.29,0
2021-05-18-18-39-00 GMT-0400,92.27,92.29,92.25,92.25,92.25,0
2021-05-18-18-40-00 GMT-0400,92.29,92.29,92.29,92.29,92.29,0
2021-05-18-18-41-00 GMT-0400,92.3,92.32,92.29,92.29,92.29,0
2021-05-18-18-42-00 GMT-0400,92.28,92.28,92.28,92.28,92.28,0
2021-05-18-18-43-00 GMT-0400,92.26,92.29,92.26,92.29,92.29,0
2021-05-18-18-44-00 GMT-0400,92.28,92.31,92.28,92.28,92.28,0
2021-05-18-18-45-00 GMT-0400,92.3,92.35,92.3,92.35,92.35,0
2021-05-18-18-46-00 GMT-0400,92.34,92.34,92.34,92.34,92.34,0
2021-05-18-18-47-00 GMT-0400,92.33,92.35,92.3,92.31,92.31,0
2021-05-18-18-48-00 GMT-0400,92.3,92.3,92.29,92.29,92.29,0
2021-05-18-18-49-00 GMT-0400,92.3,92.3,92.3,92.3,92.3,0
2021-05-18-18-50-00 GMT-0400,92.33,92.33,92.3,92.32,92.32,0
2021-05-18-18-51-00 GMT-0400,92.3,92.3,92.29,92.29,92.29,0
2021-05-18-18-52-00 GMT-0400,92.3,92.3,92.22,92.22,92.22,0
2021-05-18-18-53-00 GMT-0400,92.24,92.28,92.24,92.28,92.28,0
2021-05-18-18-54-00 GMT-0400,92.25,92.25,92.24,92.24,92.24,0
2021-05-18-18-55-00 GMT-0400,92.22,92.25,92.21,92.25,92.25,0
2021-05-18-18-56-00 GMT-0400,92.22,92.2599,92.22,92.23,92.23,0
2021-05-18-18-57-00 GMT-0400,92.22,92.22,92.16,92.16,92.16,0
2021-05-18-18-58-00 GMT-0400,92.2,92.21,92.2,92.2,92.2,0
2021-05-18-18-59-00 GMT-0400,92.2,92.24,92.2,92.2199,92.2199,0
2021-05-18-19-00-00 GMT-0400,92.25,92.26,92.25,92.25,92.25,0
2021-05-18-19-01-00 GMT-0400,92.26,92.27,92.25,92.25,92.25,0
2021-05-18-19-02-00 GMT-0400,92.25,92.26,92.24,92.26,92.26,0
2021-05-18-19-03-00 GMT-0400,92.24,92.27,92.24,92.27,92.27,0
2021-05-18-19-04-00 GMT-0400,92.26,92.3,92.26,92.3,92.3,0
2021-05-18-19-05-00 GMT-0400,92.3,92.3,92.29,92.29,92.29,0
2021-05-18-19-06-00 GMT-0400,92.33,92.33,92.3,92.32,92.32,0
2021-05-18-19-07-00 GMT-0400,92.32,92.4,92.32,92.4,92.4,0
2021-05-18-19-08-00 GMT-0400,92.42,92.46,92.37,92.45,92.45,0
2021-05-18-19-09-00 GMT-0400,92.47,92.52,92.46,92.5,92.5,0
2021-05-18-19-10-00 GMT-0400,92.5,92.58,92.5,92.55,92.55,0
2021-05-18-19-11-00 GMT-0400,92.55,92.56,92.5,92.5,92.5,0
2021-05-18-19-12-00 GMT-0400,92.49,92.49,92.48,92.48,92.48,0
2021-05-18-19-13-00 GMT-0400,92.49,92.49,92.49,92.49,92.49,0
2021-05-18-19-14-00 GMT-0400,92.49,92.5,92.48,92.49,92.49,0
2021-05-18-19-15-00 GMT-0400,92.49,92.5,92.47,92.5,92.5,0
2021-05-18-19-16-00 GMT-0400,92.48,92.5,92.47,92.5,92.5,0
2021-05-18-19-17-00 GMT-0400,92.48,92.48,92.48,92.48,92.48,0
2021-05-18-19-19-00 GMT-0400,92.49,92.49,92.47,92.47,92.47,0
2021-05-18-19-20-00 GMT-0400,92.47,92.48,92.47,92.48,92.48,0
2021-05-18-19-21-00 GMT-0400,92.48,92.5,92.47,92.5,92.5,0
2021-05-18-19-23-00 GMT-0400,92.5,92.55,92.5,92.55,92.55,0
2021-05-18-19-24-00 GMT-0400,92.5301,92.56,92.52,92.52,92.52,0
2021-05-18-19-25-00 GMT-0400,92.52,92.52,92.43,92.43,92.43,0
2021-05-18-19-26-00 GMT-0400,92.44,92.44,92.44,92.44,92.44,0
2021-05-18-19-27-00 GMT-0400,92.45,92.45,92.4,92.4,92.4,0
2021-05-18-19-28-00 GMT-0400,92.42,92.42,92.4,92.4,92.4,0
2021-05-18-19-29-00 GMT-0400,92.42,92.44,92.42,92.43,92.43,0
2021-05-18-19-30-00 GMT-0400,92.43,92.43,92.43,92.43,92.43,0
2021-05-18-19-31-00 GMT-0400,92.43,92.43,92.42,92.42,92.42,0
2021-05-18-19-32-00 GMT-0400,92.45,92.45,92.35,92.38,92.38,0
2021-05-18-19-34-00 GMT-0400,92.38,92.38,92.27,92.28,92.28,0
2021-05-18-19-35-00 GMT-0400,92.3,92.31,92.14,92.15,92.15,0
2021-05-18-19-36-00 GMT-0400,92.14,92.22,92.14,92.21,92.21,0
2021-05-18-19-38-00 GMT-0400,92.2,92.2,92.2,92.2,92.2,0
2021-05-18-19-39-00 GMT-0400,92.2,92.2,92.05,92.06,92.06,0
2021-05-18-19-40-00 GMT-0400,92.15,92.18,92.15,92.18,92.18,0
2021-05-18-19-41-00 GMT-0400,92.17,92.21,92.1,92.1,92.1,0
2021-05-18-19-42-00 GMT-0400,92.11,92.11,92.05,92.07,92.07,0
2021-05-18-19-43-00 GMT-0400,92.08,92.12,92.08,92.11,92.11,0
2021-05-18-19-44-00 GMT-0400,92.13,92.13,92.07,92.07,92.07,0
2021-05-18-19-45-00 GMT-0400,92.09,92.09,92.02,92.03,92.03,0
2021-05-18-19-46-00 GMT-0400,92.01,92.01,91.87,91.89,91.89,0
2021-05-18-19-47-00 GMT-0400,91.85,91.89,91.85,91.89,91.89,0
2021-05-18-19-48-00 GMT-0400,91.94,91.99,91.94,91.94,91.94,0
2021-05-18-19-49-00 GMT-0400,91.95,91.95,91.92,91.92,91.92,0
2021-05-18-19-50-00 GMT-0400,91.92,91.93,91.89,91.93,91.93,0
2021-05-18-19-51-00 GMT-0400,91.9,91.91,91.88,91.9,91.9,0
2021-05-18-19-52-00 GMT-0400,91.9,91.91,91.85,91.91,91.91,0
2021-05-18-19-53-00 GMT-0400,91.9,91.92,91.9,91.92,91.92,0
2021-05-18-19-54-00 GMT-0400,91.93,91.93,91.88,91.91,91.91,0
2021-05-18-19-55-00 GMT-0400,91.89,91.89,91.8,91.8,91.8,0
2021-05-18-19-56-00 GMT-0400,91.79,91.84,91.76,91.76,91.76,0
2021-05-18-19-57-00 GMT-0400,91.76,91.77,91.7,91.77,91.77,0
2021-05-18-19-58-00 GMT-0400,91.76,91.76,91.42,91.63,91.63,0
2021-05-18-19-59-00 GMT-0400,91.63,91.63,91.4699,91.47,91.47,0
