Date,Open,High,Low,Close,Volume,Dividends,Stock Splits
2021-05-17,7.55,7.55,7.55,7.55,0,0,0
