Datetime,Open,High,Low,Close,Adj Close,Volume
2022-02-14-04-00-00 GMT-0500,359.75,362.6,359.0,360.67,360.67,0
2022-02-14-04-01-00 GMT-0500,360.67,360.84,360.67,360.84,360.84,0
2022-02-14-04-03-00 GMT-0500,356.75,356.75,356.75,356.75,356.75,0
2022-02-14-04-04-00 GMT-0500,357.97,357.97,357.1,357.1,357.1,0
2022-02-14-04-05-00 GMT-0500,357.16,357.16,356.0,356.0,356.0,0
2022-02-14-04-06-00 GMT-0500,356.56,356.56,356.56,356.56,356.56,0
2022-02-14-04-07-00 GMT-0500,356.88,356.88,356.56,356.56,356.56,0
2022-02-14-04-10-00 GMT-0500,356.35,356.35,356.0,356.0,356.0,0
2022-02-14-04-11-00 GMT-0500,356.5,356.5,356.5,356.5,356.5,0
2022-02-14-04-14-00 GMT-0500,356.0,356.0,356.0,356.0,356.0,0
2022-02-14-04-15-00 GMT-0500,355.88,355.99,354.6,355.99,355.99,0
2022-02-14-04-16-00 GMT-0500,356.27,356.28,356.27,356.27,356.27,0
2022-02-14-04-17-00 GMT-0500,356.27,356.6,356.24,356.5,356.5,0
2022-02-14-04-18-00 GMT-0500,356.66,356.66,356.66,356.66,356.66,0
2022-02-14-04-20-00 GMT-0500,357.6,357.6,357.35,357.35,357.35,0
2022-02-14-04-21-00 GMT-0500,358.08,359.06,358.08,359.06,359.06,0
2022-02-14-04-28-00 GMT-0500,358.52,359.03,358.52,359.03,359.03,0
2022-02-14-04-30-00 GMT-0500,358.43,358.43,358.43,358.43,358.43,0
2022-02-14-04-32-00 GMT-0500,358.12,358.12,358.12,358.12,358.12,0
2022-02-14-04-33-00 GMT-0500,358.12,358.12,357.5,357.5,357.5,0
2022-02-14-04-34-00 GMT-0500,357.5,357.5,357.42,357.43,357.43,0
2022-02-14-04-37-00 GMT-0500,357.57,357.57,357.42,357.42,357.42,0
2022-02-14-04-38-00 GMT-0500,357.96,357.96,355.44,355.44,355.44,0
2022-02-14-04-39-00 GMT-0500,357.42,357.42,357.42,357.42,357.42,0
2022-02-14-04-51-00 GMT-0500,357.5,357.5,357.5,357.5,357.5,0
2022-02-14-05-04-00 GMT-0500,356.95,357.01,356.7,356.96,356.96,0
2022-02-14-05-19-00 GMT-0500,357.86,357.86,357.86,357.86,357.86,0
2022-02-14-05-48-00 GMT-0500,358.5,358.5,358.5,358.5,358.5,0
2022-02-14-05-52-00 GMT-0500,359.06,359.35,359.06,359.35,359.35,0
2022-02-14-05-53-00 GMT-0500,360.51,360.88,360.51,360.72,360.72,0
2022-02-14-05-55-00 GMT-0500,360.88,360.88,360.88,360.88,360.88,0
2022-02-14-06-07-00 GMT-0500,358.2,358.2,358.2,358.2,358.2,0
2022-02-14-06-19-00 GMT-0500,359.2,359.2,359.2,359.2,359.2,0
2022-02-14-06-28-00 GMT-0500,360.56,360.67,360.39,360.56,360.56,0
2022-02-14-06-29-00 GMT-0500,360.48,360.74,360.48,360.63,360.63,0
2022-02-14-06-35-00 GMT-0500,360.61,360.61,360.61,360.61,360.61,0
2022-02-14-06-42-00 GMT-0500,360.56,360.56,360.56,360.56,360.56,0
2022-02-14-06-43-00 GMT-0500,360.7,360.7,360.7,360.7,360.7,0
2022-02-14-06-50-00 GMT-0500,359.39,359.39,359.39,359.39,359.39,0
2022-02-14-06-51-00 GMT-0500,360.13,360.56,359.8,359.8,359.8,0
2022-02-14-06-57-00 GMT-0500,360.0,360.7,360.0,360.7,360.7,0
2022-02-14-06-58-00 GMT-0500,360.7,360.74,360.7,360.74,360.74,0
2022-02-14-07-00-00 GMT-0500,360.75,360.75,360.11,360.5,360.5,0
2022-02-14-07-01-00 GMT-0500,360.38,360.38,360.07,360.07,360.07,0
2022-02-14-07-02-00 GMT-0500,360.07,360.07,360.07,360.07,360.07,0
2022-02-14-07-03-00 GMT-0500,360.01,360.01,360.0,360.0,360.0,0
2022-02-14-07-04-00 GMT-0500,360.0,360.0,359.9,359.9,359.9,0
2022-02-14-07-05-00 GMT-0500,359.72,359.72,359.72,359.72,359.72,0
2022-02-14-07-06-00 GMT-0500,359.6,359.6,359.57,359.57,359.57,0
2022-02-14-07-08-00 GMT-0500,359.86,360.0,359.86,359.99,359.99,0
2022-02-14-07-13-00 GMT-0500,359.63,360.07,359.21,360.07,360.07,0
2022-02-14-07-15-00 GMT-0500,360.0,360.0,360.0,360.0,360.0,0
2022-02-14-07-16-00 GMT-0500,359.95,359.95,359.95,359.95,359.95,0
2022-02-14-07-18-00 GMT-0500,359.88,360.0,359.88,360.0,360.0,0
2022-02-14-07-23-00 GMT-0500,359.6,359.6,359.6,359.6,359.6,0
2022-02-14-07-24-00 GMT-0500,360.47,360.47,359.56,359.61,359.61,0
2022-02-14-07-30-00 GMT-0500,360.28,360.59,359.71,360.59,360.59,0
2022-02-14-07-31-00 GMT-0500,360.37,360.67,360.0,360.67,360.67,0
2022-02-14-07-35-00 GMT-0500,359.76,359.76,359.72,359.72,359.72,0
2022-02-14-07-38-00 GMT-0500,360.09,360.21,360.09,360.21,360.21,0
2022-02-14-07-39-00 GMT-0500,360.21,362.07,359.79,362.07,362.07,0
2022-02-14-07-40-00 GMT-0500,362.46,364.15,362.46,363.96,363.96,0
2022-02-14-07-41-00 GMT-0500,363.95,363.96,363.95,363.95,363.95,0
2022-02-14-07-43-00 GMT-0500,363.4,363.99,363.4,363.65,363.65,0
2022-02-14-07-44-00 GMT-0500,363.99,364.22,363.94,364.22,364.22,0
2022-02-14-07-45-00 GMT-0500,364.22,364.39,364.22,364.39,364.39,0
2022-02-14-07-46-00 GMT-0500,364.39,364.59,363.39,363.53,363.53,0
2022-02-14-07-49-00 GMT-0500,363.75,363.75,363.52,363.75,363.75,0
2022-02-14-07-50-00 GMT-0500,364.32,364.33,364.32,364.33,364.33,0
2022-02-14-07-51-00 GMT-0500,364.09,364.37,363.51,364.29,364.29,0
2022-02-14-07-52-00 GMT-0500,364.24,364.24,364.24,364.24,364.24,0
2022-02-14-07-53-00 GMT-0500,364.41,364.41,364.31,364.41,364.41,0
2022-02-14-07-54-00 GMT-0500,364.31,364.31,364.0,364.01,364.01,0
2022-02-14-07-59-00 GMT-0500,363.49,364.0,363.37,363.37,363.37,0
2022-02-14-08-00-00 GMT-0500,359.0002,364.39,359.0,359.0,359.0,0
2022-02-14-08-01-00 GMT-0500,363.19,363.19,363.19,363.19,363.19,0
2022-02-14-08-03-00 GMT-0500,364.83,364.83,364.83,364.83,364.83,0
2022-02-14-08-04-00 GMT-0500,365.68,365.68,365.68,365.68,365.68,0
2022-02-14-08-07-00 GMT-0500,364.07,364.07,364.0,364.0,364.0,0
2022-02-14-08-12-00 GMT-0500,363.93,363.93,363.93,363.93,363.93,0
2022-02-14-08-13-00 GMT-0500,364.79,364.79,364.79,364.79,364.79,0
2022-02-14-08-14-00 GMT-0500,365.0,365.0,363.94,365.0,365.0,0
2022-02-14-08-15-00 GMT-0500,365.25,365.25,364.43,364.43,364.43,0
2022-02-14-08-16-00 GMT-0500,364.88,364.88,364.0,364.0,364.0,0
2022-02-14-08-22-00 GMT-0500,364.0,364.0,364.0,364.0,364.0,0
2022-02-14-08-24-00 GMT-0500,364.1,364.1,363.19,363.19,363.19,0
2022-02-14-08-25-00 GMT-0500,364.435,364.47,364.435,364.47,364.47,0
2022-02-14-08-32-00 GMT-0500,364.68,364.68,364.68,364.68,364.68,0
2022-02-14-08-36-00 GMT-0500,363.26,363.26,363.26,363.26,363.26,0
2022-02-14-08-40-00 GMT-0500,364.25,364.25,364.12,364.12,364.12,0
2022-02-14-08-42-00 GMT-0500,364.24,364.24,364.07,364.07,364.07,0
2022-02-14-08-43-00 GMT-0500,363.19,363.26,363.0,363.13,363.13,0
2022-02-14-08-53-00 GMT-0500,363.25,363.25,363.25,363.25,363.25,0
2022-02-14-08-56-00 GMT-0500,362.95,362.95,362.95,362.95,362.95,0
2022-02-14-09-00-00 GMT-0500,363.07,363.07,363.07,363.07,363.07,0
2022-02-14-09-01-00 GMT-0500,363.07,363.07,362.5,362.5,362.5,0
2022-02-14-09-03-00 GMT-0500,363.08,363.08,363.07,363.07,363.07,0
2022-02-14-09-04-00 GMT-0500,364.91,364.91,363.0,363.0,363.0,0
2022-02-14-09-11-00 GMT-0500,363.08,363.08,361.25,361.25,361.25,0
2022-02-14-09-13-00 GMT-0500,363.08,364.91,363.08,364.91,364.91,0
2022-02-14-09-14-00 GMT-0500,363.07,363.07,363.0,363.0,363.0,0
2022-02-14-09-30-00 GMT-0500,363.05999755859375,363.6300048828125,362.32000732421875,363.6300048828125,363.6300048828125,248449
2022-02-14-09-31-00 GMT-0500,363.5679016113281,364.05999755859375,363.5679016113281,363.94000244140625,363.94000244140625,5366
2022-02-14-09-32-00 GMT-0500,363.8800048828125,364.04998779296875,363.5400085449219,363.8236083984375,363.8236083984375,7752
2022-02-14-09-33-00 GMT-0500,363.5400085449219,363.7499084472656,361.92999267578125,362.2449951171875,362.2449951171875,10387
2022-02-14-09-34-00 GMT-0500,362.3299865722656,363.2898864746094,362.3299865722656,363.20001220703125,363.20001220703125,4842
2022-02-14-09-35-00 GMT-0500,363.010009765625,363.010009765625,361.8399963378906,361.8399963378906,361.8399963378906,3623
2022-02-14-09-36-00 GMT-0500,362.0799865722656,362.8999938964844,362.0799865722656,362.5799865722656,362.5799865722656,5489
2022-02-14-09-37-00 GMT-0500,362.5098876953125,363.1199951171875,362.30999755859375,362.7799987792969,362.7799987792969,6162
2022-02-14-09-38-00 GMT-0500,362.78271484375,362.94000244140625,362.6499938964844,362.6499938964844,362.6499938964844,6350
2022-02-14-09-39-00 GMT-0500,362.57000732421875,362.57000732421875,361.7699890136719,361.7699890136719,361.7699890136719,7674
2022-02-14-09-40-00 GMT-0500,361.75,363.43280029296875,361.739990234375,363.1199951171875,363.1199951171875,5280
2022-02-14-09-41-00 GMT-0500,363.04998779296875,364.2900085449219,363.0101013183594,363.5400085449219,363.5400085449219,11924
2022-02-14-09-42-00 GMT-0500,363.75,363.94000244140625,363.6000061035156,363.6600036621094,363.6600036621094,8189
2022-02-14-09-43-00 GMT-0500,363.57000732421875,363.82000732421875,363.260009765625,363.4100036621094,363.4100036621094,3794
2022-02-14-09-44-00 GMT-0500,363.2099914550781,363.2099914550781,362.5,362.5849914550781,362.5849914550781,7282
2022-02-14-09-45-00 GMT-0500,362.2799987792969,362.4100036621094,361.8800048828125,361.92999267578125,361.92999267578125,6641
2022-02-14-09-46-00 GMT-0500,361.5199890136719,361.7250061035156,361.0,361.0899963378906,361.0899963378906,7731
2022-02-14-09-47-00 GMT-0500,361.239990234375,361.8299865722656,361.239990234375,361.65301513671875,361.65301513671875,3205
2022-02-14-09-48-00 GMT-0500,361.489990234375,361.489990234375,361.2099914550781,361.3999938964844,361.3999938964844,5084
2022-02-14-09-49-00 GMT-0500,362.0,362.3949890136719,361.9750061035156,362.1300048828125,362.1300048828125,2628
2022-02-14-09-50-00 GMT-0500,362.17999267578125,362.62420654296875,361.95001220703125,361.9599914550781,361.9599914550781,5707
2022-02-14-09-51-00 GMT-0500,362.1549987792969,362.7250061035156,362.0400085449219,362.3900146484375,362.3900146484375,2620
2022-02-14-09-52-00 GMT-0500,362.5150146484375,363.0,362.5150146484375,363.0,363.0,4065
2022-02-14-09-53-00 GMT-0500,362.9800109863281,363.30999755859375,362.67999267578125,362.7699890136719,362.7699890136719,8824
2022-02-14-09-54-00 GMT-0500,362.510009765625,362.875,362.510009765625,362.7976989746094,362.7976989746094,5240
2022-02-14-09-55-00 GMT-0500,363.0,363.0,361.6199951171875,362.5599060058594,362.5599060058594,19159
2022-02-14-09-56-00 GMT-0500,362.6000061035156,362.6000061035156,361.8299865722656,361.8299865722656,361.8299865722656,4925
2022-02-14-09-57-00 GMT-0500,361.739990234375,361.739990234375,361.20001220703125,361.7300109863281,361.7300109863281,3124
2022-02-14-09-58-00 GMT-0500,361.6199951171875,361.6199951171875,361.3299865722656,361.5199890136719,361.5199890136719,1703
2022-02-14-09-59-00 GMT-0500,361.3399963378906,361.75,360.9800109863281,361.75,361.75,7470
2022-02-14-10-00-00 GMT-0500,361.1050109863281,361.1449890136719,360.0166931152344,360.5799865722656,360.5799865722656,9584
2022-02-14-10-01-00 GMT-0500,360.57000732421875,360.57000732421875,359.1695861816406,359.25,359.25,18725
2022-02-14-10-02-00 GMT-0500,359.0,359.2900085449219,358.95001220703125,359.1499938964844,359.1499938964844,7878
2022-02-14-10-03-00 GMT-0500,359.1499938964844,359.3999938964844,359.0736083984375,359.2149963378906,359.2149963378906,5683
2022-02-14-10-04-00 GMT-0500,359.25,359.6499938964844,359.0799865722656,359.29998779296875,359.29998779296875,6888
2022-02-14-10-05-00 GMT-0500,359.4100036621094,359.5,359.0350036621094,359.5,359.5,3605
2022-02-14-10-06-00 GMT-0500,359.5400085449219,359.5450134277344,359.1700134277344,359.4549865722656,359.4549865722656,7620
2022-02-14-10-07-00 GMT-0500,359.3900146484375,359.4549865722656,359.0799865722656,359.2099914550781,359.2099914550781,6284
2022-02-14-10-08-00 GMT-0500,359.2900085449219,359.6499938964844,359.20001220703125,359.489990234375,359.489990234375,38829
2022-02-14-10-09-00 GMT-0500,359.6600036621094,359.75,359.45001220703125,359.5386047363281,359.5386047363281,33719
2022-02-14-10-10-00 GMT-0500,359.739990234375,360.30999755859375,359.739990234375,360.30999755859375,360.30999755859375,6955
2022-02-14-10-11-00 GMT-0500,360.2799987792969,360.7200012207031,360.2799987792969,360.67498779296875,360.67498779296875,2263
2022-02-14-10-12-00 GMT-0500,360.8349914550781,361.2099914550781,360.75,361.1000061035156,361.1000061035156,10744
2022-02-14-10-13-00 GMT-0500,361.0400085449219,361.05999755859375,360.5,360.5,360.5,3767
2022-02-14-10-14-00 GMT-0500,360.4320068359375,360.5,360.0,360.1400146484375,360.1400146484375,4610
2022-02-14-10-15-00 GMT-0500,360.2650146484375,360.30999755859375,358.8800048828125,359.17999267578125,359.17999267578125,11392
2022-02-14-10-16-00 GMT-0500,358.8999938964844,359.3800048828125,358.75,358.75,358.75,8380
2022-02-14-10-17-00 GMT-0500,358.7200012207031,359.25,358.66448974609375,359.1300048828125,359.1300048828125,16893
2022-02-14-10-18-00 GMT-0500,359.1300048828125,359.29998779296875,358.8699951171875,358.8699951171875,358.8699951171875,30466
2022-02-14-10-19-00 GMT-0500,358.68499755859375,359.25,358.68499755859375,358.8500061035156,358.8500061035156,6246
2022-02-14-10-20-00 GMT-0500,359.1099853515625,359.4100036621094,358.9574890136719,359.2200012207031,359.2200012207031,15441
2022-02-14-10-21-00 GMT-0500,359.30999755859375,359.489990234375,359.010009765625,359.20001220703125,359.20001220703125,8039
2022-02-14-10-22-00 GMT-0500,359.26251220703125,359.30999755859375,358.3900146484375,358.6700134277344,358.6700134277344,10032
2022-02-14-10-23-00 GMT-0500,358.6400146484375,359.8550109863281,358.6300048828125,359.70001220703125,359.70001220703125,7570
2022-02-14-10-24-00 GMT-0500,359.7300109863281,359.9800109863281,359.5299987792969,359.79998779296875,359.79998779296875,3347
2022-02-14-10-25-00 GMT-0500,359.8900146484375,360.0199890136719,359.5400085449219,359.6050109863281,359.6050109863281,3851
2022-02-14-10-26-00 GMT-0500,359.5400085449219,359.54150390625,359.2699890136719,359.375,359.375,6168
2022-02-14-10-27-00 GMT-0500,359.32000732421875,359.6000061035156,359.20001220703125,359.5350036621094,359.5350036621094,4857
2022-02-14-10-28-00 GMT-0500,359.5199890136719,359.739990234375,359.3013916015625,359.739990234375,359.739990234375,5881
2022-02-14-10-29-00 GMT-0500,360.0299987792969,360.3399963378906,359.8399963378906,359.9200134277344,359.9200134277344,4230
2022-02-14-10-30-00 GMT-0500,359.94000244140625,360.1099853515625,359.5199890136719,359.57501220703125,359.57501220703125,6561
2022-02-14-10-31-00 GMT-0500,359.42999267578125,359.42999267578125,358.95001220703125,359.07000732421875,359.07000732421875,3494
2022-02-14-10-32-00 GMT-0500,359.0299987792969,359.04998779296875,358.4649963378906,358.510009765625,358.510009765625,7204
2022-02-14-10-33-00 GMT-0500,358.6199951171875,358.8699951171875,358.4949951171875,358.80499267578125,358.80499267578125,10332
2022-02-14-10-34-00 GMT-0500,358.8999938964844,359.17999267578125,358.7850036621094,358.7900085449219,358.7900085449219,10689
2022-02-14-10-35-00 GMT-0500,358.70001220703125,358.7900085449219,358.32000732421875,358.4800109863281,358.4800109863281,9934
2022-02-14-10-36-00 GMT-0500,358.4700012207031,358.9200134277344,358.3999938964844,358.9200134277344,358.9200134277344,3952
2022-02-14-10-37-00 GMT-0500,358.7099914550781,358.9200134277344,358.50750732421875,358.510009765625,358.510009765625,0
2022-02-14-10-38-00 GMT-0500,358.45001220703125,358.9147033691406,358.4100036621094,358.9147033691406,358.9147033691406,4257
2022-02-14-10-39-00 GMT-0500,358.9100036621094,359.2200012207031,358.9100036621094,359.2200012207031,359.2200012207031,2158
2022-02-14-10-40-00 GMT-0500,359.32000732421875,359.5,359.2699890136719,359.5,359.5,1844
2022-02-14-10-41-00 GMT-0500,359.5299987792969,359.7900085449219,359.5199890136719,359.69000244140625,359.69000244140625,2662
2022-02-14-10-42-00 GMT-0500,359.75,360.1698913574219,359.75,360.1698913574219,360.1698913574219,2057
2022-02-14-10-43-00 GMT-0500,360.0299987792969,360.32000732421875,360.0299987792969,360.32000732421875,360.32000732421875,2863
2022-02-14-10-44-00 GMT-0500,360.5199890136719,360.5299987792969,359.95001220703125,359.95001220703125,359.95001220703125,1349
2022-02-14-10-45-00 GMT-0500,359.8900146484375,360.1000061035156,359.6700134277344,360.1000061035156,360.1000061035156,3010
2022-02-14-10-46-00 GMT-0500,360.25,360.5199890136719,360.2200012207031,360.510009765625,360.510009765625,4545
2022-02-14-10-47-00 GMT-0500,360.5450134277344,360.7200012207031,360.32000732421875,360.32000732421875,360.32000732421875,5916
2022-02-14-10-48-00 GMT-0500,360.1700134277344,360.3599853515625,359.75,359.75,359.75,7477
2022-02-14-10-49-00 GMT-0500,359.8500061035156,359.8800048828125,359.25,359.57000732421875,359.57000732421875,6217
2022-02-14-10-50-00 GMT-0500,359.57000732421875,359.92999267578125,359.57000732421875,359.7099914550781,359.7099914550781,3606
2022-02-14-10-51-00 GMT-0500,359.69000244140625,359.69000244140625,359.45001220703125,359.4866943359375,359.4866943359375,2139
2022-02-14-10-52-00 GMT-0500,359.30999755859375,359.30999755859375,358.989990234375,359.2699890136719,359.2699890136719,5665
2022-02-14-10-53-00 GMT-0500,359.1449890136719,359.44000244140625,359.07000732421875,359.4200134277344,359.4200134277344,4376
2022-02-14-10-54-00 GMT-0500,359.4599914550781,360.0849914550781,359.4216003417969,360.0849914550781,360.0849914550781,5632
2022-02-14-10-55-00 GMT-0500,360.25,360.5899963378906,360.25,360.3999938964844,360.3999938964844,2623
2022-02-14-10-56-00 GMT-0500,360.54998779296875,360.7300109863281,360.17999267578125,360.3800048828125,360.3800048828125,4411
2022-02-14-10-57-00 GMT-0500,360.4100036621094,360.4100036621094,359.6099853515625,359.8900146484375,359.8900146484375,6409
2022-02-14-10-58-00 GMT-0500,359.8599853515625,360.1600036621094,359.664794921875,360.1600036621094,360.1600036621094,2514
2022-02-14-10-59-00 GMT-0500,360.2300109863281,360.2300109863281,359.8699951171875,359.8699951171875,359.8699951171875,2317
2022-02-14-11-00-00 GMT-0500,359.8699951171875,359.9849853515625,359.7099914550781,359.8599853515625,359.8599853515625,2359
2022-02-14-11-01-00 GMT-0500,359.9200134277344,360.1300048828125,359.7099914550781,360.1300048828125,360.1300048828125,2566
2022-02-14-11-02-00 GMT-0500,359.9200134277344,360.4200134277344,359.9200134277344,360.1199951171875,360.1199951171875,3465
2022-02-14-11-03-00 GMT-0500,360.25,360.3500061035156,359.7699890136719,360.25,360.25,5450
2022-02-14-11-04-00 GMT-0500,360.510009765625,360.77288818359375,360.5,360.6099853515625,360.6099853515625,5410
2022-02-14-11-05-00 GMT-0500,360.5,360.5,359.80999755859375,359.94000244140625,359.94000244140625,5018
2022-02-14-11-06-00 GMT-0500,359.45001220703125,359.760009765625,359.45001220703125,359.760009765625,359.760009765625,2135
2022-02-14-11-07-00 GMT-0500,360.0799865722656,360.1600036621094,360.0400085449219,360.0799865722656,360.0799865722656,2629
2022-02-14-11-08-00 GMT-0500,359.9599914550781,360.0400085449219,359.8800048828125,360.0400085449219,360.0400085449219,2247
2022-02-14-11-09-00 GMT-0500,360.0,360.010009765625,359.7099914550781,359.8800048828125,359.8800048828125,3403
2022-02-14-11-10-00 GMT-0500,359.95001220703125,360.2359924316406,359.94000244140625,360.1300048828125,360.1300048828125,2571
2022-02-14-11-11-00 GMT-0500,360.0849914550781,360.1000061035156,359.8599853515625,360.1000061035156,360.1000061035156,3065
2022-02-14-11-12-00 GMT-0500,359.7300109863281,359.739990234375,359.46759033203125,359.46759033203125,359.46759033203125,3367
2022-02-14-11-13-00 GMT-0500,359.45001220703125,359.9800109863281,359.45001220703125,359.67999267578125,359.67999267578125,1348
2022-02-14-11-14-00 GMT-0500,359.8399963378906,359.92999267578125,359.57000732421875,359.67498779296875,359.67498779296875,2731
2022-02-14-11-15-00 GMT-0500,359.760009765625,359.9100036621094,359.6199951171875,359.82000732421875,359.82000732421875,2895
2022-02-14-11-16-00 GMT-0500,359.7799987792969,360.29998779296875,359.7799987792969,360.2699890136719,360.2699890136719,17625
2022-02-14-11-17-00 GMT-0500,360.43499755859375,360.4599914550781,360.04998779296875,360.04998779296875,360.04998779296875,13194
2022-02-14-11-18-00 GMT-0500,360.2200012207031,360.3550109863281,360.0400085449219,360.3550109863281,360.3550109863281,1845
2022-02-14-11-19-00 GMT-0500,360.3599853515625,361.1300048828125,360.3599853515625,361.0299987792969,361.0299987792969,5115
2022-02-14-11-20-00 GMT-0500,361.04998779296875,361.2699890136719,360.9175109863281,361.2699890136719,361.2699890136719,5472
2022-02-14-11-21-00 GMT-0500,361.3599853515625,361.510009765625,361.260009765625,361.45001220703125,361.45001220703125,1388
2022-02-14-11-24-00 GMT-0500,361.5899963378906,361.6499938964844,361.510009765625,361.5849914550781,361.5849914550781,16910
2022-02-14-11-25-00 GMT-0500,361.7300109863281,361.80999755859375,361.1506042480469,361.1506042480469,361.1506042480469,4428
2022-02-14-11-26-00 GMT-0500,361.3800048828125,361.5950012207031,361.2049865722656,361.2250061035156,361.2250061035156,2701
2022-02-14-11-27-00 GMT-0500,361.29998779296875,361.9100036621094,361.2799987792969,361.8399963378906,361.8399963378906,5066
2022-02-14-11-28-00 GMT-0500,361.9800109863281,362.3736877441406,361.9800109863281,362.2099914550781,362.2099914550781,7651
2022-02-14-11-29-00 GMT-0500,362.1549987792969,362.1549987792969,362.0199890136719,362.1199951171875,362.1199951171875,2194
2022-02-14-11-30-00 GMT-0500,361.80999755859375,362.2099914550781,361.69000244140625,362.0199890136719,362.0199890136719,6754
2022-02-14-11-31-00 GMT-0500,362.0,362.17999267578125,361.8399963378906,362.05999755859375,362.05999755859375,4066
2022-02-14-11-32-00 GMT-0500,362.0400085449219,362.05499267578125,361.6400146484375,361.7699890136719,361.7699890136719,2774
2022-02-14-11-33-00 GMT-0500,361.7149963378906,362.239990234375,361.29998779296875,362.0400085449219,362.0400085449219,17081
2022-02-14-11-34-00 GMT-0500,362.239990234375,362.75,361.8900146484375,362.75,362.75,15091
2022-02-14-11-35-00 GMT-0500,362.6199951171875,363.1099853515625,362.6199951171875,362.8999938964844,362.8999938964844,5127
2022-02-14-11-36-00 GMT-0500,363.010009765625,363.1300048828125,362.57000732421875,362.8699951171875,362.8699951171875,5771
2022-02-14-11-37-00 GMT-0500,362.93170166015625,363.010009765625,362.69000244140625,362.8500061035156,362.8500061035156,2466
2022-02-14-11-38-00 GMT-0500,363.0199890136719,363.0400085449219,362.5,362.5799865722656,362.5799865722656,4416
2022-02-14-11-39-00 GMT-0500,362.7200012207031,362.7200012207031,362.6400146484375,362.6799011230469,362.6799011230469,3102
2022-02-14-11-40-00 GMT-0500,362.6099853515625,362.9100036621094,362.5400085449219,362.885009765625,362.885009765625,3956
2022-02-14-11-41-00 GMT-0500,362.8999938964844,362.9563903808594,362.6700134277344,362.9563903808594,362.9563903808594,3691
2022-02-14-11-42-00 GMT-0500,362.82000732421875,363.3599853515625,362.7349853515625,363.3599853515625,363.3599853515625,3336
2022-02-14-11-43-00 GMT-0500,363.5400085449219,363.67999267578125,363.42999267578125,363.4877014160156,363.4877014160156,5066
2022-02-14-11-44-00 GMT-0500,363.5799865722656,363.5899963378906,363.3699951171875,363.42498779296875,363.42498779296875,3150
2022-02-14-11-45-00 GMT-0500,363.44000244140625,363.8052062988281,363.44000244140625,363.70001220703125,363.70001220703125,4798
2022-02-14-11-46-00 GMT-0500,363.3599853515625,363.5018005371094,363.19000244140625,363.3800048828125,363.3800048828125,4947
2022-02-14-11-47-00 GMT-0500,363.30999755859375,363.4949951171875,363.0,363.3699951171875,363.3699951171875,3698
2022-02-14-11-48-00 GMT-0500,363.6300048828125,363.6300048828125,363.28790283203125,363.28790283203125,363.28790283203125,909
2022-02-14-11-49-00 GMT-0500,363.4100036621094,363.6300048828125,363.3399963378906,363.6300048828125,363.6300048828125,2590
2022-02-14-11-50-00 GMT-0500,363.760009765625,363.760009765625,363.3399963378906,363.5299987792969,363.5299987792969,3193
2022-02-14-11-51-00 GMT-0500,363.260009765625,363.29998779296875,362.8800048828125,362.95001220703125,362.95001220703125,2657
2022-02-14-11-52-00 GMT-0500,362.8800048828125,362.989990234375,362.6785888671875,362.75,362.75,2691
2022-02-14-11-53-00 GMT-0500,362.79998779296875,362.79998779296875,362.6400146484375,362.6449890136719,362.6449890136719,1939
2022-02-14-11-54-00 GMT-0500,362.80999755859375,362.8396911621094,362.54998779296875,362.5799865722656,362.5799865722656,4764
2022-02-14-11-55-00 GMT-0500,362.68499755859375,362.8299865722656,362.68499755859375,362.8299865722656,362.8299865722656,1542
2022-02-14-11-56-00 GMT-0500,362.82501220703125,362.8546142578125,362.7200012207031,362.8546142578125,362.8546142578125,1748
2022-02-14-11-57-00 GMT-0500,362.760009765625,363.1499938964844,362.760009765625,363.1499938964844,363.1499938964844,1860
2022-02-14-11-58-00 GMT-0500,363.0199890136719,363.19000244140625,362.760009765625,363.1700134277344,363.1700134277344,1877
2022-02-14-11-59-00 GMT-0500,363.1700134277344,363.2300109863281,362.8999938964844,363.2300109863281,363.2300109863281,1289
2022-02-14-12-00-00 GMT-0500,363.05999755859375,363.05999755859375,362.9200134277344,363.0400085449219,363.0400085449219,4677
2022-02-14-12-01-00 GMT-0500,363.2200012207031,363.7900085449219,363.2200012207031,363.7900085449219,363.7900085449219,2197
2022-02-14-12-02-00 GMT-0500,363.6300048828125,363.80999755859375,363.6199951171875,363.6400146484375,363.6400146484375,2358
2022-02-14-12-03-00 GMT-0500,363.59161376953125,363.739990234375,363.3800048828125,363.4200134277344,363.4200134277344,2400
2022-02-14-12-04-00 GMT-0500,363.4100036621094,363.4100036621094,363.2832946777344,363.2832946777344,363.2832946777344,1577
2022-02-14-12-05-00 GMT-0500,362.95001220703125,362.95001220703125,362.95001220703125,362.95001220703125,362.95001220703125,563
2022-02-14-12-06-00 GMT-0500,362.82550048828125,363.0400085449219,362.82550048828125,363.0400085449219,363.0400085449219,3789
2022-02-14-12-07-00 GMT-0500,362.9100036621094,363.2099914550781,362.79998779296875,363.0,363.0,2908
2022-02-14-12-08-00 GMT-0500,363.13848876953125,363.13848876953125,362.82000732421875,362.8999938964844,362.8999938964844,1083
2022-02-14-12-09-00 GMT-0500,362.94000244140625,362.94000244140625,362.94000244140625,362.94000244140625,362.94000244140625,387
2022-02-14-12-10-00 GMT-0500,362.82000732421875,362.8299865722656,362.82000732421875,362.8299865722656,362.8299865722656,725
2022-02-14-12-11-00 GMT-0500,362.8299865722656,362.8399963378906,362.67999267578125,362.80999755859375,362.80999755859375,1628
2022-02-14-12-12-00 GMT-0500,362.7749938964844,362.8599853515625,362.6300048828125,362.75,362.75,5995
2022-02-14-12-13-00 GMT-0500,362.760009765625,362.92999267578125,362.760009765625,362.92999267578125,362.92999267578125,2846
2022-02-14-12-14-00 GMT-0500,362.8699951171875,362.8699951171875,362.8699951171875,362.8699951171875,362.8699951171875,595
2022-02-14-12-15-00 GMT-0500,362.9700012207031,363.1099853515625,362.885009765625,362.9599914550781,362.9599914550781,1865
2022-02-14-12-16-00 GMT-0500,363.0150146484375,363.0199890136719,362.9750061035156,363.0199890136719,363.0199890136719,1022
2022-02-14-12-17-00 GMT-0500,363.0799865722656,363.2099914550781,362.8550109863281,362.8550109863281,362.8550109863281,3721
2022-02-14-12-18-00 GMT-0500,362.8500061035156,362.9750061035156,362.8500061035156,362.94000244140625,362.94000244140625,3430
2022-02-14-12-19-00 GMT-0500,363.0,363.0,362.82000732421875,362.8599853515625,362.8599853515625,1602
2022-02-14-12-20-00 GMT-0500,362.9549865722656,362.9700012207031,362.79998779296875,362.9100036621094,362.9100036621094,3486
2022-02-14-12-21-00 GMT-0500,362.8500061035156,362.9549865722656,362.7900085449219,362.9549865722656,362.9549865722656,2236
2022-02-14-12-22-00 GMT-0500,363.0299987792969,363.0299987792969,362.80999755859375,362.82000732421875,362.82000732421875,3774
2022-02-14-12-23-00 GMT-0500,362.79998779296875,362.8500061035156,362.79998779296875,362.8399963378906,362.8399963378906,993
2022-02-14-12-24-00 GMT-0500,362.82000732421875,362.9200134277344,362.7200012207031,362.739990234375,362.739990234375,5558
2022-02-14-12-25-00 GMT-0500,362.8349914550781,362.8999938964844,362.760009765625,362.760009765625,362.760009765625,2898
2022-02-14-12-26-00 GMT-0500,362.7300109863281,362.82000732421875,362.67999267578125,362.79998779296875,362.79998779296875,1499
2022-02-14-12-27-00 GMT-0500,362.79998779296875,362.92999267578125,362.7900085449219,362.8900146484375,362.8900146484375,8381
2022-02-14-12-28-00 GMT-0500,362.8999938964844,362.8999938964844,362.79998779296875,362.864990234375,362.864990234375,851
2022-02-14-12-29-00 GMT-0500,362.8500061035156,363.0299987792969,362.7699890136719,363.0299987792969,363.0299987792969,4969
2022-02-14-12-30-00 GMT-0500,363.1099853515625,363.2200012207031,362.9200134277344,363.0823974609375,363.0823974609375,7324
2022-02-14-12-31-00 GMT-0500,363.1499938964844,363.32000732421875,363.1400146484375,363.2550048828125,363.2550048828125,20411
2022-02-14-12-32-00 GMT-0500,363.3699951171875,363.4700012207031,363.30999755859375,363.30999755859375,363.30999755859375,7888
2022-02-14-12-33-00 GMT-0500,363.2384033203125,363.2384033203125,363.0,363.0,363.0,6988
2022-02-14-12-34-00 GMT-0500,362.94000244140625,363.0299987792969,362.635009765625,362.79998779296875,362.79998779296875,3827
2022-02-14-12-35-00 GMT-0500,362.9599914550781,362.9599914550781,362.4200134277344,362.6600036621094,362.6600036621094,8671
2022-02-14-12-36-00 GMT-0500,362.67999267578125,362.67999267578125,362.4200134277344,362.4200134277344,362.4200134277344,1870
2022-02-14-12-37-00 GMT-0500,362.5299987792969,362.6400146484375,362.3999938964844,362.57000732421875,362.57000732421875,6444
2022-02-14-12-38-00 GMT-0500,362.6400146484375,362.6499938964844,362.4100036621094,362.5799865722656,362.5799865722656,3613
2022-02-14-12-40-00 GMT-0500,362.75,362.92999267578125,362.75,362.92999267578125,362.92999267578125,755
2022-02-14-12-41-00 GMT-0500,362.95001220703125,362.95001220703125,362.8550109863281,362.9070129394531,362.9070129394531,850
2022-02-14-12-42-00 GMT-0500,362.80999755859375,363.4200134277344,362.80999755859375,363.4200134277344,363.4200134277344,4312
2022-02-14-12-43-00 GMT-0500,363.3999938964844,363.3999938964844,363.260009765625,363.30999755859375,363.30999755859375,1640
2022-02-14-12-44-00 GMT-0500,363.3999938964844,363.5249938964844,363.3800048828125,363.3800048828125,363.3800048828125,2124
2022-02-14-12-45-00 GMT-0500,363.33819580078125,363.3599853515625,363.0799865722656,363.0799865722656,363.0799865722656,2423
2022-02-14-12-46-00 GMT-0500,363.1199951171875,363.1199951171875,362.79998779296875,362.80999755859375,362.80999755859375,3498
2022-02-14-12-47-00 GMT-0500,362.9800109863281,363.0899963378906,362.9750061035156,363.0899963378906,363.0899963378906,1403
2022-02-14-12-48-00 GMT-0500,363.1424865722656,363.17999267578125,363.04998779296875,363.1449890136719,363.1449890136719,2384
2022-02-14-12-49-00 GMT-0500,363.32000732421875,363.44000244140625,363.32000732421875,363.44000244140625,363.44000244140625,1476
2022-02-14-12-50-00 GMT-0500,363.44000244140625,363.510009765625,363.4132995605469,363.4132995605469,363.4132995605469,1606
2022-02-14-12-51-00 GMT-0500,363.31610107421875,363.3900146484375,363.2300109863281,363.2300109863281,363.2300109863281,1596
2022-02-14-12-52-00 GMT-0500,363.32000732421875,363.3485107421875,363.05999755859375,363.06500244140625,363.06500244140625,1172
2022-02-14-12-53-00 GMT-0500,362.95001220703125,363.05999755859375,362.8800048828125,362.9100036621094,362.9100036621094,1071
2022-02-14-12-54-00 GMT-0500,363.0199890136719,363.1400146484375,363.0199890136719,363.1199951171875,363.1199951171875,1150
2022-02-14-12-55-00 GMT-0500,362.989990234375,363.0400085449219,362.8299865722656,363.0400085449219,363.0400085449219,4087
2022-02-14-12-56-00 GMT-0500,362.8699951171875,362.9100036621094,362.7799987792969,362.7799987792969,362.7799987792969,1277
2022-02-14-12-57-00 GMT-0500,362.8500061035156,362.95001220703125,362.82000732421875,362.82000732421875,362.82000732421875,1010
2022-02-14-12-58-00 GMT-0500,362.6499938964844,362.6499938964844,362.6300048828125,362.6300048828125,362.6300048828125,874
2022-02-14-12-59-00 GMT-0500,362.6600036621094,362.7799987792969,362.6600036621094,362.7799987792969,362.7799987792969,912
2022-02-14-13-00-00 GMT-0500,362.92999267578125,363.0400085449219,362.8699951171875,362.94000244140625,362.94000244140625,3569
2022-02-14-13-01-00 GMT-0500,362.9700012207031,362.9700012207031,362.7799987792969,362.7900085449219,362.7900085449219,3007
2022-02-14-13-02-00 GMT-0500,362.67999267578125,362.8399963378906,362.60009765625,362.8399963378906,362.8399963378906,1475
2022-02-14-13-03-00 GMT-0500,363.0199890136719,363.0199890136719,362.8900146484375,362.8900146484375,362.8900146484375,356
2022-02-14-13-04-00 GMT-0500,362.9700012207031,363.1099853515625,362.9700012207031,363.1000061035156,363.1000061035156,1490
2022-02-14-13-05-00 GMT-0500,363.1700134277344,363.4100036621094,363.1700134277344,363.4100036621094,363.4100036621094,2520
2022-02-14-13-06-00 GMT-0500,363.6116027832031,363.7159118652344,363.2900085449219,363.2900085449219,363.2900085449219,3042
2022-02-14-13-07-00 GMT-0500,363.4100036621094,363.4169921875,363.17498779296875,363.4169921875,363.4169921875,1338
2022-02-14-13-08-00 GMT-0500,363.3299865722656,363.55999755859375,363.3299865722656,363.55999755859375,363.55999755859375,4601
2022-02-14-13-09-00 GMT-0500,363.3900146484375,363.44000244140625,363.3747863769531,363.44000244140625,363.44000244140625,803
2022-02-14-13-10-00 GMT-0500,363.5400085449219,363.54998779296875,363.20001220703125,363.2200012207031,363.2200012207031,1393
2022-02-14-13-11-00 GMT-0500,363.20001220703125,363.20001220703125,362.9599914550781,363.0400085449219,363.0400085449219,2994
2022-02-14-13-12-00 GMT-0500,362.8900146484375,362.8900146484375,362.6600036621094,362.8349914550781,362.8349914550781,2193
2022-02-14-13-13-00 GMT-0500,362.656005859375,362.82000732421875,362.5902099609375,362.82000732421875,362.82000732421875,7729
2022-02-14-13-14-00 GMT-0500,362.71099853515625,362.71099853515625,362.6300048828125,362.6499938964844,362.6499938964844,1145
2022-02-14-13-15-00 GMT-0500,362.70001220703125,362.7049865722656,362.57000732421875,362.6499938964844,362.6499938964844,3121
2022-02-14-13-16-00 GMT-0500,362.7300109863281,362.7300109863281,362.6300048828125,362.6300048828125,362.6300048828125,534
2022-02-14-13-17-00 GMT-0500,362.5199890136719,362.5299987792969,362.4200134277344,362.4700012207031,362.4700012207031,5599
2022-02-14-13-18-00 GMT-0500,362.44000244140625,362.5400085449219,362.3399963378906,362.4599914550781,362.4599914550781,2801
2022-02-14-13-19-00 GMT-0500,362.6199951171875,362.79998779296875,362.6000061035156,362.79998779296875,362.79998779296875,2395
2022-02-14-13-20-00 GMT-0500,362.7799987792969,362.7799987792969,362.2900085449219,362.489990234375,362.489990234375,2922
2022-02-14-13-21-00 GMT-0500,362.3299865722656,362.6300048828125,362.3299865722656,362.6300048828125,362.6300048828125,1985
2022-02-14-13-22-00 GMT-0500,362.5400085449219,362.5400085449219,362.29998779296875,362.29998779296875,362.29998779296875,2845
2022-02-14-13-23-00 GMT-0500,362.29998779296875,362.30999755859375,361.8900146484375,361.9800109863281,361.9800109863281,3529
2022-02-14-13-24-00 GMT-0500,361.8900146484375,361.8900146484375,361.7200012207031,361.7200012207031,361.7200012207031,3201
2022-02-14-13-25-00 GMT-0500,361.69000244140625,361.8399963378906,361.6300048828125,361.81500244140625,361.81500244140625,1814
2022-02-14-13-26-00 GMT-0500,361.7099914550781,361.82000732421875,361.7099914550781,361.80999755859375,361.80999755859375,1182
2022-02-14-13-27-00 GMT-0500,361.8900146484375,361.9599914550781,361.82000732421875,361.8544921875,361.8544921875,3827
2022-02-14-13-28-00 GMT-0500,361.9100036621094,362.0,361.8299865722656,362.0,362.0,3365
2022-02-14-13-29-00 GMT-0500,361.95001220703125,362.0639953613281,361.848388671875,361.9800109863281,361.9800109863281,1108
2022-02-14-13-30-00 GMT-0500,361.8900146484375,361.95001220703125,361.42999267578125,361.75,361.75,5597
2022-02-14-13-31-00 GMT-0500,361.6300048828125,361.6300048828125,361.3900146484375,361.3900146484375,361.3900146484375,1555
2022-02-14-13-32-00 GMT-0500,361.239990234375,361.4289855957031,361.07000732421875,361.4289855957031,361.4289855957031,2777
2022-02-14-13-33-00 GMT-0500,361.45001220703125,361.79998779296875,361.45001220703125,361.79998779296875,361.79998779296875,1457
2022-02-14-13-34-00 GMT-0500,361.8599853515625,361.92999267578125,361.6000061035156,361.6000061035156,361.6000061035156,2078
2022-02-14-13-35-00 GMT-0500,361.6300048828125,361.75,361.5400085449219,361.75,361.75,1218
2022-02-14-13-36-00 GMT-0500,361.6600036621094,361.7099914550781,361.6600036621094,361.6700134277344,361.6700134277344,1826
2022-02-14-13-37-00 GMT-0500,361.7944030761719,361.82000732421875,361.7699890136719,361.7699890136719,361.7699890136719,1547
2022-02-14-13-38-00 GMT-0500,361.7799987792969,361.8500061035156,361.7799987792969,361.8500061035156,361.8500061035156,1819
2022-02-14-13-39-00 GMT-0500,361.7300109863281,361.75,361.4200134277344,361.6099853515625,361.6099853515625,3564
2022-02-14-13-40-00 GMT-0500,361.6499938964844,361.6499938964844,361.2799987792969,361.44000244140625,361.44000244140625,3050
2022-02-14-13-41-00 GMT-0500,361.4100036621094,361.55499267578125,361.2799987792969,361.3699951171875,361.3699951171875,2734
2022-02-14-13-42-00 GMT-0500,361.4132995605469,361.4132995605469,361.3500061035156,361.3500061035156,361.3500061035156,515
2022-02-14-13-43-00 GMT-0500,361.3800048828125,361.3800048828125,361.0050048828125,361.1300048828125,361.1300048828125,2139
2022-02-14-13-44-00 GMT-0500,361.19000244140625,361.25,361.19000244140625,361.25,361.25,1673
2022-02-14-13-45-00 GMT-0500,361.19000244140625,361.44000244140625,361.19000244140625,361.2900085449219,361.2900085449219,3908
2022-02-14-13-46-00 GMT-0500,361.20001220703125,361.3741149902344,361.0899963378906,361.0899963378906,361.0899963378906,4225
2022-02-14-13-47-00 GMT-0500,361.3599853515625,361.5,361.3399963378906,361.44000244140625,361.44000244140625,3534
2022-02-14-13-48-00 GMT-0500,361.3599853515625,361.3599853515625,361.0299987792969,361.0299987792969,361.0299987792969,1547
2022-02-14-13-49-00 GMT-0500,360.8999938964844,360.8999938964844,360.6600036621094,360.6600036621094,360.6600036621094,1662
2022-02-14-13-50-00 GMT-0500,360.30999755859375,360.3399963378906,359.3500061035156,359.5899963378906,359.5899963378906,8638
2022-02-14-13-51-00 GMT-0500,359.6300048828125,359.7799987792969,359.2099914550781,359.7300109863281,359.7300109863281,9133
2022-02-14-13-52-00 GMT-0500,359.7200012207031,359.8399963378906,359.3999938964844,359.427001953125,359.427001953125,1830
2022-02-14-13-53-00 GMT-0500,359.2349853515625,359.2349853515625,358.6499938964844,359.0,359.0,5932
2022-02-14-13-54-00 GMT-0500,359.0799865722656,359.29998779296875,358.6747131347656,358.9100036621094,358.9100036621094,4341
2022-02-14-13-55-00 GMT-0500,358.8900146484375,359.0625,358.5899963378906,358.5899963378906,358.5899963378906,3054
2022-02-14-13-56-00 GMT-0500,358.5,358.7099914550781,358.260009765625,358.5299987792969,358.5299987792969,6962
2022-02-14-13-57-00 GMT-0500,358.4800109863281,359.260009765625,358.4483947753906,359.260009765625,359.260009765625,2158
2022-02-14-13-58-00 GMT-0500,359.151611328125,359.17498779296875,358.8949890136719,359.0,359.0,2445
2022-02-14-13-59-00 GMT-0500,359.0,359.0,358.54998779296875,358.6400146484375,358.6400146484375,3521
2022-02-14-14-00-00 GMT-0500,358.2900085449219,358.9100036621094,358.239990234375,358.893310546875,358.893310546875,5725
2022-02-14-14-01-00 GMT-0500,358.8699951171875,358.8699951171875,358.19000244140625,358.44000244140625,358.44000244140625,3791
2022-02-14-14-02-00 GMT-0500,358.510009765625,358.6499938964844,358.2695007324219,358.44049072265625,358.44049072265625,2864
2022-02-14-14-03-00 GMT-0500,358.43499755859375,358.4649963378906,358.1199951171875,358.45001220703125,358.45001220703125,6880
2022-02-14-14-04-00 GMT-0500,358.3599853515625,358.3599853515625,358.2099914550781,358.2099914550781,358.2099914550781,1161
2022-02-14-14-05-00 GMT-0500,358.20001220703125,358.260009765625,357.94000244140625,357.94000244140625,357.94000244140625,8088
2022-02-14-14-06-00 GMT-0500,357.7200012207031,357.7200012207031,357.1813049316406,357.32000732421875,357.32000732421875,3970
2022-02-14-14-07-00 GMT-0500,357.42999267578125,357.9750061035156,357.3599853515625,357.82000732421875,357.82000732421875,3894
2022-02-14-14-08-00 GMT-0500,357.9742126464844,358.260009765625,357.95001220703125,358.260009765625,358.260009765625,4690
2022-02-14-14-09-00 GMT-0500,358.3500061035156,358.6600036621094,358.2099914550781,358.2099914550781,358.2099914550781,5741
2022-02-14-14-10-00 GMT-0500,358.0799865722656,358.2200012207031,357.8810119628906,357.8810119628906,357.8810119628906,1307
2022-02-14-14-11-00 GMT-0500,358.260009765625,358.260009765625,358.0199890136719,358.0199890136719,358.0199890136719,2413
2022-02-14-14-12-00 GMT-0500,358.1400146484375,358.385009765625,358.1400146484375,358.385009765625,358.385009765625,3217
2022-02-14-14-13-00 GMT-0500,358.4100036621094,358.510009765625,358.2200012207031,358.2200012207031,358.2200012207031,1283
2022-02-14-14-14-00 GMT-0500,358.19000244140625,358.2699890136719,357.94000244140625,358.0899963378906,358.0899963378906,1640
2022-02-14-14-15-00 GMT-0500,358.0799865722656,358.1700134277344,357.63848876953125,357.647705078125,357.647705078125,3901
2022-02-14-14-16-00 GMT-0500,357.7900085449219,357.7900085449219,357.56500244140625,357.7300109863281,357.7300109863281,1399
2022-02-14-14-17-00 GMT-0500,357.8699951171875,357.92999267578125,357.7456970214844,357.82000732421875,357.82000732421875,3988
2022-02-14-14-18-00 GMT-0500,357.67999267578125,357.79998779296875,357.6600036621094,357.79998779296875,357.79998779296875,2119
2022-02-14-14-19-00 GMT-0500,357.6400146484375,357.8299865722656,357.45001220703125,357.7449951171875,357.7449951171875,2844
2022-02-14-14-20-00 GMT-0500,357.8299865722656,358.18011474609375,357.739990234375,358.18011474609375,358.18011474609375,1143
2022-02-14-14-21-00 GMT-0500,358.05999755859375,358.2099914550781,357.94000244140625,357.9949951171875,357.9949951171875,2722
2022-02-14-14-22-00 GMT-0500,358.2300109863281,358.2300109863281,357.9100036621094,357.9200134277344,357.9200134277344,5747
2022-02-14-14-23-00 GMT-0500,357.92999267578125,358.0,357.739990234375,357.760009765625,357.760009765625,3562
2022-02-14-14-24-00 GMT-0500,357.8299865722656,358.1499938964844,357.82000732421875,357.82000732421875,357.82000732421875,2175
2022-02-14-14-25-00 GMT-0500,357.6700134277344,357.6700134277344,357.54998779296875,357.54998779296875,357.54998779296875,2655
2022-02-14-14-26-00 GMT-0500,357.55999755859375,357.6099853515625,357.510009765625,357.6099853515625,357.6099853515625,1455
2022-02-14-14-27-00 GMT-0500,357.4200134277344,357.44000244140625,357.3500061035156,357.3500061035156,357.3500061035156,3286
2022-02-14-14-28-00 GMT-0500,357.44000244140625,358.6300048828125,357.3900146484375,358.6300048828125,358.6300048828125,8366
2022-02-14-14-29-00 GMT-0500,358.760009765625,360.0,358.3900146484375,358.3900146484375,358.3900146484375,12499
2022-02-14-14-30-00 GMT-0500,358.1300048828125,358.4226989746094,358.0,358.1000061035156,358.1000061035156,9658
2022-02-14-14-31-00 GMT-0500,358.1300048828125,358.3599853515625,357.8599853515625,357.9800109863281,357.9800109863281,4549
2022-02-14-14-32-00 GMT-0500,358.1499938964844,358.1499938964844,357.69989013671875,357.92999267578125,357.92999267578125,2897
2022-02-14-14-33-00 GMT-0500,358.0400085449219,358.30999755859375,357.5899963378906,358.1700134277344,358.1700134277344,3881
2022-02-14-14-34-00 GMT-0500,358.3500061035156,358.8699951171875,358.3500061035156,358.8699951171875,358.8699951171875,4166
2022-02-14-14-35-00 GMT-0500,358.92999267578125,359.1600036621094,358.8599853515625,358.8599853515625,358.8599853515625,1537
2022-02-14-14-36-00 GMT-0500,359.0199890136719,359.17999267578125,358.75,358.9750061035156,358.9750061035156,3291
2022-02-14-14-37-00 GMT-0500,358.8349914550781,359.0199890136719,358.3900146484375,358.44000244140625,358.44000244140625,2682
2022-02-14-14-38-00 GMT-0500,358.6400146484375,358.69000244140625,358.4800109863281,358.57000732421875,358.57000732421875,2488
2022-02-14-14-39-00 GMT-0500,358.5799865722656,358.760009765625,358.5799865722656,358.7300109863281,358.7300109863281,2643
2022-02-14-14-40-00 GMT-0500,358.82000732421875,358.9200134277344,358.7449951171875,358.9200134277344,358.9200134277344,951
2022-02-14-14-41-00 GMT-0500,359.20001220703125,359.3500061035156,358.7699890136719,358.7950134277344,358.7950134277344,2756
2022-02-14-14-42-00 GMT-0500,358.8500061035156,358.8500061035156,358.3500061035156,358.3500061035156,358.3500061035156,3311
2022-02-14-14-43-00 GMT-0500,358.3999938964844,358.55999755859375,358.3500061035156,358.3500061035156,358.3500061035156,1233
2022-02-14-14-44-00 GMT-0500,358.5400085449219,358.8800048828125,358.4700012207031,358.5400085449219,358.5400085449219,2702
2022-02-14-14-45-00 GMT-0500,358.6400146484375,358.6400146484375,358.6400146484375,358.6400146484375,358.6400146484375,470
2022-02-14-14-46-00 GMT-0500,358.4649963378906,358.7799987792969,358.4649963378906,358.739990234375,358.739990234375,3056
2022-02-14-14-47-00 GMT-0500,358.75,358.760009765625,358.3500061035156,358.3500061035156,358.3500061035156,1185
2022-02-14-14-48-00 GMT-0500,358.04998779296875,358.1000061035156,357.94000244140625,357.9700012207031,357.9700012207031,1758
2022-02-14-14-49-00 GMT-0500,357.92999267578125,358.20001220703125,357.92999267578125,358.19000244140625,358.19000244140625,2061
2022-02-14-14-50-00 GMT-0500,358.3500061035156,359.04998779296875,358.2699890136719,359.04998779296875,359.04998779296875,3059
2022-02-14-14-51-00 GMT-0500,359.1000061035156,359.6300048828125,359.0578918457031,359.6300048828125,359.6300048828125,2088
2022-02-14-14-52-00 GMT-0500,359.5199890136719,359.7099914550781,359.3999938964844,359.55999755859375,359.55999755859375,5273
2022-02-14-14-53-00 GMT-0500,359.6700134277344,359.6700134277344,359.1400146484375,359.1400146484375,359.1400146484375,2884
2022-02-14-14-54-00 GMT-0500,359.1000061035156,359.29998779296875,359.0400085449219,359.0400085449219,359.0400085449219,1239
2022-02-14-14-55-00 GMT-0500,358.92999267578125,359.1300048828125,358.8160095214844,359.125,359.125,4566
2022-02-14-14-56-00 GMT-0500,359.2900085449219,359.2900085449219,359.0050048828125,359.1098937988281,359.1098937988281,1719
2022-02-14-14-57-00 GMT-0500,359.0799865722656,359.1300048828125,358.80999755859375,359.1300048828125,359.1300048828125,3368
2022-02-14-14-58-00 GMT-0500,359.20001220703125,359.6300048828125,359.20001220703125,359.45001220703125,359.45001220703125,4820
2022-02-14-14-59-00 GMT-0500,359.3599853515625,359.489990234375,359.19000244140625,359.489990234375,359.489990234375,3851
2022-02-14-15-00-00 GMT-0500,359.48699951171875,359.48699951171875,359.0,359.17999267578125,359.17999267578125,3026
2022-02-14-15-01-00 GMT-0500,358.9700012207031,359.2149963378906,358.9700012207031,358.989990234375,358.989990234375,1938
2022-02-14-15-02-00 GMT-0500,359.239990234375,359.3800048828125,359.17999267578125,359.29998779296875,359.29998779296875,2303
2022-02-14-15-03-00 GMT-0500,359.1700134277344,359.4100036621094,359.1000061035156,359.1400146484375,359.1400146484375,5776
2022-02-14-15-04-00 GMT-0500,359.0773010253906,359.5846862792969,359.0773010253906,359.44000244140625,359.44000244140625,7578
2022-02-14-15-05-00 GMT-0500,359.3999938964844,359.3999938964844,358.57000732421875,358.7349853515625,358.7349853515625,6739
2022-02-14-15-06-00 GMT-0500,358.7699890136719,358.7699890136719,358.3800048828125,358.6600036621094,358.6600036621094,2526
2022-02-14-15-07-00 GMT-0500,358.67999267578125,358.7300109863281,358.55499267578125,358.6499938964844,358.6499938964844,3892
2022-02-14-15-08-00 GMT-0500,358.7099914550781,359.3999938964844,358.7099914550781,359.2449951171875,359.2449951171875,3774
2022-02-14-15-09-00 GMT-0500,359.5299987792969,359.7200012207031,359.2950134277344,359.5199890136719,359.5199890136719,6350
2022-02-14-15-10-00 GMT-0500,359.5,359.5799865722656,358.875,358.875,358.875,4569
2022-02-14-15-11-00 GMT-0500,358.82000732421875,358.9100036621094,358.64898681640625,358.64898681640625,358.64898681640625,2487
2022-02-14-15-12-00 GMT-0500,358.9150085449219,359.3399963378906,358.8500061035156,359.1099853515625,359.1099853515625,4231
2022-02-14-15-13-00 GMT-0500,359.2200012207031,359.70001220703125,359.2200012207031,359.6099853515625,359.6099853515625,3514
2022-02-14-15-14-00 GMT-0500,359.4700012207031,359.7099914550781,359.2200012207031,359.69000244140625,359.69000244140625,2084
2022-02-14-15-15-00 GMT-0500,359.75,359.79998779296875,359.5199890136719,359.5199890136719,359.5199890136719,2739
2022-02-14-15-16-00 GMT-0500,359.42999267578125,359.44000244140625,359.04998779296875,359.1400146484375,359.1400146484375,3785
2022-02-14-15-17-00 GMT-0500,359.1199951171875,359.32000732421875,358.6700134277344,359.32000732421875,359.32000732421875,6912
2022-02-14-15-18-00 GMT-0500,359.2200012207031,359.3599853515625,359.1300048828125,359.1449890136719,359.1449890136719,3835
2022-02-14-15-19-00 GMT-0500,359.1449890136719,359.1449890136719,358.7950134277344,358.7950134277344,358.7950134277344,2470
2022-02-14-15-20-00 GMT-0500,358.760009765625,358.8399963378906,358.4649963378906,358.5799865722656,358.5799865722656,6857
2022-02-14-15-21-00 GMT-0500,358.3800048828125,358.7300109863281,358.3800048828125,358.7200012207031,358.7200012207031,2599
2022-02-14-15-22-00 GMT-0500,358.81500244140625,359.0400085449219,358.6400146484375,358.9200134277344,358.9200134277344,6218
2022-02-14-15-23-00 GMT-0500,359.07000732421875,359.8399963378906,359.0,359.8399963378906,359.8399963378906,4188
2022-02-14-15-24-00 GMT-0500,359.92999267578125,360.2300109863281,359.4599914550781,359.4599914550781,359.4599914550781,12923
2022-02-14-15-25-00 GMT-0500,359.44000244140625,359.6400146484375,359.3800048828125,359.6050109863281,359.6050109863281,8229
2022-02-14-15-26-00 GMT-0500,359.5799865722656,359.6400146484375,359.2099914550781,359.2950134277344,359.2950134277344,5669
2022-02-14-15-27-00 GMT-0500,359.19000244140625,359.510009765625,358.8999938964844,359.0400085449219,359.0400085449219,6254
2022-02-14-15-28-00 GMT-0500,359.04998779296875,359.3599853515625,359.04998779296875,359.30999755859375,359.30999755859375,3204
2022-02-14-15-29-00 GMT-0500,359.1600036621094,359.30999755859375,358.94000244140625,358.9800109863281,358.9800109863281,3727
2022-02-14-15-30-00 GMT-0500,358.9700012207031,359.70001220703125,358.9100036621094,359.70001220703125,359.70001220703125,5281
2022-02-14-15-31-00 GMT-0500,359.760009765625,359.885009765625,359.3599853515625,359.885009765625,359.885009765625,5841
2022-02-14-15-32-00 GMT-0500,359.7699890136719,360.0863037109375,359.56500244140625,360.0863037109375,360.0863037109375,5138
2022-02-14-15-33-00 GMT-0500,359.989990234375,360.30999755859375,359.989990234375,360.0199890136719,360.0199890136719,5540
2022-02-14-15-34-00 GMT-0500,360.0400085449219,360.3500061035156,360.0000915527344,360.3500061035156,360.3500061035156,4802
2022-02-14-15-35-00 GMT-0500,360.239990234375,360.3599853515625,360.07000732421875,360.2099914550781,360.2099914550781,9354
2022-02-14-15-36-00 GMT-0500,360.2799987792969,360.44000244140625,360.0799865722656,360.1499938964844,360.1499938964844,7861
2022-02-14-15-37-00 GMT-0500,360.1499938964844,360.4800109863281,360.1000061035156,360.3299865722656,360.3299865722656,8044
2022-02-14-15-38-00 GMT-0500,360.3500061035156,360.6400146484375,360.1300048828125,360.5799865722656,360.5799865722656,7061
2022-02-14-15-39-00 GMT-0500,360.6449890136719,360.6449890136719,360.25,360.2724914550781,360.2724914550781,5021
2022-02-14-15-40-00 GMT-0500,360.3399963378906,360.57000732421875,360.2099914550781,360.5199890136719,360.5199890136719,7111
2022-02-14-15-41-00 GMT-0500,360.44000244140625,360.6300048828125,360.3299865722656,360.6300048828125,360.6300048828125,5390
2022-02-14-15-42-00 GMT-0500,360.4599914550781,360.4700012207031,360.29998779296875,360.3800048828125,360.3800048828125,3888
2022-02-14-15-43-00 GMT-0500,360.4100036621094,360.4100036621094,359.9700012207031,360.239990234375,360.239990234375,5926
2022-02-14-15-44-00 GMT-0500,360.3599853515625,360.9599914550781,360.29998779296875,360.95001220703125,360.95001220703125,5933
2022-02-14-15-45-00 GMT-0500,360.8900146484375,360.9544982910156,359.8299865722656,359.8299865722656,359.8299865722656,10388
2022-02-14-15-46-00 GMT-0500,359.8500061035156,360.05999755859375,359.4700012207031,360.0,360.0,15047
2022-02-14-15-47-00 GMT-0500,360.05999755859375,360.7699890136719,360.05999755859375,360.75,360.75,16514
2022-02-14-15-48-00 GMT-0500,360.6650085449219,361.2300109863281,360.6650085449219,361.0450134277344,361.0450134277344,18341
2022-02-14-15-49-00 GMT-0500,361.04998779296875,361.19000244140625,360.6700134277344,360.6700134277344,360.6700134277344,11359
2022-02-14-15-50-00 GMT-0500,360.7900085449219,360.79998779296875,359.489990234375,359.9599914550781,359.9599914550781,27533
2022-02-14-15-51-00 GMT-0500,359.92999267578125,360.4750061035156,359.70001220703125,360.4200134277344,360.4200134277344,15917
2022-02-14-15-52-00 GMT-0500,360.35009765625,360.4800109863281,360.20001220703125,360.3500061035156,360.3500061035156,14727
2022-02-14-15-53-00 GMT-0500,360.2900085449219,360.2900085449219,359.80010986328125,359.9649963378906,359.9649963378906,10552
2022-02-14-15-54-00 GMT-0500,359.79998779296875,360.2799987792969,359.7699890136719,360.239990234375,360.239990234375,18217
2022-02-14-15-55-00 GMT-0500,360.20001220703125,360.8299865722656,360.010009765625,360.5199890136719,360.5199890136719,18640
2022-02-14-15-56-00 GMT-0500,360.55999755859375,360.6199951171875,360.3299865722656,360.510009765625,360.510009765625,15240
2022-02-14-15-57-00 GMT-0500,360.5950012207031,360.7950134277344,360.3999938964844,360.7799987792969,360.7799987792969,15193
2022-02-14-15-58-00 GMT-0500,360.75,360.75,360.4800109863281,360.69659423828125,360.69659423828125,18297
2022-02-14-15-59-00 GMT-0500,360.67498779296875,360.70989990234375,360.1099853515625,360.29998779296875,360.29998779296875,50555
2022-02-14-16-00-00 GMT-0500,360.3,360.3,359.16,359.16,359.16,327064
2022-02-14-16-01-00 GMT-0500,359.12,359.12,359.12,359.12,359.12,0
2022-02-14-16-02-00 GMT-0500,360.0,360.0,359.62,359.62,359.62,0
2022-02-14-16-08-00 GMT-0500,360.13,360.3991,359.12,360.3991,360.3991,0
2022-02-14-16-10-00 GMT-0500,360.24,360.24,360.24,360.24,360.24,0
2022-02-14-16-16-00 GMT-0500,359.12,360.22,359.11,359.11,359.11,0
2022-02-14-16-17-00 GMT-0500,359.62,360.11,359.11,359.11,359.11,0
2022-02-14-16-23-00 GMT-0500,359.81,359.945,359.71,359.945,359.945,0
2022-02-14-16-24-00 GMT-0500,359.945,359.945,359.945,359.945,359.945,0
2022-02-14-16-27-00 GMT-0500,360.18,360.18,359.94,359.94,359.94,0
2022-02-14-16-28-00 GMT-0500,360.0,360.01,360.0,360.01,360.01,0
2022-02-14-16-29-00 GMT-0500,360.17,360.17,360.17,360.17,360.17,0
2022-02-14-16-36-00 GMT-0500,360.06,360.24,360.06,360.24,360.24,0
2022-02-14-16-38-00 GMT-0500,360.15,360.24,360.15,360.24,360.24,0
2022-02-14-16-45-00 GMT-0500,360.24,360.96,360.24,360.96,360.96,0
2022-02-14-16-47-00 GMT-0500,361.035,361.035,361.035,361.035,361.035,0
2022-02-14-16-48-00 GMT-0500,361.035,361.035,361.0,361.035,361.035,0
2022-02-14-16-49-00 GMT-0500,361.035,361.035,360.06,360.855,360.855,0
2022-02-14-16-50-00 GMT-0500,360.855,360.855,358.0,358.01,358.01,0
2022-02-14-16-51-00 GMT-0500,358.01,360.24,358.01,360.24,360.24,0
2022-02-14-16-52-00 GMT-0500,359.02,359.02,358.0,358.44,358.44,0
2022-02-14-16-53-00 GMT-0500,358.18,358.18,357.54,358.0,358.0,0
2022-02-14-16-54-00 GMT-0500,357.99,358.0,357.99,358.0,358.0,0
2022-02-14-16-55-00 GMT-0500,357.54,357.54,357.54,357.54,357.54,0
2022-02-14-16-56-00 GMT-0500,357.98,358.05,357.0,357.0,357.0,0
2022-02-14-16-57-00 GMT-0500,358.4,359.0,358.4,359.0,359.0,0
2022-02-14-16-59-00 GMT-0500,359.0,359.0,357.48,357.48,357.48,0
2022-02-14-17-01-00 GMT-0500,359.8,359.8,359.8,359.8,359.8,0
2022-02-14-17-03-00 GMT-0500,358.05,359.0,358.05,359.0,359.0,0
2022-02-14-17-05-00 GMT-0500,358.1,358.47,358.05,358.05,358.05,0
2022-02-14-17-08-00 GMT-0500,358.3,358.3,358.3,358.3,358.3,0
2022-02-14-17-11-00 GMT-0500,358.1,358.1,358.1,358.1,358.1,0
2022-02-14-17-13-00 GMT-0500,358.0,358.1,358.0,358.01,358.01,0
2022-02-14-17-29-00 GMT-0500,358.33,358.33,358.33,358.33,358.33,0
2022-02-14-17-36-00 GMT-0500,358.05,358.05,358.05,358.05,358.05,0
2022-02-14-17-37-00 GMT-0500,358.0,358.06,358.0,358.06,358.06,0
2022-02-14-17-43-00 GMT-0500,358.06,358.06,358.06,358.06,358.06,0
2022-02-14-17-45-00 GMT-0500,358.5,358.5,358.23,358.5,358.5,0
2022-02-14-17-49-00 GMT-0500,358.65,358.65,358.65,358.65,358.65,0
2022-02-14-17-54-00 GMT-0500,358.5,358.5,357.5,357.5,357.5,0
2022-02-14-17-55-00 GMT-0500,357.11,357.9,357.0,357.9,357.9,0
2022-02-14-17-57-00 GMT-0500,357.9,357.9,357.9,357.9,357.9,0
2022-02-14-18-03-00 GMT-0500,358.24,358.24,358.0,358.0,358.0,0
2022-02-14-18-12-00 GMT-0500,358.47,358.47,358.47,358.47,358.47,0
2022-02-14-18-18-00 GMT-0500,357.11,357.11,357.11,357.11,357.11,0
2022-02-14-18-39-00 GMT-0500,358.58,359.4,358.5,358.98,358.98,0
2022-02-14-18-41-00 GMT-0500,359.0,359.0,359.0,359.0,359.0,0
2022-02-14-18-47-00 GMT-0500,358.7,358.7,358.7,358.7,358.7,0
2022-02-14-19-02-00 GMT-0500,358.13,358.13,358.13,358.13,358.13,0
2022-02-14-19-03-00 GMT-0500,359.78,359.78,359.78,359.78,359.78,0
2022-02-14-19-04-00 GMT-0500,358.21,358.21,358.21,358.21,358.21,0
2022-02-14-19-12-00 GMT-0500,358.13,358.21,358.13,358.21,358.21,0
2022-02-14-19-21-00 GMT-0500,359.62,359.68,359.62,359.68,359.68,0
2022-02-14-19-22-00 GMT-0500,358.21,358.21,358.13,358.13,358.13,0
2022-02-14-19-24-00 GMT-0500,358.2,358.2,358.13,358.13,358.13,0
