Datetime,Open,High,Low,Close,Adj Close,Volume
2021-10-08-04-04-00 GMT-0400,63.97,64.0,63.97,64.0,64.0,0
2021-10-08-04-33-00 GMT-0400,63.87,63.87,63.87,63.87,63.87,0
2021-10-08-04-42-00 GMT-0400,63.75,63.75,63.75,63.75,63.75,0
2021-10-08-04-56-00 GMT-0400,63.59,63.59,63.55,63.59,63.59,0
2021-10-08-05-01-00 GMT-0400,63.57,63.57,63.54,63.55,63.55,0
2021-10-08-05-04-00 GMT-0400,63.59,63.59,63.59,63.59,63.59,0
2021-10-08-05-07-00 GMT-0400,63.58,63.58,63.58,63.58,63.58,0
2021-10-08-05-13-00 GMT-0400,63.55,63.55,63.53,63.53,63.53,0
2021-10-08-05-17-00 GMT-0400,63.56,63.56,63.54,63.55,63.55,0
2021-10-08-05-20-00 GMT-0400,63.61,63.61,63.54,63.54,63.54,0
2021-10-08-05-21-00 GMT-0400,63.59,63.59,63.36,63.4,63.4,0
2021-10-08-05-23-00 GMT-0400,63.51,63.51,63.51,63.51,63.51,0
2021-10-08-05-24-00 GMT-0400,63.54,63.54,63.54,63.54,63.54,0
2021-10-08-05-26-00 GMT-0400,63.68,63.74,63.68,63.71,63.71,0
2021-10-08-05-27-00 GMT-0400,63.73,63.76,63.12,63.12,63.12,0
2021-10-08-05-28-00 GMT-0400,63.21,63.21,63.13,63.18,63.18,0
2021-10-08-05-30-00 GMT-0400,63.61,63.61,63.61,63.61,63.61,0
2021-10-08-05-31-00 GMT-0400,63.22,63.22,63.22,63.22,63.22,0
2021-10-08-05-33-00 GMT-0400,63.61,63.66,63.22,63.22,63.22,0
2021-10-08-05-34-00 GMT-0400,63.31,63.46,63.31,63.35,63.35,0
2021-10-08-05-35-00 GMT-0400,63.36,63.45,63.36,63.45,63.45,0
2021-10-08-05-36-00 GMT-0400,63.66,63.66,63.35,63.35,63.35,0
2021-10-08-05-37-00 GMT-0400,63.35,63.61,63.35,63.61,63.61,0
2021-10-08-05-38-00 GMT-0400,63.35,63.42,63.35,63.42,63.42,0
2021-10-08-05-40-00 GMT-0400,63.43,63.43,63.27,63.33,63.33,0
2021-10-08-05-42-00 GMT-0400,63.33,63.33,63.33,63.33,63.33,0
2021-10-08-05-43-00 GMT-0400,63.63,63.63,63.63,63.63,63.63,0
2021-10-08-05-44-00 GMT-0400,63.52,63.52,63.35,63.35,63.35,0
2021-10-08-05-45-00 GMT-0400,63.58,63.58,63.45,63.45,63.45,0
2021-10-08-05-46-00 GMT-0400,63.38,63.66,63.35,63.66,63.66,0
2021-10-08-05-47-00 GMT-0400,63.43,63.43,63.38,63.38,63.38,0
2021-10-08-05-48-00 GMT-0400,63.39,63.39,63.39,63.39,63.39,0
2021-10-08-05-49-00 GMT-0400,63.4,63.55,63.4,63.55,63.55,0
2021-10-08-05-50-00 GMT-0400,63.44,63.44,63.39,63.43,63.43,0
2021-10-08-05-52-00 GMT-0400,63.37,63.43,63.37,63.43,63.43,0
2021-10-08-05-53-00 GMT-0400,63.5,63.5,63.45,63.45,63.45,0
2021-10-08-05-54-00 GMT-0400,63.5,63.5,63.45,63.46,63.46,0
2021-10-08-05-55-00 GMT-0400,63.63,63.65,63.52,63.52,63.52,0
2021-10-08-05-56-00 GMT-0400,63.68,63.73,63.68,63.73,63.73,0
2021-10-08-05-57-00 GMT-0400,63.83,63.83,63.5,63.5,63.5,0
2021-10-08-05-58-00 GMT-0400,63.48,63.51,63.48,63.48,63.48,0
2021-10-08-05-59-00 GMT-0400,63.66,63.66,63.66,63.66,63.66,0
2021-10-08-06-00-00 GMT-0400,63.77,63.77,63.77,63.77,63.77,0
2021-10-08-06-01-00 GMT-0400,63.62,63.62,63.61,63.61,63.61,0
2021-10-08-06-02-00 GMT-0400,63.86,63.93,63.55,63.55,63.55,0
2021-10-08-06-03-00 GMT-0400,63.81,63.81,63.76,63.76,63.76,0
2021-10-08-06-04-00 GMT-0400,63.84,63.88,63.8,63.8,63.8,0
2021-10-08-06-07-00 GMT-0400,63.75,63.75,63.62,63.62,63.62,0
2021-10-08-06-08-00 GMT-0400,63.62,63.62,63.62,63.62,63.62,0
2021-10-08-06-21-00 GMT-0400,63.67,63.67,63.67,63.67,63.67,0
2021-10-08-06-22-00 GMT-0400,63.65,63.65,63.65,63.65,63.65,0
2021-10-08-07-00-00 GMT-0400,63.65,63.99,63.45,63.9,63.9,0
2021-10-08-07-06-00 GMT-0400,63.96,63.96,63.75,63.75,63.75,0
2021-10-08-07-07-00 GMT-0400,63.57,63.57,63.32,63.52,63.52,0
2021-10-08-07-13-00 GMT-0400,63.74,63.74,63.61,63.61,63.61,0
2021-10-08-07-28-00 GMT-0400,63.83,63.83,63.7,63.72,63.72,0
2021-10-08-07-30-00 GMT-0400,63.7,63.7,63.7,63.7,63.7,0
2021-10-08-07-31-00 GMT-0400,63.76,63.76,63.72,63.72,63.72,0
2021-10-08-07-33-00 GMT-0400,63.72,63.72,63.72,63.72,63.72,0
2021-10-08-07-43-00 GMT-0400,63.74,63.74,63.7,63.7,63.7,0
2021-10-08-07-44-00 GMT-0400,63.76,63.86,63.76,63.86,63.86,0
2021-10-08-07-46-00 GMT-0400,63.71,63.71,63.7,63.7,63.7,0
2021-10-08-08-00-00 GMT-0400,63.7,64.2892,63.5,63.83,63.83,0
2021-10-08-08-01-00 GMT-0400,63.7,63.8,63.7,63.8,63.8,0
2021-10-08-08-05-00 GMT-0400,63.71,63.71,63.71,63.71,63.71,0
2021-10-08-08-10-00 GMT-0400,63.7136,63.7136,63.7136,63.7136,63.7136,0
2021-10-08-08-16-00 GMT-0400,63.84,63.92,63.78,63.92,63.92,0
2021-10-08-08-19-00 GMT-0400,63.9,63.91,63.9,63.9,63.9,0
2021-10-08-08-22-00 GMT-0400,63.92,63.92,63.79,63.79,63.79,0
2021-10-08-08-23-00 GMT-0400,63.77,63.78,63.77,63.78,63.78,0
2021-10-08-08-24-00 GMT-0400,63.85,63.95,63.76,63.76,63.76,0
2021-10-08-08-30-00 GMT-0400,63.85,63.85,63.85,63.85,63.85,0
2021-10-08-08-31-00 GMT-0400,63.94,63.96,63.94,63.96,63.96,0
2021-10-08-08-32-00 GMT-0400,63.78,63.78,63.76,63.78,63.78,0
2021-10-08-08-33-00 GMT-0400,63.75,63.75,63.7,63.7,63.7,0
2021-10-08-08-34-00 GMT-0400,63.7,63.71,63.7,63.71,63.71,0
2021-10-08-08-35-00 GMT-0400,63.88,63.93,63.88,63.93,63.93,0
2021-10-08-08-36-00 GMT-0400,63.91,64.25,63.91,64.11,64.11,0
2021-10-08-08-37-00 GMT-0400,64.2996,64.2996,64.11,64.25,64.25,0
2021-10-08-08-38-00 GMT-0400,64.15,64.25,64.15,64.25,64.25,0
2021-10-08-08-39-00 GMT-0400,64.12,64.3,64.12,64.3,64.3,0
2021-10-08-08-41-00 GMT-0400,64.2,64.2,64.03,64.03,64.03,0
2021-10-08-08-43-00 GMT-0400,64.0301,64.0301,64.0301,64.0301,64.0301,0
2021-10-08-08-45-00 GMT-0400,64.1,64.1,64.1,64.1,64.1,0
2021-10-08-08-46-00 GMT-0400,64.1,64.1999,64.01,64.01,64.01,0
2021-10-08-08-47-00 GMT-0400,64.06,64.06,64.01,64.0101,64.0101,0
2021-10-08-08-48-00 GMT-0400,64.0,64.1,63.98,64.1,64.1,0
2021-10-08-08-49-00 GMT-0400,63.98,64.1,63.98,64.1,64.1,0
2021-10-08-08-50-00 GMT-0400,63.98,63.98,63.71,63.83,63.83,0
2021-10-08-08-51-00 GMT-0400,63.8,63.8,63.8,63.8,63.8,0
2021-10-08-08-53-00 GMT-0400,63.9,63.96,63.9,63.96,63.96,0
2021-10-08-08-55-00 GMT-0400,64.0,64.0,63.8,64.0,64.0,0
2021-10-08-08-56-00 GMT-0400,64.18,64.21,64.01,64.2001,64.2001,0
2021-10-08-08-57-00 GMT-0400,64.29,64.3,64.01,64.01,64.01,0
2021-10-08-08-58-00 GMT-0400,64.21,64.21,64.19,64.19,64.19,0
2021-10-08-09-00-00 GMT-0400,64.2,64.2,64.2,64.2,64.2,0
2021-10-08-09-01-00 GMT-0400,64.22,64.29,64.01,64.29,64.29,0
2021-10-08-09-02-00 GMT-0400,64.15,64.29,64.15,64.29,64.29,0
2021-10-08-09-03-00 GMT-0400,64.19,64.29,64.02,64.29,64.29,0
2021-10-08-09-04-00 GMT-0400,64.07,64.07,64.01,64.01,64.01,0
2021-10-08-09-05-00 GMT-0400,63.93,64.11,63.93,64.11,64.11,0
2021-10-08-09-06-00 GMT-0400,63.94,63.94,63.9301,63.9301,63.9301,0
2021-10-08-09-07-00 GMT-0400,64.105,64.28,63.93,64.105,64.105,0
2021-10-08-09-08-00 GMT-0400,64.105,64.25,63.93,64.105,64.105,0
2021-10-08-09-09-00 GMT-0400,64.28,64.28,63.93,64.25,64.25,0
2021-10-08-09-10-00 GMT-0400,63.965,64.28,63.93,63.93,63.93,0
2021-10-08-09-11-00 GMT-0400,63.94,64.11,63.94,63.94,63.94,0
2021-10-08-09-12-00 GMT-0400,64.25,64.28,63.95,63.95,63.95,0
2021-10-08-09-13-00 GMT-0400,64.11,64.11,63.9401,64.11,64.11,0
2021-10-08-09-14-00 GMT-0400,64.05,64.05,63.94,63.94,63.94,0
2021-10-08-09-30-00 GMT-0400,64.27999877929688,64.27999877929688,64.27999877929688,64.27999877929688,64.27999877929688,82394
2021-10-08-09-31-00 GMT-0400,64.30999755859375,64.30999755859375,64.2300033569336,64.2300033569336,64.2300033569336,3561
2021-10-08-09-32-00 GMT-0400,64.23999786376953,64.23999786376953,64.02999877929688,64.08000183105469,64.08000183105469,10508
2021-10-08-09-33-00 GMT-0400,64.06999969482422,64.0999984741211,63.79999923706055,63.83000183105469,63.83000183105469,139757
2021-10-08-09-34-00 GMT-0400,63.8390007019043,63.84000015258789,63.459999084472656,63.494998931884766,63.494998931884766,72750
2021-10-08-09-35-00 GMT-0400,63.4900016784668,63.54999923706055,63.369998931884766,63.45000076293945,63.45000076293945,39496
2021-10-08-09-36-00 GMT-0400,63.459999084472656,63.52000045776367,63.367801666259766,63.47999954223633,63.47999954223633,46863
2021-10-08-09-37-00 GMT-0400,63.470001220703125,63.5,63.310001373291016,63.36000061035156,63.36000061035156,69140
2021-10-08-09-38-00 GMT-0400,63.34000015258789,63.54999923706055,63.34000015258789,63.54999923706055,63.54999923706055,40758
2021-10-08-09-39-00 GMT-0400,63.53900146484375,63.84000015258789,63.5,63.790000915527344,63.790000915527344,59573
2021-10-08-09-40-00 GMT-0400,63.83000183105469,64.0,63.79999923706055,63.970001220703125,63.970001220703125,62433
2021-10-08-09-41-00 GMT-0400,64.0,64.0199966430664,63.869998931884766,63.97999954223633,63.97999954223633,32743
2021-10-08-09-42-00 GMT-0400,63.970001220703125,64.0999984741211,63.91999816894531,64.04000091552734,64.04000091552734,39333
2021-10-08-09-43-00 GMT-0400,64.05919647216797,64.1449966430664,63.970001220703125,64.07990264892578,64.07990264892578,21085
2021-10-08-09-44-00 GMT-0400,64.05000305175781,64.11000061035156,63.959999084472656,64.08999633789062,64.08999633789062,30107
2021-10-08-09-45-00 GMT-0400,64.0999984741211,64.16999816894531,64.05000305175781,64.05999755859375,64.05999755859375,31303
2021-10-08-09-46-00 GMT-0400,64.05000305175781,64.05000305175781,63.869998931884766,63.97999954223633,63.97999954223633,136292
2021-10-08-09-47-00 GMT-0400,63.97999954223633,64.05999755859375,63.970001220703125,64.0199966430664,64.0199966430664,37643
2021-10-08-09-48-00 GMT-0400,64.0,64.01000213623047,63.72999954223633,63.775001525878906,63.775001525878906,76233
2021-10-08-09-49-00 GMT-0400,63.77000045776367,64.0,63.77000045776367,63.95000076293945,63.95000076293945,79580
2021-10-08-09-50-00 GMT-0400,63.95000076293945,63.9900016784668,63.72439956665039,63.779998779296875,63.779998779296875,77113
2021-10-08-09-51-00 GMT-0400,63.7400016784668,63.904998779296875,63.7400016784668,63.84000015258789,63.84000015258789,14342
2021-10-08-09-52-00 GMT-0400,63.810001373291016,63.84000015258789,63.73500061035156,63.810001373291016,63.810001373291016,33003
2021-10-08-09-53-00 GMT-0400,63.83000183105469,63.880001068115234,63.73500061035156,63.7400016784668,63.7400016784668,12866
2021-10-08-09-54-00 GMT-0400,63.72999954223633,63.96820068359375,63.650001525878906,63.88999938964844,63.88999938964844,39085
2021-10-08-09-55-00 GMT-0400,63.849998474121094,63.959999084472656,63.849998474121094,63.935001373291016,63.935001373291016,21758
2021-10-08-09-56-00 GMT-0400,63.91999816894531,63.93000030517578,63.86000061035156,63.925899505615234,63.925899505615234,31228
2021-10-08-09-57-00 GMT-0400,63.90999984741211,63.91999816894531,63.86000061035156,63.895301818847656,63.895301818847656,14332
2021-10-08-09-58-00 GMT-0400,63.900001525878906,63.90570068359375,63.760101318359375,63.83000183105469,63.83000183105469,22461
2021-10-08-09-59-00 GMT-0400,63.81999969482422,63.844398498535156,63.68000030517578,63.689998626708984,63.689998626708984,20182
2021-10-08-10-00-00 GMT-0400,63.70000076293945,63.90999984741211,63.685001373291016,63.90999984741211,63.90999984741211,41317
2021-10-08-10-01-00 GMT-0400,63.91999816894531,63.9900016784668,63.895999908447266,63.895999908447266,63.895999908447266,34484
2021-10-08-10-02-00 GMT-0400,63.880001068115234,63.93000030517578,63.83000183105469,63.84400177001953,63.84400177001953,24135
2021-10-08-10-03-00 GMT-0400,63.86000061035156,63.880001068115234,63.84000015258789,63.849998474121094,63.849998474121094,5399
2021-10-08-10-04-00 GMT-0400,63.86000061035156,63.939998626708984,63.80929946899414,63.93000030517578,63.93000030517578,16409
2021-10-08-10-05-00 GMT-0400,63.939998626708984,64.04000091552734,63.90999984741211,63.994998931884766,63.994998931884766,32097
2021-10-08-10-06-00 GMT-0400,64.0,64.0,63.880001068115234,63.91999816894531,63.91999816894531,38162
2021-10-08-10-07-00 GMT-0400,63.93000030517578,64.02989959716797,63.90999984741211,64.01000213623047,64.01000213623047,16959
2021-10-08-10-08-00 GMT-0400,64.01860046386719,64.04340362548828,63.959999084472656,63.9900016784668,63.9900016784668,27825
2021-10-08-10-09-00 GMT-0400,64.02999877929688,64.0999984741211,64.02999877929688,64.04000091552734,64.04000091552734,18026
2021-10-08-10-10-00 GMT-0400,64.0199966430664,64.1500015258789,64.0199966430664,64.1312026977539,64.1312026977539,15976
2021-10-08-10-11-00 GMT-0400,64.1500015258789,64.19000244140625,64.12000274658203,64.12010192871094,64.12010192871094,15651
2021-10-08-10-12-00 GMT-0400,64.12000274658203,64.13999938964844,64.05999755859375,64.06999969482422,64.06999969482422,17147
2021-10-08-10-13-00 GMT-0400,64.08000183105469,64.16000366210938,64.04000091552734,64.16000366210938,64.16000366210938,21803
2021-10-08-10-14-00 GMT-0400,64.1500015258789,64.24500274658203,64.12000274658203,64.22000122070312,64.22000122070312,25021
2021-10-08-10-15-00 GMT-0400,64.22380065917969,64.2699966430664,64.22000122070312,64.25,64.25,18593
2021-10-08-10-16-00 GMT-0400,64.25830078125,64.30999755859375,64.1500015258789,64.1500015258789,64.1500015258789,20381
2021-10-08-10-17-00 GMT-0400,64.13999938964844,64.29000091552734,64.13999938964844,64.23999786376953,64.23999786376953,34423
2021-10-08-10-18-00 GMT-0400,64.25,64.2699966430664,64.19000244140625,64.19200134277344,64.19200134277344,8947
2021-10-08-10-19-00 GMT-0400,64.19999694824219,64.22000122070312,64.04900360107422,64.06999969482422,64.06999969482422,24001
2021-10-08-10-20-00 GMT-0400,64.05000305175781,64.0999984741211,64.02179718017578,64.0999984741211,64.0999984741211,20134
2021-10-08-10-21-00 GMT-0400,64.06999969482422,64.12999725341797,64.01000213623047,64.12999725341797,64.12999725341797,14783
2021-10-08-10-22-00 GMT-0400,64.12090301513672,64.16000366210938,64.09410095214844,64.12999725341797,64.12999725341797,16630
2021-10-08-10-23-00 GMT-0400,64.13999938964844,64.13999938964844,64.05000305175781,64.05000305175781,64.05000305175781,17348
2021-10-08-10-24-00 GMT-0400,64.05010223388672,64.0999984741211,64.05000305175781,64.0999984741211,64.0999984741211,8690
2021-10-08-10-25-00 GMT-0400,64.08999633789062,64.11000061035156,64.0551986694336,64.08000183105469,64.08000183105469,9516
2021-10-08-10-26-00 GMT-0400,64.08000183105469,64.22000122070312,64.07499694824219,64.20010375976562,64.20010375976562,27104
2021-10-08-10-27-00 GMT-0400,64.19999694824219,64.2300033569336,64.18000030517578,64.2300033569336,64.2300033569336,12532
2021-10-08-10-28-00 GMT-0400,64.22000122070312,64.2699966430664,64.20999908447266,64.22000122070312,64.22000122070312,18218
2021-10-08-10-29-00 GMT-0400,64.20999908447266,64.2699966430664,64.19999694824219,64.23999786376953,64.23999786376953,13062
2021-10-08-10-30-00 GMT-0400,64.23999786376953,64.26000213623047,64.12999725341797,64.19999694824219,64.19999694824219,22270
2021-10-08-10-31-00 GMT-0400,64.20860290527344,64.22000122070312,64.11000061035156,64.11000061035156,64.11000061035156,9760
2021-10-08-10-32-00 GMT-0400,64.12999725341797,64.13999938964844,64.08999633789062,64.13999938964844,64.13999938964844,10055
2021-10-08-10-33-00 GMT-0400,64.1500015258789,64.16000366210938,64.10649871826172,64.10649871826172,64.10649871826172,10938
2021-10-08-10-34-00 GMT-0400,64.0999984741211,64.13999938964844,64.04000091552734,64.04499816894531,64.04499816894531,12857
2021-10-08-10-35-00 GMT-0400,64.05000305175781,64.08000183105469,64.05000305175781,64.06999969482422,64.06999969482422,8311
2021-10-08-10-36-00 GMT-0400,64.06999969482422,64.12000274658203,64.06999969482422,64.12000274658203,64.12000274658203,7510
2021-10-08-10-37-00 GMT-0400,64.12000274658203,64.12000274658203,64.06999969482422,64.08999633789062,64.08999633789062,5106
2021-10-08-10-38-00 GMT-0400,64.06999969482422,64.12000274658203,64.05999755859375,64.08999633789062,64.08999633789062,7390
2021-10-08-10-39-00 GMT-0400,64.08000183105469,64.08000183105469,63.96500015258789,63.970001220703125,63.970001220703125,15875
2021-10-08-10-40-00 GMT-0400,63.97119903564453,63.97999954223633,63.790000915527344,63.79499816894531,63.79499816894531,25029
2021-10-08-10-41-00 GMT-0400,63.810001373291016,63.82500076293945,63.720001220703125,63.779998779296875,63.779998779296875,18005
2021-10-08-10-42-00 GMT-0400,63.779998779296875,63.779998779296875,63.67300033569336,63.685001373291016,63.685001373291016,30299
2021-10-08-10-43-00 GMT-0400,63.68000030517578,63.79999923706055,63.650001525878906,63.720001220703125,63.720001220703125,105586
2021-10-08-10-44-00 GMT-0400,63.75,63.77000045776367,63.66999816894531,63.709999084472656,63.709999084472656,35021
2021-10-08-10-45-00 GMT-0400,63.709999084472656,63.83000183105469,63.68000030517578,63.81999969482422,63.81999969482422,33334
2021-10-08-10-46-00 GMT-0400,63.779998779296875,63.81999969482422,63.724998474121094,63.7599983215332,63.7599983215332,29081
2021-10-08-10-47-00 GMT-0400,63.77000045776367,63.8484001159668,63.77000045776367,63.845001220703125,63.845001220703125,24437
2021-10-08-10-48-00 GMT-0400,63.84000015258789,63.91999816894531,63.83700180053711,63.88999938964844,63.88999938964844,12579
2021-10-08-10-49-00 GMT-0400,63.88999938964844,63.939998626708984,63.880001068115234,63.91999816894531,63.91999816894531,4833
2021-10-08-10-50-00 GMT-0400,63.95000076293945,63.97570037841797,63.869998931884766,63.975399017333984,63.975399017333984,12046
2021-10-08-10-51-00 GMT-0400,63.97999954223633,64.01000213623047,63.92499923706055,63.940399169921875,63.940399169921875,15649
2021-10-08-10-52-00 GMT-0400,63.94049835205078,64.05000305175781,63.94049835205078,64.0199966430664,64.0199966430664,10209
2021-10-08-10-53-00 GMT-0400,64.0199966430664,64.04000091552734,64.0,64.02999877929688,64.02999877929688,2931
2021-10-08-10-54-00 GMT-0400,64.04000091552734,64.04000091552734,64.0,64.04000091552734,64.04000091552734,9771
2021-10-08-10-55-00 GMT-0400,64.04000091552734,64.04000091552734,63.959999084472656,63.970001220703125,63.970001220703125,4833
2021-10-08-10-56-00 GMT-0400,63.9900016784668,64.0,63.93000030517578,63.93000030517578,63.93000030517578,13135
2021-10-08-10-57-00 GMT-0400,63.93000030517578,63.97999954223633,63.92499923706055,63.95000076293945,63.95000076293945,11235
2021-10-08-10-58-00 GMT-0400,63.95000076293945,63.95000076293945,63.83000183105469,63.834999084472656,63.834999084472656,19877
2021-10-08-10-59-00 GMT-0400,63.810001373291016,63.81999969482422,63.75,63.79999923706055,63.79999923706055,15145
2021-10-08-11-00-00 GMT-0400,63.810001373291016,63.83000183105469,63.77000045776367,63.81039810180664,63.81039810180664,19927
2021-10-08-11-01-00 GMT-0400,63.81230163574219,63.849998474121094,63.79999923706055,63.84000015258789,63.84000015258789,6824
2021-10-08-11-02-00 GMT-0400,63.84000015258789,63.869998931884766,63.83000183105469,63.869998931884766,63.869998931884766,4548
2021-10-08-11-03-00 GMT-0400,63.880001068115234,63.90999984741211,63.81999969482422,63.81999969482422,63.81999969482422,12683
2021-10-08-11-04-00 GMT-0400,63.79999923706055,63.810001373291016,63.75,63.757999420166016,63.757999420166016,6684
2021-10-08-11-05-00 GMT-0400,63.7599983215332,63.810001373291016,63.720001220703125,63.790000915527344,63.790000915527344,42169
2021-10-08-11-06-00 GMT-0400,63.78499984741211,63.79999923706055,63.75,63.790000915527344,63.790000915527344,12900
2021-10-08-11-07-00 GMT-0400,63.79499816894531,63.814998626708984,63.760101318359375,63.77000045776367,63.77000045776367,9114
2021-10-08-11-08-00 GMT-0400,63.7599983215332,63.810001373291016,63.75,63.790000915527344,63.790000915527344,8136
2021-10-08-11-09-00 GMT-0400,63.79999923706055,63.86800003051758,63.79999923706055,63.8650016784668,63.8650016784668,13691
2021-10-08-11-10-00 GMT-0400,63.869998931884766,63.939998626708984,63.845001220703125,63.91830062866211,63.91830062866211,28585
2021-10-08-11-11-00 GMT-0400,63.90999984741211,63.90999984741211,63.849998474121094,63.900001525878906,63.900001525878906,22092
2021-10-08-11-12-00 GMT-0400,63.904998779296875,63.90999984741211,63.88999938964844,63.89500045776367,63.89500045776367,6385
2021-10-08-11-13-00 GMT-0400,63.900001525878906,63.939998626708984,63.900001525878906,63.92499923706055,63.92499923706055,13776
2021-10-08-11-14-00 GMT-0400,63.91999816894531,63.91999816894531,63.88999938964844,63.88999938964844,63.88999938964844,7491
2021-10-08-11-15-00 GMT-0400,63.89500045776367,63.89500045776367,63.86000061035156,63.88999938964844,63.88999938964844,2867
2021-10-08-11-16-00 GMT-0400,63.900001525878906,63.904998779296875,63.84000015258789,63.84000015258789,63.84000015258789,21711
2021-10-08-11-17-00 GMT-0400,63.83140182495117,63.84000015258789,63.779998779296875,63.79999923706055,63.79999923706055,13169
2021-10-08-11-18-00 GMT-0400,63.79999923706055,63.83000183105469,63.79010009765625,63.829898834228516,63.829898834228516,7045
2021-10-08-11-19-00 GMT-0400,63.81999969482422,63.84000015258789,63.81999969482422,63.83000183105469,63.83000183105469,6260
2021-10-08-11-20-00 GMT-0400,63.810001373291016,63.810001373291016,63.70000076293945,63.70000076293945,63.70000076293945,7231
2021-10-08-11-21-00 GMT-0400,63.709999084472656,63.77000045776367,63.70000076293945,63.7400016784668,63.7400016784668,10685
2021-10-08-11-22-00 GMT-0400,63.7400016784668,63.7599983215332,63.70500183105469,63.709999084472656,63.709999084472656,9383
2021-10-08-11-23-00 GMT-0400,63.709999084472656,63.75910186767578,63.70000076293945,63.720001220703125,63.720001220703125,10239
2021-10-08-11-24-00 GMT-0400,63.71500015258789,63.75,63.709999084472656,63.72999954223633,63.72999954223633,22324
2021-10-08-11-25-00 GMT-0400,63.73529815673828,63.77000045776367,63.70000076293945,63.72999954223633,63.72999954223633,147487
2021-10-08-11-26-00 GMT-0400,63.72999954223633,63.80649948120117,63.72999954223633,63.779998779296875,63.779998779296875,51460
2021-10-08-11-27-00 GMT-0400,63.77000045776367,63.810001373291016,63.77000045776367,63.810001373291016,63.810001373291016,5580
2021-10-08-11-28-00 GMT-0400,63.81610107421875,63.83000183105469,63.790000915527344,63.810001373291016,63.810001373291016,4776
2021-10-08-11-29-00 GMT-0400,63.81999969482422,63.849998474121094,63.79999923706055,63.79999923706055,63.79999923706055,10432
2021-10-08-11-30-00 GMT-0400,63.79999923706055,63.83000183105469,63.75,63.810001373291016,63.810001373291016,8721
2021-10-08-11-31-00 GMT-0400,63.79999923706055,63.814998626708984,63.78499984741211,63.790000915527344,63.790000915527344,7426
2021-10-08-11-32-00 GMT-0400,63.79999923706055,63.83000183105469,63.79999923706055,63.81999969482422,63.81999969482422,4682
2021-10-08-11-33-00 GMT-0400,63.83000183105469,63.83000183105469,63.72999954223633,63.75,63.75,10199
2021-10-08-11-34-00 GMT-0400,63.7400016784668,63.775001525878906,63.720001220703125,63.7599983215332,63.7599983215332,16916
2021-10-08-11-35-00 GMT-0400,63.7599983215332,63.779998779296875,63.7400016784668,63.7400016784668,63.7400016784668,12896
2021-10-08-11-36-00 GMT-0400,63.7400016784668,63.790000915527344,63.720001220703125,63.76100158691406,63.76100158691406,50378
2021-10-08-11-37-00 GMT-0400,63.77000045776367,63.779998779296875,63.75,63.76499938964844,63.76499938964844,8378
2021-10-08-11-38-00 GMT-0400,63.77000045776367,63.779998779296875,63.744998931884766,63.779998779296875,63.779998779296875,9781
2021-10-08-11-39-00 GMT-0400,63.77000045776367,63.77000045776367,63.75,63.77000045776367,63.77000045776367,5242
2021-10-08-11-40-00 GMT-0400,63.77000045776367,63.78499984741211,63.744998931884766,63.7599983215332,63.7599983215332,35097
2021-10-08-11-41-00 GMT-0400,63.78499984741211,63.78499984741211,63.755001068115234,63.7599983215332,63.7599983215332,8278
2021-10-08-11-42-00 GMT-0400,63.755001068115234,63.779998779296875,63.75,63.77000045776367,63.77000045776367,9963
2021-10-08-11-43-00 GMT-0400,63.75,63.765899658203125,63.75,63.75,63.75,9540
2021-10-08-11-44-00 GMT-0400,63.755001068115234,63.78499984741211,63.7400016784668,63.78499984741211,63.78499984741211,42099
2021-10-08-11-45-00 GMT-0400,63.790000915527344,63.810001373291016,63.75,63.75,63.75,41935
2021-10-08-11-46-00 GMT-0400,63.75,63.83000183105469,63.75,63.810001373291016,63.810001373291016,31979
2021-10-08-11-47-00 GMT-0400,63.810001373291016,63.810001373291016,63.77000045776367,63.77000045776367,63.77000045776367,12594
2021-10-08-11-48-00 GMT-0400,63.77000045776367,63.79999923706055,63.7599983215332,63.790000915527344,63.790000915527344,15330
2021-10-08-11-49-00 GMT-0400,63.779998779296875,63.79999923706055,63.7599983215332,63.76499938964844,63.76499938964844,11158
2021-10-08-11-50-00 GMT-0400,63.7599983215332,63.77000045776367,63.75,63.75,63.75,27043
2021-10-08-11-51-00 GMT-0400,63.755001068115234,63.790000915527344,63.75,63.76499938964844,63.76499938964844,20976
2021-10-08-11-52-00 GMT-0400,63.790000915527344,63.81999969482422,63.77000045776367,63.790000915527344,63.790000915527344,9542
2021-10-08-11-53-00 GMT-0400,63.79499816894531,63.810001373291016,63.77000045776367,63.779998779296875,63.779998779296875,5664
2021-10-08-11-54-00 GMT-0400,63.77000045776367,63.779998779296875,63.7599983215332,63.7599983215332,63.7599983215332,15372
2021-10-08-11-55-00 GMT-0400,63.779998779296875,63.790000915527344,63.7599983215332,63.77000045776367,63.77000045776367,14074
2021-10-08-11-56-00 GMT-0400,63.76499938964844,63.779998779296875,63.755001068115234,63.77000045776367,63.77000045776367,17150
2021-10-08-11-57-00 GMT-0400,63.7599983215332,63.77000045776367,63.7599983215332,63.7599983215332,63.7599983215332,9903
2021-10-08-11-58-00 GMT-0400,63.7599983215332,63.779998779296875,63.7599983215332,63.7599983215332,63.7599983215332,11626
2021-10-08-11-59-00 GMT-0400,63.779998779296875,63.78099822998047,63.7599983215332,63.77000045776367,63.77000045776367,13443
2021-10-08-12-00-00 GMT-0400,63.77000045776367,63.779998779296875,63.61000061035156,63.619998931884766,63.619998931884766,32853
2021-10-08-12-01-00 GMT-0400,63.619998931884766,63.63479995727539,63.58000183105469,63.599998474121094,63.599998474121094,21535
2021-10-08-12-02-00 GMT-0400,63.599998474121094,63.67499923706055,63.59000015258789,63.63999938964844,63.63999938964844,16205
2021-10-08-12-03-00 GMT-0400,63.64500045776367,63.66999816894531,63.61000061035156,63.66999816894531,63.66999816894531,25200
2021-10-08-12-04-00 GMT-0400,63.66999816894531,63.720001220703125,63.66999816894531,63.720001220703125,63.720001220703125,7532
2021-10-08-12-05-00 GMT-0400,63.720001220703125,63.78499984741211,63.720001220703125,63.78499984741211,63.78499984741211,11723
2021-10-08-12-06-00 GMT-0400,63.790000915527344,63.859901428222656,63.790000915527344,63.849998474121094,63.849998474121094,30623
2021-10-08-12-07-00 GMT-0400,63.85169982910156,63.93000030517578,63.85169982910156,63.90999984741211,63.90999984741211,30994
2021-10-08-12-08-00 GMT-0400,63.900001525878906,63.900001525878906,63.869998931884766,63.880001068115234,63.880001068115234,5200
2021-10-08-12-09-00 GMT-0400,63.900001525878906,63.909000396728516,63.88999938964844,63.900001525878906,63.900001525878906,6029
2021-10-08-12-10-00 GMT-0400,63.900001525878906,63.900001525878906,63.81999969482422,63.84000015258789,63.84000015258789,10678
2021-10-08-12-11-00 GMT-0400,63.84000015258789,63.849998474121094,63.790000915527344,63.79999923706055,63.79999923706055,6484
2021-10-08-12-12-00 GMT-0400,63.810001373291016,63.810001373291016,63.75,63.779998779296875,63.779998779296875,8394
2021-10-08-12-13-00 GMT-0400,63.790000915527344,63.790000915527344,63.77000045776367,63.775001525878906,63.775001525878906,5748
2021-10-08-12-14-00 GMT-0400,63.790000915527344,63.84000015258789,63.790000915527344,63.82160186767578,63.82160186767578,4371
2021-10-08-12-15-00 GMT-0400,63.81999969482422,63.81999969482422,63.77000045776367,63.779998779296875,63.779998779296875,6269
2021-10-08-12-16-00 GMT-0400,63.77000045776367,63.779998779296875,63.7599983215332,63.77000045776367,63.77000045776367,5192
2021-10-08-12-17-00 GMT-0400,63.75,63.75,63.685001373291016,63.720001220703125,63.720001220703125,17753
2021-10-08-12-18-00 GMT-0400,63.720001220703125,63.736900329589844,63.720001220703125,63.720001220703125,63.720001220703125,4095
2021-10-08-12-19-00 GMT-0400,63.70000076293945,63.709999084472656,63.689998626708984,63.70989990234375,63.70989990234375,3287
2021-10-08-12-20-00 GMT-0400,63.709999084472656,63.7400016784668,63.70500183105469,63.709999084472656,63.709999084472656,3017
2021-10-08-12-21-00 GMT-0400,63.720001220703125,63.720001220703125,63.69240188598633,63.70000076293945,63.70000076293945,3912
2021-10-08-12-22-00 GMT-0400,63.69499969482422,63.70000076293945,63.65999984741211,63.66999816894531,63.66999816894531,7356
2021-10-08-12-23-00 GMT-0400,63.68000030517578,63.75,63.67499923706055,63.75,63.75,10980
2021-10-08-12-24-00 GMT-0400,63.75,63.810001373291016,63.75,63.79999923706055,63.79999923706055,7798
2021-10-08-12-25-00 GMT-0400,63.790000915527344,63.79999923706055,63.709999084472656,63.72990036010742,63.72990036010742,3509
2021-10-08-12-26-00 GMT-0400,63.709999084472656,63.72999954223633,63.70000076293945,63.720001220703125,63.720001220703125,13414
2021-10-08-12-27-00 GMT-0400,63.720001220703125,63.7400016784668,63.720001220703125,63.7400016784668,63.7400016784668,7955
2021-10-08-12-28-00 GMT-0400,63.7400016784668,63.75,63.720001220703125,63.720001220703125,63.720001220703125,3439
2021-10-08-12-29-00 GMT-0400,63.72999954223633,63.72999954223633,63.68000030517578,63.689998626708984,63.689998626708984,10478
2021-10-08-12-30-00 GMT-0400,63.70000076293945,63.75,63.67539978027344,63.75,63.75,6235
2021-10-08-12-31-00 GMT-0400,63.75,63.79999923706055,63.75,63.77000045776367,63.77000045776367,4204
2021-10-08-12-32-00 GMT-0400,63.77000045776367,63.78879928588867,63.73500061035156,63.7599983215332,63.7599983215332,7670
2021-10-08-12-33-00 GMT-0400,63.75,63.779998779296875,63.73500061035156,63.774898529052734,63.774898529052734,2330
2021-10-08-12-34-00 GMT-0400,63.7599983215332,63.779998779296875,63.73500061035156,63.779998779296875,63.779998779296875,4194
2021-10-08-12-35-00 GMT-0400,63.779998779296875,63.81999969482422,63.779998779296875,63.81999969482422,63.81999969482422,20976
2021-10-08-12-36-00 GMT-0400,63.81999969482422,63.845001220703125,63.81999969482422,63.83000183105469,63.83000183105469,3378
2021-10-08-12-37-00 GMT-0400,63.83000183105469,63.86000061035156,63.81999969482422,63.86000061035156,63.86000061035156,8432
2021-10-08-12-38-00 GMT-0400,63.849998474121094,63.88999938964844,63.849998474121094,63.88999938964844,63.88999938964844,3255
2021-10-08-12-39-00 GMT-0400,63.88999938964844,63.959999084472656,63.88999938964844,63.948001861572266,63.948001861572266,14827
2021-10-08-12-40-00 GMT-0400,63.939998626708984,63.9900016784668,63.939998626708984,63.97999954223633,63.97999954223633,15861
2021-10-08-12-41-00 GMT-0400,63.9900016784668,63.994998931884766,63.970001220703125,63.974998474121094,63.974998474121094,5845
2021-10-08-12-42-00 GMT-0400,63.970001220703125,63.9900016784668,63.968101501464844,63.98500061035156,63.98500061035156,4218
2021-10-08-12-43-00 GMT-0400,63.9818000793457,63.9818000793457,63.90999984741211,63.935001373291016,63.935001373291016,16646
2021-10-08-12-44-00 GMT-0400,63.935001373291016,63.95000076293945,63.910099029541016,63.95000076293945,63.95000076293945,4159
2021-10-08-12-45-00 GMT-0400,63.959999084472656,63.970001220703125,63.93000030517578,63.95000076293945,63.95000076293945,4874
2021-10-08-12-46-00 GMT-0400,63.95000076293945,63.95000076293945,63.93000030517578,63.93000030517578,63.93000030517578,2689
2021-10-08-12-47-00 GMT-0400,63.93000030517578,63.939998626708984,63.90999984741211,63.939998626708984,63.939998626708984,6658
2021-10-08-12-48-00 GMT-0400,63.93000030517578,63.93000030517578,63.91999816894531,63.91999816894531,63.91999816894531,2855
2021-10-08-12-49-00 GMT-0400,63.90999984741211,63.90999984741211,63.88999938964844,63.90999984741211,63.90999984741211,6842
2021-10-08-12-50-00 GMT-0400,63.91999816894531,63.95000076293945,63.91999816894531,63.939998626708984,63.939998626708984,4181
2021-10-08-12-51-00 GMT-0400,63.939998626708984,63.9900016784668,63.939998626708984,63.9900016784668,63.9900016784668,8391
2021-10-08-12-52-00 GMT-0400,63.970001220703125,63.970001220703125,63.95500183105469,63.96009826660156,63.96009826660156,2297
2021-10-08-12-53-00 GMT-0400,63.970001220703125,63.9900016784668,63.970001220703125,63.9900016784668,63.9900016784668,3063
2021-10-08-12-54-00 GMT-0400,64.0,64.0199966430664,64.0,64.0199966430664,64.0199966430664,9745
2021-10-08-12-55-00 GMT-0400,64.01000213623047,64.0199966430664,63.97999954223633,63.9900016784668,63.9900016784668,4402
2021-10-08-12-56-00 GMT-0400,63.97999954223633,63.9900016784668,63.97999954223633,63.97999954223633,63.97999954223633,3208
2021-10-08-12-57-00 GMT-0400,63.970001220703125,63.99919891357422,63.970001220703125,63.99919891357422,63.99919891357422,3003
2021-10-08-12-58-00 GMT-0400,63.97999954223633,63.97999954223633,63.95000076293945,63.95500183105469,63.95500183105469,3150
2021-10-08-12-59-00 GMT-0400,63.93000030517578,63.95000076293945,63.90999984741211,63.90999984741211,63.90999984741211,5297
2021-10-08-13-00-00 GMT-0400,63.90610122680664,63.9385986328125,63.90610122680664,63.9385986328125,63.9385986328125,3690
2021-10-08-13-01-00 GMT-0400,63.939998626708984,63.9900016784668,63.939998626708984,63.9900016784668,63.9900016784668,4591
2021-10-08-13-02-00 GMT-0400,64.0,64.01000213623047,63.9900016784668,63.9900016784668,63.9900016784668,7468
2021-10-08-13-03-00 GMT-0400,63.9900016784668,63.994998931884766,63.970001220703125,63.970001220703125,63.970001220703125,2963
2021-10-08-13-04-00 GMT-0400,63.970001220703125,63.970001220703125,63.915000915527344,63.93000030517578,63.93000030517578,7319
2021-10-08-13-05-00 GMT-0400,63.91999816894531,63.939998626708984,63.900001525878906,63.90999984741211,63.90999984741211,10330
2021-10-08-13-06-00 GMT-0400,63.900001525878906,63.93000030517578,63.900001525878906,63.910099029541016,63.910099029541016,5373
2021-10-08-13-07-00 GMT-0400,63.93000030517578,63.93000030517578,63.93000030517578,63.93000030517578,63.93000030517578,1544
2021-10-08-13-08-00 GMT-0400,63.93000030517578,63.959999084472656,63.93000030517578,63.94490051269531,63.94490051269531,6898
2021-10-08-13-09-00 GMT-0400,63.939998626708984,63.939998626708984,63.90999984741211,63.90999984741211,63.90999984741211,5423
2021-10-08-13-10-00 GMT-0400,63.900001525878906,63.91999816894531,63.8849983215332,63.91999816894531,63.91999816894531,5682
2021-10-08-13-11-00 GMT-0400,63.939998626708984,63.95000076293945,63.93000030517578,63.93000030517578,63.93000030517578,6348
2021-10-08-13-12-00 GMT-0400,63.90999984741211,63.970001220703125,63.90999984741211,63.970001220703125,63.970001220703125,12487
2021-10-08-13-13-00 GMT-0400,63.970001220703125,63.970001220703125,63.939998626708984,63.939998626708984,63.939998626708984,3608
2021-10-08-13-14-00 GMT-0400,63.93000030517578,63.939998626708984,63.91999816894531,63.93000030517578,63.93000030517578,3987
2021-10-08-13-15-00 GMT-0400,63.91999816894531,63.91999816894531,63.775001525878906,63.81999969482422,63.81999969482422,19859
2021-10-08-13-16-00 GMT-0400,63.810001373291016,63.810001373291016,63.7599983215332,63.790000915527344,63.790000915527344,7895
2021-10-08-13-17-00 GMT-0400,63.790000915527344,63.83000183105469,63.7599983215332,63.76599884033203,63.76599884033203,8049
2021-10-08-13-18-00 GMT-0400,63.779998779296875,63.79499816894531,63.763301849365234,63.790000915527344,63.790000915527344,3544
2021-10-08-13-19-00 GMT-0400,63.790000915527344,63.790000915527344,63.720001220703125,63.73400115966797,63.73400115966797,13281
2021-10-08-13-20-00 GMT-0400,63.73320007324219,63.75,63.689998626708984,63.70000076293945,63.70000076293945,19868
2021-10-08-13-21-00 GMT-0400,63.720001220703125,63.7400016784668,63.70000076293945,63.709999084472656,63.709999084472656,19749
2021-10-08-13-22-00 GMT-0400,63.720001220703125,63.72990036010742,63.689998626708984,63.709999084472656,63.709999084472656,18615
2021-10-08-13-23-00 GMT-0400,63.70000076293945,63.720001220703125,63.68000030517578,63.70000076293945,63.70000076293945,6219
2021-10-08-13-24-00 GMT-0400,63.70000076293945,63.70500183105469,63.70000076293945,63.70000076293945,63.70000076293945,1874
2021-10-08-13-25-00 GMT-0400,63.70000076293945,63.70199966430664,63.685001373291016,63.689998626708984,63.689998626708984,4766
2021-10-08-13-26-00 GMT-0400,63.689998626708984,63.72999954223633,63.689998626708984,63.720001220703125,63.720001220703125,4730
2021-10-08-13-27-00 GMT-0400,63.70000076293945,63.70000076293945,63.630001068115234,63.63999938964844,63.63999938964844,23102
2021-10-08-13-28-00 GMT-0400,63.6349983215332,63.650001525878906,63.63240051269531,63.650001525878906,63.650001525878906,5863
2021-10-08-13-29-00 GMT-0400,63.65999984741211,63.69879913330078,63.65999984741211,63.65999984741211,63.65999984741211,9157
2021-10-08-13-30-00 GMT-0400,63.65999984741211,63.689998626708984,63.63999938964844,63.68000030517578,63.68000030517578,5169
2021-10-08-13-31-00 GMT-0400,63.68000030517578,63.68000030517578,63.65999984741211,63.65999984741211,63.65999984741211,5403
2021-10-08-13-32-00 GMT-0400,63.63999938964844,63.63999938964844,63.63180160522461,63.63999938964844,63.63999938964844,2503
2021-10-08-13-33-00 GMT-0400,63.63999938964844,63.66999816894531,63.630001068115234,63.650001525878906,63.650001525878906,8352
2021-10-08-13-34-00 GMT-0400,63.64500045776367,63.6609001159668,63.63999938964844,63.6609001159668,63.6609001159668,5405
2021-10-08-13-35-00 GMT-0400,63.650001525878906,63.665000915527344,63.619998931884766,63.65999984741211,63.65999984741211,7236
2021-10-08-13-36-00 GMT-0400,63.650001525878906,63.65010070800781,63.619998931884766,63.619998931884766,63.619998931884766,3485
2021-10-08-13-37-00 GMT-0400,63.619998931884766,63.63999938964844,63.61000061035156,63.619998931884766,63.619998931884766,13853
2021-10-08-13-38-00 GMT-0400,63.630001068115234,63.63999938964844,63.599998474121094,63.599998474121094,63.599998474121094,5669
2021-10-08-13-39-00 GMT-0400,63.599998474121094,63.599998474121094,63.56999969482422,63.599998474121094,63.599998474121094,11003
2021-10-08-13-40-00 GMT-0400,63.61000061035156,63.65700149536133,63.61000061035156,63.63999938964844,63.63999938964844,8860
2021-10-08-13-41-00 GMT-0400,63.63999938964844,63.70000076293945,63.63999938964844,63.66999816894531,63.66999816894531,22090
2021-10-08-13-42-00 GMT-0400,63.66999816894531,63.66999816894531,63.63999938964844,63.650001525878906,63.650001525878906,4008
2021-10-08-13-43-00 GMT-0400,63.65999984741211,63.66999816894531,63.650001525878906,63.66590118408203,63.66590118408203,6551
2021-10-08-13-44-00 GMT-0400,63.66999816894531,63.70000076293945,63.66999816894531,63.68000030517578,63.68000030517578,4498
2021-10-08-13-45-00 GMT-0400,63.68000030517578,63.709999084472656,63.68000030517578,63.70000076293945,63.70000076293945,5360
2021-10-08-13-46-00 GMT-0400,63.689998626708984,63.720001220703125,63.689998626708984,63.720001220703125,63.720001220703125,4316
2021-10-08-13-47-00 GMT-0400,63.72999954223633,63.75,63.70000076293945,63.709999084472656,63.709999084472656,14651
2021-10-08-13-48-00 GMT-0400,63.70000076293945,63.70000076293945,63.650001525878906,63.650001525878906,63.650001525878906,9588
2021-10-08-13-49-00 GMT-0400,63.63999938964844,63.68000030517578,63.630001068115234,63.66999816894531,63.66999816894531,6246
2021-10-08-13-50-00 GMT-0400,63.65999984741211,63.66999816894531,63.650001525878906,63.66999816894531,63.66999816894531,3995
2021-10-08-13-51-00 GMT-0400,63.65999984741211,63.65999984741211,63.64500045776367,63.650001525878906,63.650001525878906,3058
2021-10-08-13-52-00 GMT-0400,63.63999938964844,63.66999816894531,63.63999938964844,63.63999938964844,63.63999938964844,3380
2021-10-08-13-53-00 GMT-0400,63.63169860839844,63.63309860229492,63.599998474121094,63.619998931884766,63.619998931884766,10218
2021-10-08-13-54-00 GMT-0400,63.61000061035156,63.61000061035156,63.58000183105469,63.58000183105469,63.58000183105469,22135
2021-10-08-13-55-00 GMT-0400,63.56999969482422,63.64500045776367,63.56999969482422,63.64500045776367,63.64500045776367,10444
2021-10-08-13-56-00 GMT-0400,63.650001525878906,63.689998626708984,63.650001525878906,63.68000030517578,63.68000030517578,19462
2021-10-08-13-57-00 GMT-0400,63.66999816894531,63.68000030517578,63.650001525878906,63.6609992980957,63.6609992980957,5586
2021-10-08-13-58-00 GMT-0400,63.66999816894531,63.68000030517578,63.65999984741211,63.65999984741211,63.65999984741211,4971
2021-10-08-13-59-00 GMT-0400,63.65999984741211,63.665000915527344,63.650001525878906,63.650001525878906,63.650001525878906,4652
2021-10-08-14-00-00 GMT-0400,63.65999984741211,63.66999816894531,63.63999938964844,63.65999984741211,63.65999984741211,7477
2021-10-08-14-01-00 GMT-0400,63.66999816894531,63.709999084472656,63.66999816894531,63.709999084472656,63.709999084472656,9135
2021-10-08-14-02-00 GMT-0400,63.70000076293945,63.709999084472656,63.68000030517578,63.689998626708984,63.689998626708984,4009
2021-10-08-14-03-00 GMT-0400,63.70000076293945,63.709999084472656,63.689998626708984,63.709999084472656,63.709999084472656,4701
2021-10-08-14-04-00 GMT-0400,63.717201232910156,63.717201232910156,63.679901123046875,63.68000030517578,63.68000030517578,6335
2021-10-08-14-05-00 GMT-0400,63.689998626708984,63.720001220703125,63.689998626708984,63.709999084472656,63.709999084472656,5115
2021-10-08-14-06-00 GMT-0400,63.709999084472656,63.709999084472656,63.70000076293945,63.70500183105469,63.70500183105469,3854
2021-10-08-14-07-00 GMT-0400,63.71500015258789,63.71500015258789,63.689998626708984,63.709999084472656,63.709999084472656,4981
2021-10-08-14-08-00 GMT-0400,63.70000076293945,63.709999084472656,63.68000030517578,63.689998626708984,63.689998626708984,9364
2021-10-08-14-09-00 GMT-0400,63.685001373291016,63.685001373291016,63.650001525878906,63.65999984741211,63.65999984741211,6876
2021-10-08-14-10-00 GMT-0400,63.650001525878906,63.654998779296875,63.63999938964844,63.650001525878906,63.650001525878906,3066
2021-10-08-14-11-00 GMT-0400,63.63999938964844,63.63999938964844,63.619998931884766,63.630001068115234,63.630001068115234,5823
2021-10-08-14-12-00 GMT-0400,63.632301330566406,63.68000030517578,63.63010025024414,63.63999938964844,63.63999938964844,17309
2021-10-08-14-13-00 GMT-0400,63.650001525878906,63.720001220703125,63.63999938964844,63.709999084472656,63.709999084472656,34322
2021-10-08-14-14-00 GMT-0400,63.709999084472656,63.7400016784668,63.70000076293945,63.724998474121094,63.724998474121094,17108
2021-10-08-14-15-00 GMT-0400,63.72999954223633,63.790000915527344,63.720001220703125,63.72999954223633,63.72999954223633,31910
2021-10-08-14-16-00 GMT-0400,63.7400016784668,63.755001068115234,63.720001220703125,63.755001068115234,63.755001068115234,26798
2021-10-08-14-17-00 GMT-0400,63.7599983215332,63.76499938964844,63.7400016784668,63.7599983215332,63.7599983215332,4563
2021-10-08-14-18-00 GMT-0400,63.76729965209961,63.779998779296875,63.754600524902344,63.779998779296875,63.779998779296875,8115
2021-10-08-14-19-00 GMT-0400,63.7599983215332,63.7599983215332,63.7400016784668,63.7400016784668,63.7400016784668,10865
2021-10-08-14-20-00 GMT-0400,63.744998931884766,63.7599983215332,63.7400016784668,63.7599983215332,63.7599983215332,3433
2021-10-08-14-21-00 GMT-0400,63.77000045776367,63.77000045776367,63.7599983215332,63.7599983215332,63.7599983215332,8279
2021-10-08-14-22-00 GMT-0400,63.7599983215332,63.790000915527344,63.7599983215332,63.78499984741211,63.78499984741211,5755
2021-10-08-14-23-00 GMT-0400,63.779998779296875,63.790000915527344,63.7599983215332,63.7599983215332,63.7599983215332,4942
2021-10-08-14-24-00 GMT-0400,63.7599983215332,63.794700622558594,63.7599983215332,63.794700622558594,63.794700622558594,2782
2021-10-08-14-25-00 GMT-0400,63.79999923706055,63.810001373291016,63.782100677490234,63.810001373291016,63.810001373291016,6661
2021-10-08-14-26-00 GMT-0400,63.81949996948242,63.84000015258789,63.79999923706055,63.810001373291016,63.810001373291016,9639
2021-10-08-14-27-00 GMT-0400,63.79999923706055,63.84000015258789,63.79999923706055,63.83000183105469,63.83000183105469,9699
2021-10-08-14-28-00 GMT-0400,63.84000015258789,63.84000015258789,63.810001373291016,63.81999969482422,63.81999969482422,11526
2021-10-08-14-29-00 GMT-0400,63.81999969482422,63.84000015258789,63.78499984741211,63.83000183105469,63.83000183105469,12444
2021-10-08-14-30-00 GMT-0400,63.83000183105469,63.83000183105469,63.80500030517578,63.810001373291016,63.810001373291016,5689
2021-10-08-14-31-00 GMT-0400,63.80500030517578,63.8650016784668,63.790000915527344,63.845001220703125,63.845001220703125,20325
2021-10-08-14-32-00 GMT-0400,63.83000183105469,63.845001220703125,63.810001373291016,63.845001220703125,63.845001220703125,8754
2021-10-08-14-33-00 GMT-0400,63.85499954223633,63.8849983215332,63.834999084472656,63.834999084472656,63.834999084472656,6747
2021-10-08-14-34-00 GMT-0400,63.834999084472656,63.84000015258789,63.83000183105469,63.83000183105469,63.83000183105469,5014
2021-10-08-14-35-00 GMT-0400,63.83000183105469,63.84000015258789,63.779998779296875,63.779998779296875,63.779998779296875,10384
2021-10-08-14-36-00 GMT-0400,63.779998779296875,63.79999923706055,63.755001068115234,63.7599983215332,63.7599983215332,12556
2021-10-08-14-37-00 GMT-0400,63.77000045776367,63.77000045776367,63.724998474121094,63.72999954223633,63.72999954223633,12835
2021-10-08-14-38-00 GMT-0400,63.7400016784668,63.77000045776367,63.7400016784668,63.7400016784668,63.7400016784668,14788
2021-10-08-14-39-00 GMT-0400,63.74470138549805,63.76499938964844,63.72999954223633,63.7599983215332,63.7599983215332,10103
2021-10-08-14-40-00 GMT-0400,63.75,63.755001068115234,63.72999954223633,63.755001068115234,63.755001068115234,12669
2021-10-08-14-41-00 GMT-0400,63.7599983215332,63.79999923706055,63.7599983215332,63.79499816894531,63.79499816894531,16342
2021-10-08-14-42-00 GMT-0400,63.79999923706055,63.812400817871094,63.779998779296875,63.790000915527344,63.790000915527344,4946
2021-10-08-14-43-00 GMT-0400,63.790000915527344,63.79999923706055,63.78499984741211,63.79999923706055,63.79999923706055,10809
2021-10-08-14-44-00 GMT-0400,63.79999923706055,63.79999923706055,63.779998779296875,63.78010177612305,63.78010177612305,4477
2021-10-08-14-45-00 GMT-0400,63.779998779296875,63.779998779296875,63.74300003051758,63.755001068115234,63.755001068115234,5262
2021-10-08-14-46-00 GMT-0400,63.755001068115234,63.79999923706055,63.755001068115234,63.79999923706055,63.79999923706055,19030
2021-10-08-14-47-00 GMT-0400,63.790000915527344,63.790000915527344,63.75,63.755001068115234,63.755001068115234,6052
2021-10-08-14-48-00 GMT-0400,63.75,63.79999923706055,63.75,63.79999923706055,63.79999923706055,15078
2021-10-08-14-49-00 GMT-0400,63.790000915527344,63.79999923706055,63.75,63.75,63.75,4433
2021-10-08-14-50-00 GMT-0400,63.75,63.779998779296875,63.75,63.779998779296875,63.779998779296875,43286
2021-10-08-14-51-00 GMT-0400,63.779998779296875,63.80500030517578,63.779998779296875,63.79999923706055,63.79999923706055,11805
2021-10-08-14-52-00 GMT-0400,63.79999923706055,63.79999923706055,63.790000915527344,63.790000915527344,63.790000915527344,5653
2021-10-08-14-53-00 GMT-0400,63.790000915527344,63.79610061645508,63.7599983215332,63.77000045776367,63.77000045776367,10894
2021-10-08-14-54-00 GMT-0400,63.77000045776367,63.77000045776367,63.72999954223633,63.7400016784668,63.7400016784668,14196
2021-10-08-14-55-00 GMT-0400,63.744998931884766,63.810001373291016,63.744998931884766,63.79999923706055,63.79999923706055,13446
2021-10-08-14-56-00 GMT-0400,63.790000915527344,63.810001373291016,63.77000045776367,63.77000045776367,63.77000045776367,6147
2021-10-08-14-57-00 GMT-0400,63.779998779296875,63.779998779296875,63.75,63.7599983215332,63.7599983215332,18327
2021-10-08-14-58-00 GMT-0400,63.7599983215332,63.779998779296875,63.7599983215332,63.779998779296875,63.779998779296875,4929
2021-10-08-14-59-00 GMT-0400,63.779998779296875,63.779998779296875,63.75,63.75,63.75,9385
2021-10-08-15-00-00 GMT-0400,63.7400016784668,63.810001373291016,63.73500061035156,63.810001373291016,63.810001373291016,13119
2021-10-08-15-01-00 GMT-0400,63.80500030517578,63.810001373291016,63.779998779296875,63.779998779296875,63.779998779296875,6459
2021-10-08-15-02-00 GMT-0400,63.779998779296875,63.790000915527344,63.72999954223633,63.7400016784668,63.7400016784668,8263
2021-10-08-15-03-00 GMT-0400,63.73500061035156,63.76499938964844,63.72010040283203,63.75,63.75,18272
2021-10-08-15-04-00 GMT-0400,63.75,63.79999923706055,63.75,63.78670120239258,63.78670120239258,13663
2021-10-08-15-05-00 GMT-0400,63.790000915527344,63.79999923706055,63.77000045776367,63.79999923706055,63.79999923706055,8387
2021-10-08-15-06-00 GMT-0400,63.79999923706055,63.83000183105469,63.79499816894531,63.83000183105469,63.83000183105469,6640
2021-10-08-15-07-00 GMT-0400,63.83000183105469,63.875,63.81999969482422,63.86000061035156,63.86000061035156,15283
2021-10-08-15-08-00 GMT-0400,63.849998474121094,63.849998474121094,63.84000015258789,63.84000015258789,63.84000015258789,4516
2021-10-08-15-09-00 GMT-0400,63.845001220703125,63.849998474121094,63.810001373291016,63.84000015258789,63.84000015258789,8816
2021-10-08-15-10-00 GMT-0400,63.84000015258789,63.84000015258789,63.81999969482422,63.834999084472656,63.834999084472656,9286
2021-10-08-15-11-00 GMT-0400,63.83000183105469,63.86149978637695,63.83000183105469,63.86149978637695,63.86149978637695,11089
2021-10-08-15-12-00 GMT-0400,63.86000061035156,63.86000061035156,63.810001373291016,63.810001373291016,63.810001373291016,9699
2021-10-08-15-13-00 GMT-0400,63.79999923706055,63.84000015258789,63.79999923706055,63.83000183105469,63.83000183105469,10818
2021-10-08-15-14-00 GMT-0400,63.83000183105469,63.83000183105469,63.810001373291016,63.81010055541992,63.81010055541992,6910
2021-10-08-15-15-00 GMT-0400,63.81999969482422,63.845001220703125,63.81999969482422,63.81999969482422,63.81999969482422,6063
2021-10-08-15-16-00 GMT-0400,63.81999969482422,63.81999969482422,63.77000045776367,63.78499984741211,63.78499984741211,6987
2021-10-08-15-17-00 GMT-0400,63.790000915527344,63.790000915527344,63.689998626708984,63.720001220703125,63.720001220703125,34531
2021-10-08-15-18-00 GMT-0400,63.71500015258789,63.75,63.66999816894531,63.744998931884766,63.744998931884766,23501
2021-10-08-15-19-00 GMT-0400,63.744998931884766,63.7599983215332,63.720001220703125,63.75,63.75,11073
2021-10-08-15-20-00 GMT-0400,63.75,63.75,63.709999084472656,63.709999084472656,63.709999084472656,23135
2021-10-08-15-21-00 GMT-0400,63.709999084472656,63.790000915527344,63.709999084472656,63.7400016784668,63.7400016784668,32525
2021-10-08-15-22-00 GMT-0400,63.75,63.7599983215332,63.72999954223633,63.75,63.75,8631
2021-10-08-15-23-00 GMT-0400,63.74919891357422,63.76499938964844,63.744998931884766,63.7599983215332,63.7599983215332,13430
2021-10-08-15-24-00 GMT-0400,63.754798889160156,63.7599983215332,63.720001220703125,63.7400016784668,63.7400016784668,29665
2021-10-08-15-25-00 GMT-0400,63.744998931884766,63.755001068115234,63.720001220703125,63.73500061035156,63.73500061035156,37060
2021-10-08-15-26-00 GMT-0400,63.7400016784668,63.790000915527344,63.7400016784668,63.779998779296875,63.779998779296875,10882
2021-10-08-15-27-00 GMT-0400,63.790000915527344,63.79499816894531,63.779998779296875,63.790000915527344,63.790000915527344,25077
2021-10-08-15-28-00 GMT-0400,63.790000915527344,63.790000915527344,63.730098724365234,63.75,63.75,5907
2021-10-08-15-29-00 GMT-0400,63.75,63.75,63.72999954223633,63.72999954223633,63.72999954223633,8378
2021-10-08-15-30-00 GMT-0400,63.7400016784668,63.75,63.71500015258789,63.724998474121094,63.724998474121094,35083
2021-10-08-15-31-00 GMT-0400,63.72999954223633,63.75,63.72999954223633,63.72999954223633,63.72999954223633,36707
2021-10-08-15-32-00 GMT-0400,63.72420120239258,63.755001068115234,63.619998931884766,63.63999938964844,63.63999938964844,67628
2021-10-08-15-33-00 GMT-0400,63.64500045776367,63.67499923706055,63.63999938964844,63.65999984741211,63.65999984741211,13084
2021-10-08-15-34-00 GMT-0400,63.67499923706055,63.72999954223633,63.67499923706055,63.720001220703125,63.720001220703125,26274
2021-10-08-15-35-00 GMT-0400,63.709999084472656,63.7400016784668,63.70000076293945,63.72999954223633,63.72999954223633,50908
2021-10-08-15-36-00 GMT-0400,63.73500061035156,63.73500061035156,63.665000915527344,63.689998626708984,63.689998626708984,65186
2021-10-08-15-37-00 GMT-0400,63.689998626708984,63.720001220703125,63.66999816894531,63.66999816894531,63.66999816894531,46325
2021-10-08-15-38-00 GMT-0400,63.679901123046875,63.724998474121094,63.67499923706055,63.71500015258789,63.71500015258789,26352
2021-10-08-15-39-00 GMT-0400,63.71500015258789,63.75,63.709999084472656,63.744998931884766,63.744998931884766,56665
2021-10-08-15-40-00 GMT-0400,63.7400016784668,63.7599983215332,63.720001220703125,63.73500061035156,63.73500061035156,17324
2021-10-08-15-41-00 GMT-0400,63.73500061035156,63.7599983215332,63.730098724365234,63.732200622558594,63.732200622558594,13894
2021-10-08-15-42-00 GMT-0400,63.72999954223633,63.75,63.720001220703125,63.72999954223633,63.72999954223633,32048
2021-10-08-15-43-00 GMT-0400,63.72999954223633,63.75,63.720001220703125,63.744998931884766,63.744998931884766,65636
2021-10-08-15-44-00 GMT-0400,63.744998931884766,63.744998931884766,63.72999954223633,63.744998931884766,63.744998931884766,19746
2021-10-08-15-45-00 GMT-0400,63.7400016784668,63.7400016784668,63.72200012207031,63.73500061035156,63.73500061035156,31688
2021-10-08-15-46-00 GMT-0400,63.73500061035156,63.76900100708008,63.73500061035156,63.75,63.75,28265
2021-10-08-15-47-00 GMT-0400,63.74420166015625,63.7599983215332,63.742000579833984,63.75,63.75,10014
2021-10-08-15-48-00 GMT-0400,63.755001068115234,63.755001068115234,63.720001220703125,63.73500061035156,63.73500061035156,24558
2021-10-08-15-49-00 GMT-0400,63.73500061035156,63.73500061035156,63.66999816894531,63.68000030517578,63.68000030517578,91571
2021-10-08-15-50-00 GMT-0400,63.650001525878906,63.689998626708984,63.595001220703125,63.685001373291016,63.685001373291016,271157
2021-10-08-15-51-00 GMT-0400,63.689998626708984,63.689998626708984,63.57500076293945,63.64500045776367,63.64500045776367,148315
2021-10-08-15-52-00 GMT-0400,63.650001525878906,63.689998626708984,63.6349983215332,63.68000030517578,63.68000030517578,69987
2021-10-08-15-53-00 GMT-0400,63.68000030517578,63.72999954223633,63.665000915527344,63.69499969482422,63.69499969482422,81241
2021-10-08-15-54-00 GMT-0400,63.689998626708984,63.72999954223633,63.685001373291016,63.709999084472656,63.709999084472656,92603
2021-10-08-15-55-00 GMT-0400,63.70000076293945,63.71500015258789,63.67499923706055,63.70000076293945,63.70000076293945,59055
2021-10-08-15-56-00 GMT-0400,63.70000076293945,63.724998474121094,63.68000030517578,63.709999084472656,63.709999084472656,107915
2021-10-08-15-57-00 GMT-0400,63.70000076293945,63.75,63.70000076293945,63.7400016784668,63.7400016784668,97455
2021-10-08-15-58-00 GMT-0400,63.72999954223633,63.744998931884766,63.689998626708984,63.70000076293945,63.70000076293945,77848
2021-10-08-15-59-00 GMT-0400,63.70000076293945,63.709999084472656,63.650001525878906,63.68000030517578,63.68000030517578,92679
2021-10-08-16-00-00 GMT-0400,63.675,63.85,63.56,63.84,63.84,0
2021-10-08-16-01-00 GMT-0400,63.68,63.86,63.55,63.55,63.55,0
2021-10-08-16-02-00 GMT-0400,63.78,63.8,63.56,63.68,63.68,8013886
2021-10-08-16-03-00 GMT-0400,63.58,63.625,63.58,63.625,63.625,0
2021-10-08-16-04-00 GMT-0400,63.68,63.68,63.68,63.68,63.68,0
2021-10-08-16-05-00 GMT-0400,63.63,63.68,63.57,63.57,63.57,0
2021-10-08-16-07-00 GMT-0400,63.625,63.625,63.57,63.57,63.57,0
2021-10-08-16-08-00 GMT-0400,63.58,63.66,63.57,63.62,63.62,0
2021-10-08-16-09-00 GMT-0400,63.68,63.68,63.56,63.56,63.56,0
2021-10-08-16-13-00 GMT-0400,63.62,63.62,63.56,63.62,63.62,0
2021-10-08-16-14-00 GMT-0400,63.58,63.6794,63.56,63.6794,63.6794,0
2021-10-08-16-15-00 GMT-0400,63.64,63.68,63.62,63.68,63.68,0
2021-10-08-16-16-00 GMT-0400,63.68,63.68,63.62,63.67,63.67,0
2021-10-08-16-18-00 GMT-0400,63.56,63.62,63.56,63.58,63.58,0
2021-10-08-16-20-00 GMT-0400,63.58,63.837578,63.58,63.837578,63.837578,0
2021-10-08-16-21-00 GMT-0400,63.56,63.62,63.56,63.62,63.62,0
2021-10-08-16-22-00 GMT-0400,63.56,63.56,63.56,63.56,63.56,0
2021-10-08-16-24-00 GMT-0400,63.62,63.62,63.58,63.62,63.62,0
2021-10-08-16-25-00 GMT-0400,63.58,63.68,63.58,63.68,63.68,0
2021-10-08-16-26-00 GMT-0400,63.62,63.67,63.62,63.67,63.67,0
2021-10-08-16-27-00 GMT-0400,63.65,63.665,63.65,63.65,63.65,0
2021-10-08-16-31-00 GMT-0400,63.625,63.68,63.625,63.625,63.625,0
2021-10-08-16-32-00 GMT-0400,63.57,63.57,63.57,63.57,63.57,0
2021-10-08-16-35-00 GMT-0400,63.63,63.63,63.58,63.58,63.58,0
2021-10-08-16-38-00 GMT-0400,63.67,63.67,63.59,63.59,63.59,0
2021-10-08-16-39-00 GMT-0400,63.635,63.635,63.635,63.635,63.635,0
2021-10-08-16-42-00 GMT-0400,63.68,63.68,63.65,63.65,63.65,0
2021-10-08-16-44-00 GMT-0400,63.6,63.6,63.6,63.6,63.6,0
2021-10-08-16-45-00 GMT-0400,63.65,63.65,63.61,63.61,63.61,0
2021-10-08-16-46-00 GMT-0400,63.68,63.68,63.64,63.64,63.64,0
2021-10-08-16-47-00 GMT-0400,63.64,63.64,63.6,63.6,63.6,0
2021-10-08-16-49-00 GMT-0400,63.64,63.64,63.64,63.64,63.64,0
2021-10-08-16-50-00 GMT-0400,63.61,63.68,63.61,63.68,63.68,0
2021-10-08-16-53-00 GMT-0400,63.61,63.615,63.56,63.615,63.615,0
2021-10-08-16-55-00 GMT-0400,63.65,63.65,63.56,63.615,63.615,0
2021-10-08-16-56-00 GMT-0400,63.56,63.64,63.56,63.615,63.615,0
2021-10-08-16-57-00 GMT-0400,63.56,63.68,63.56,63.68,63.68,0
2021-10-08-17-00-00 GMT-0400,63.58,63.58,63.56,63.56,63.56,0
2021-10-08-17-03-00 GMT-0400,63.62,63.64,63.62,63.64,63.64,0
2021-10-08-17-05-00 GMT-0400,63.64,63.68,63.56,63.62,63.62,0
2021-10-08-17-12-00 GMT-0400,63.58,63.64,63.58,63.64,63.64,0
2021-10-08-17-14-00 GMT-0400,63.63,63.63,63.62,63.62,63.62,0
2021-10-08-17-17-00 GMT-0400,63.68,63.68,63.62,63.62,63.62,0
2021-10-08-17-20-00 GMT-0400,63.59,63.66,63.59,63.59,63.59,0
2021-10-08-17-22-00 GMT-0400,63.59,63.68,63.59,63.6,63.6,0
2021-10-08-17-26-00 GMT-0400,63.59,63.635,63.59,63.635,63.635,0
2021-10-08-17-30-00 GMT-0400,63.6,63.64,63.6,63.64,63.64,0
2021-10-08-17-35-00 GMT-0400,63.61,63.64,63.6,63.6,63.6,0
2021-10-08-17-40-00 GMT-0400,63.63,63.64,63.63,63.64,63.64,0
2021-10-08-17-41-00 GMT-0400,63.64,63.68,63.61,63.68,63.68,0
2021-10-08-17-45-00 GMT-0400,63.6,63.62,63.6,63.62,63.62,0
2021-10-08-17-56-00 GMT-0400,63.64,63.64,63.63,63.64,63.64,0
2021-10-08-18-19-00 GMT-0400,63.6001,63.6001,63.6001,63.6001,63.6001,0
2021-10-08-19-03-00 GMT-0400,63.61,63.61,63.6,63.6,63.6,0
