Datetime,Open,High,Low,Close,Adj Close,Volume
2021-07-22-04-00-00 GMT-0400,47.71,47.71,47.0,47.0,47.0,0
2021-07-22-04-01-00 GMT-0400,47.8,47.8,47.8,47.8,47.8,0
2021-07-22-04-02-00 GMT-0400,47.7,47.7,47.7,47.7,47.7,0
2021-07-22-04-03-00 GMT-0400,47.49,47.8,47.46,47.8,47.8,0
2021-07-22-04-04-00 GMT-0400,47.75,47.75,47.75,47.75,47.75,0
2021-07-22-04-06-00 GMT-0400,47.52,47.52,47.51,47.51,47.51,0
2021-07-22-04-27-00 GMT-0400,47.8,47.8,47.79,47.79,47.79,0
2021-07-22-04-28-00 GMT-0400,47.79,47.79,47.75,47.75,47.75,0
2021-07-22-04-30-00 GMT-0400,47.79,47.79,47.79,47.79,47.79,0
2021-07-22-04-34-00 GMT-0400,47.74,47.74,47.74,47.74,47.74,0
2021-07-22-04-41-00 GMT-0400,47.73,47.73,47.73,47.73,47.73,0
2021-07-22-04-52-00 GMT-0400,47.62,47.62,47.49,47.49,47.49,0
2021-07-22-05-02-00 GMT-0400,47.64,47.64,47.64,47.64,47.64,0
2021-07-22-05-10-00 GMT-0400,47.67,47.67,47.64,47.64,47.64,0
2021-07-22-05-14-00 GMT-0400,47.64,47.66,47.64,47.64,47.64,0
2021-07-22-05-15-00 GMT-0400,47.54,47.55,47.52,47.52,47.52,0
2021-07-22-05-23-00 GMT-0400,47.56,47.56,47.54,47.54,47.54,0
2021-07-22-05-28-00 GMT-0400,47.67,47.72,47.64,47.64,47.64,0
2021-07-22-05-45-00 GMT-0400,47.62,47.62,47.62,47.62,47.62,0
2021-07-22-06-05-00 GMT-0400,47.6,47.61,47.6,47.61,47.61,0
2021-07-22-06-10-00 GMT-0400,47.53,47.53,47.52,47.52,47.52,0
2021-07-22-06-15-00 GMT-0400,47.52,47.52,47.45,47.49,47.49,0
2021-07-22-06-19-00 GMT-0400,47.4,47.41,47.4,47.4,47.4,0
2021-07-22-06-25-00 GMT-0400,47.49,47.5,47.49,47.5,47.5,0
2021-07-22-06-27-00 GMT-0400,47.49,47.49,47.49,47.49,47.49,0
2021-07-22-06-28-00 GMT-0400,47.4,47.4,47.4,47.4,47.4,0
2021-07-22-06-44-00 GMT-0400,47.48,47.51,47.48,47.5,47.5,0
2021-07-22-06-54-00 GMT-0400,47.5,47.6,47.5,47.5,47.5,0
2021-07-22-07-00-00 GMT-0400,47.52,47.55,47.49,47.52,47.52,0
2021-07-22-07-05-00 GMT-0400,47.48,47.5,47.48,47.5,47.5,0
2021-07-22-07-06-00 GMT-0400,47.48,47.48,47.48,47.48,47.48,0
2021-07-22-07-07-00 GMT-0400,47.48,47.49,47.48,47.49,47.49,0
2021-07-22-07-10-00 GMT-0400,47.48,47.48,47.43,47.43,47.43,0
2021-07-22-07-11-00 GMT-0400,47.45,47.48,47.43,47.43,47.43,0
2021-07-22-07-13-00 GMT-0400,47.4,47.4,47.33,47.33,47.33,0
2021-07-22-07-14-00 GMT-0400,47.33,47.33,47.33,47.33,47.33,0
2021-07-22-07-31-00 GMT-0400,47.29,47.29,47.25,47.25,47.25,0
2021-07-22-07-36-00 GMT-0400,47.27,47.29,47.27,47.29,47.29,0
2021-07-22-07-38-00 GMT-0400,47.28,47.28,47.21,47.21,47.21,0
2021-07-22-07-41-00 GMT-0400,47.27,47.27,47.27,47.27,47.27,0
2021-07-22-07-52-00 GMT-0400,47.21,47.25,47.21,47.25,47.25,0
2021-07-22-07-56-00 GMT-0400,47.24,47.27,47.24,47.27,47.27,0
2021-07-22-08-00-00 GMT-0400,47.2,47.5,47.15,47.27,47.27,0
2021-07-22-08-06-00 GMT-0400,47.23,47.23,47.2,47.2,47.2,0
2021-07-22-08-08-00 GMT-0400,47.15,47.17,47.1101,47.1101,47.1101,0
2021-07-22-08-09-00 GMT-0400,47.11,47.21,47.11,47.21,47.21,0
2021-07-22-08-10-00 GMT-0400,47.2,47.21,47.2,47.21,47.21,0
2021-07-22-08-13-00 GMT-0400,47.18,47.19,47.16,47.19,47.19,0
2021-07-22-08-15-00 GMT-0400,47.2,47.2,47.17,47.17,47.17,0
2021-07-22-08-16-00 GMT-0400,47.17,47.17,47.11,47.11,47.11,0
2021-07-22-08-17-00 GMT-0400,47.17,47.17,47.16,47.16,47.16,0
2021-07-22-08-21-00 GMT-0400,47.11,47.13,47.09,47.09,47.09,0
2021-07-22-08-26-00 GMT-0400,47.12,47.12,47.12,47.12,47.12,0
2021-07-22-08-27-00 GMT-0400,47.19,47.2,47.13,47.13,47.13,0
2021-07-22-08-29-00 GMT-0400,47.13,47.13,47.13,47.13,47.13,0
2021-07-22-08-31-00 GMT-0400,47.13,47.18,47.13,47.18,47.18,0
2021-07-22-08-33-00 GMT-0400,47.52,47.52,47.19,47.19,47.19,0
2021-07-22-08-34-00 GMT-0400,47.19,47.19,47.15,47.15,47.15,0
2021-07-22-08-35-00 GMT-0400,47.11,47.15,47.06,47.15,47.15,0
2021-07-22-08-36-00 GMT-0400,47.13,47.13,46.99,47.04,47.04,0
2021-07-22-08-37-00 GMT-0400,46.97,47.0,46.97,47.0,47.0,0
2021-07-22-08-38-00 GMT-0400,47.0,47.04,47.0,47.04,47.04,0
2021-07-22-08-40-00 GMT-0400,46.98,47.02,46.9,46.99,46.99,0
2021-07-22-08-41-00 GMT-0400,46.94,46.94,46.94,46.94,46.94,0
2021-07-22-08-43-00 GMT-0400,46.92,46.95,46.92,46.95,46.95,0
2021-07-22-08-45-00 GMT-0400,46.93,47.0,46.9201,46.94,46.94,0
2021-07-22-08-46-00 GMT-0400,46.93,46.93,46.8,46.87,46.87,0
2021-07-22-08-47-00 GMT-0400,46.87,46.93,46.87,46.93,46.93,0
2021-07-22-08-48-00 GMT-0400,47.0,47.0,46.93,46.93,46.93,0
2021-07-22-08-50-00 GMT-0400,47.02,47.02,47.02,47.02,47.02,0
2021-07-22-08-51-00 GMT-0400,47.03,47.11,47.02,47.11,47.11,0
2021-07-22-08-52-00 GMT-0400,47.14,47.2,47.12,47.2,47.2,0
2021-07-22-08-53-00 GMT-0400,47.2,47.25,47.2,47.21,47.21,0
2021-07-22-08-54-00 GMT-0400,47.25,47.25,47.21,47.21,47.21,0
2021-07-22-08-55-00 GMT-0400,47.2,47.2,47.14,47.14,47.14,0
2021-07-22-08-59-00 GMT-0400,47.14,47.15,47.14,47.15,47.15,0
2021-07-22-09-00-00 GMT-0400,47.15,47.15,47.14,47.14,47.14,0
2021-07-22-09-01-00 GMT-0400,47.2,47.6,47.0,47.6,47.6,0
2021-07-22-09-02-00 GMT-0400,47.5999,47.92,47.51,47.79,47.79,0
2021-07-22-09-03-00 GMT-0400,47.7999,47.8,47.0,47.08,47.08,0
2021-07-22-09-04-00 GMT-0400,47.08,47.22,47.0,47.21,47.21,0
2021-07-22-09-05-00 GMT-0400,47.39,47.39,47.09,47.2,47.2,0
2021-07-22-09-06-00 GMT-0400,47.2,47.2,47.09,47.13,47.13,0
2021-07-22-09-07-00 GMT-0400,47.1,47.13,46.99,47.06,47.06,0
2021-07-22-09-08-00 GMT-0400,47.01,47.15,46.95,47.15,47.15,0
2021-07-22-09-09-00 GMT-0400,47.05,47.15,47.02,47.02,47.02,0
2021-07-22-09-10-00 GMT-0400,47.09,47.45,47.09,47.45,47.45,0
2021-07-22-09-11-00 GMT-0400,47.45,47.5,47.42,47.42,47.42,0
2021-07-22-09-12-00 GMT-0400,47.34,47.38,47.2,47.38,47.38,0
2021-07-22-09-13-00 GMT-0400,47.37,47.37,47.21,47.24,47.24,0
2021-07-22-09-14-00 GMT-0400,47.24,47.25,47.21,47.25,47.25,0
2021-07-22-09-30-00 GMT-0400,47.70000076293945,47.75,47.54999923706055,47.66999816894531,47.66999816894531,376154
2021-07-22-09-31-00 GMT-0400,47.619998931884766,47.7400016784668,47.59000015258789,47.689998626708984,47.689998626708984,46204
2021-07-22-09-32-00 GMT-0400,47.685001373291016,47.86000061035156,47.540000915527344,47.55500030517578,47.55500030517578,82798
2021-07-22-09-33-00 GMT-0400,47.560001373291016,47.65999984741211,47.540000915527344,47.59000015258789,47.59000015258789,38338
2021-07-22-09-34-00 GMT-0400,47.56999969482422,47.7400016784668,47.560001373291016,47.689998626708984,47.689998626708984,27788
2021-07-22-09-35-00 GMT-0400,47.720001220703125,47.75,47.58000183105469,47.58000183105469,47.58000183105469,51705
2021-07-22-09-36-00 GMT-0400,47.58000183105469,47.7599983215332,47.58000183105469,47.63999938964844,47.63999938964844,67042
2021-07-22-09-37-00 GMT-0400,47.650001525878906,47.709999084472656,47.41999816894531,47.43000030517578,47.43000030517578,59334
2021-07-22-09-38-00 GMT-0400,47.41999816894531,47.5,47.27000045776367,47.3922004699707,47.3922004699707,46937
2021-07-22-09-39-00 GMT-0400,47.400001525878906,47.599998474121094,47.369998931884766,47.599998474121094,47.599998474121094,39802
2021-07-22-09-40-00 GMT-0400,47.58000183105469,47.59000015258789,47.41999816894531,47.43000030517578,47.43000030517578,31287
2021-07-22-09-41-00 GMT-0400,47.4359016418457,47.45000076293945,47.314998626708984,47.400001525878906,47.400001525878906,26524
2021-07-22-09-42-00 GMT-0400,47.399898529052734,47.499900817871094,47.380001068115234,47.45009994506836,47.45009994506836,24596
2021-07-22-09-43-00 GMT-0400,47.45500183105469,47.560001373291016,47.44599914550781,47.5099983215332,47.5099983215332,23707
2021-07-22-09-44-00 GMT-0400,47.5,47.63999938964844,47.470001220703125,47.61000061035156,47.61000061035156,41490
2021-07-22-09-45-00 GMT-0400,47.59000015258789,47.61000061035156,47.525001525878906,47.56999969482422,47.56999969482422,28559
2021-07-22-09-46-00 GMT-0400,47.59000015258789,47.59600067138672,47.439998626708984,47.470001220703125,47.470001220703125,22803
2021-07-22-09-47-00 GMT-0400,47.47999954223633,47.529998779296875,47.404998779296875,47.439998626708984,47.439998626708984,47154
2021-07-22-09-48-00 GMT-0400,47.439998626708984,47.4900016784668,47.41999816894531,47.41999816894531,47.41999816894531,26499
2021-07-22-09-49-00 GMT-0400,47.400001525878906,47.415000915527344,47.33000183105469,47.39500045776367,47.39500045776367,23228
2021-07-22-09-50-00 GMT-0400,47.400001525878906,47.54499816894531,47.400001525878906,47.47999954223633,47.47999954223633,45944
2021-07-22-09-51-00 GMT-0400,47.474998474121094,47.4900016784668,47.2599983215332,47.26499938964844,47.26499938964844,45806
2021-07-22-09-52-00 GMT-0400,47.26169967651367,47.37990188598633,47.25,47.34000015258789,47.34000015258789,52056
2021-07-22-09-53-00 GMT-0400,47.33000183105469,47.34000015258789,47.279998779296875,47.310001373291016,47.310001373291016,30787
2021-07-22-09-54-00 GMT-0400,47.29999923706055,47.3650016784668,47.275001525878906,47.349998474121094,47.349998474121094,35899
2021-07-22-09-55-00 GMT-0400,47.345001220703125,47.46500015258789,47.310001373291016,47.46500015258789,47.46500015258789,36185
2021-07-22-09-56-00 GMT-0400,47.46500015258789,47.59000015258789,47.46500015258789,47.58000183105469,47.58000183105469,58844
2021-07-22-09-57-00 GMT-0400,47.56999969482422,47.660099029541016,47.55500030517578,47.660099029541016,47.660099029541016,52305
2021-07-22-09-58-00 GMT-0400,47.665000915527344,47.66999816894531,47.5099983215332,47.51499938964844,47.51499938964844,39388
2021-07-22-09-59-00 GMT-0400,47.51860046386719,47.52000045776367,47.38999938964844,47.47999954223633,47.47999954223633,53082
2021-07-22-10-00-00 GMT-0400,47.4900016784668,47.779998779296875,47.474998474121094,47.66999816894531,47.66999816894531,91713
2021-07-22-10-01-00 GMT-0400,47.66999816894531,47.72999954223633,47.65999984741211,47.70000076293945,47.70000076293945,28439
2021-07-22-10-02-00 GMT-0400,47.70000076293945,47.709999084472656,47.60499954223633,47.619998931884766,47.619998931884766,37780
2021-07-22-10-03-00 GMT-0400,47.6349983215332,47.65999984741211,47.59000015258789,47.594200134277344,47.594200134277344,20044
2021-07-22-10-04-00 GMT-0400,47.59000015258789,47.630001068115234,47.525001525878906,47.54999923706055,47.54999923706055,20502
2021-07-22-10-05-00 GMT-0400,47.54999923706055,47.630001068115234,47.54999923706055,47.619998931884766,47.619998931884766,18208
2021-07-22-10-06-00 GMT-0400,47.61819839477539,47.630001068115234,47.57500076293945,47.57500076293945,47.57500076293945,16090
2021-07-22-10-07-00 GMT-0400,47.560001373291016,47.560001373291016,47.48500061035156,47.54970169067383,47.54970169067383,29282
2021-07-22-10-08-00 GMT-0400,47.560001373291016,47.58000183105469,47.47999954223633,47.47999954223633,47.47999954223633,26135
2021-07-22-10-09-00 GMT-0400,47.4900016784668,47.529998779296875,47.45500183105469,47.4900016784668,47.4900016784668,33723
2021-07-22-10-10-00 GMT-0400,47.51599884033203,47.560001373291016,47.48500061035156,47.48500061035156,47.48500061035156,27870
2021-07-22-10-11-00 GMT-0400,47.47999954223633,47.58000183105469,47.45000076293945,47.568199157714844,47.568199157714844,61954
2021-07-22-10-12-00 GMT-0400,47.560001373291016,47.724998474121094,47.560001373291016,47.70000076293945,47.70000076293945,81649
2021-07-22-10-13-00 GMT-0400,47.709999084472656,47.775001525878906,47.68000030517578,47.77000045776367,47.77000045776367,41051
2021-07-22-10-14-00 GMT-0400,47.77000045776367,47.81999969482422,47.689998626708984,47.76499938964844,47.76499938964844,64152
2021-07-22-10-15-00 GMT-0400,47.77000045776367,47.810001373291016,47.752498626708984,47.752498626708984,47.752498626708984,34719
2021-07-22-10-16-00 GMT-0400,47.755001068115234,47.79499816894531,47.7400016784668,47.772499084472656,47.772499084472656,31880
2021-07-22-10-17-00 GMT-0400,47.77000045776367,47.84000015258789,47.7599983215332,47.80500030517578,47.80500030517578,58022
2021-07-22-10-18-00 GMT-0400,47.79999923706055,47.80500030517578,47.70000076293945,47.75,47.75,28040
2021-07-22-10-19-00 GMT-0400,47.75,47.779998779296875,47.73500061035156,47.7400016784668,47.7400016784668,17675
2021-07-22-10-20-00 GMT-0400,47.7400016784668,47.7400016784668,47.70000076293945,47.71500015258789,47.71500015258789,18226
2021-07-22-10-21-00 GMT-0400,47.720001220703125,47.75,47.70000076293945,47.70000076293945,47.70000076293945,33140
2021-07-22-10-22-00 GMT-0400,47.69499969482422,47.720001220703125,47.619998931884766,47.66999816894531,47.66999816894531,40696
2021-07-22-10-23-00 GMT-0400,47.665000915527344,47.709999084472656,47.650001525878906,47.70989990234375,47.70989990234375,22575
2021-07-22-10-24-00 GMT-0400,47.709999084472656,47.73500061035156,47.65999984741211,47.66830062866211,47.66830062866211,27127
2021-07-22-10-25-00 GMT-0400,47.660301208496094,47.72999954223633,47.650001525878906,47.709999084472656,47.709999084472656,20161
2021-07-22-10-26-00 GMT-0400,47.70500183105469,47.7599983215332,47.70500183105469,47.720001220703125,47.720001220703125,20244
2021-07-22-10-27-00 GMT-0400,47.720001220703125,47.849998474121094,47.709999084472656,47.834999084472656,47.834999084472656,49526
2021-07-22-10-28-00 GMT-0400,47.834999084472656,47.89500045776367,47.83000183105469,47.880001068115234,47.880001068115234,43345
2021-07-22-10-29-00 GMT-0400,47.869998931884766,47.869998931884766,47.81999969482422,47.83000183105469,47.83000183105469,45904
2021-07-22-10-30-00 GMT-0400,47.81999969482422,47.95000076293945,47.78860092163086,47.89500045776367,47.89500045776367,86576
2021-07-22-10-31-00 GMT-0400,47.88999938964844,47.915000915527344,47.810001373291016,47.83000183105469,47.83000183105469,37433
2021-07-22-10-32-00 GMT-0400,47.82500076293945,47.834999084472656,47.7599983215332,47.810001373291016,47.810001373291016,20332
2021-07-22-10-33-00 GMT-0400,47.810001373291016,47.85499954223633,47.75,47.84000015258789,47.84000015258789,20893
2021-07-22-10-34-00 GMT-0400,47.83150100708008,47.86000061035156,47.81999969482422,47.84000015258789,47.84000015258789,30133
2021-07-22-10-35-00 GMT-0400,47.83000183105469,47.834999084472656,47.775001525878906,47.790000915527344,47.790000915527344,18939
2021-07-22-10-36-00 GMT-0400,47.810001373291016,47.880001068115234,47.779998779296875,47.86000061035156,47.86000061035156,15894
2021-07-22-10-37-00 GMT-0400,47.85499954223633,47.90999984741211,47.84000015258789,47.900001525878906,47.900001525878906,17517
2021-07-22-10-38-00 GMT-0400,47.89500045776367,47.900001525878906,47.814998626708984,47.814998626708984,47.814998626708984,16140
2021-07-22-10-39-00 GMT-0400,47.8120002746582,47.83000183105469,47.78499984741211,47.790000915527344,47.790000915527344,22079
2021-07-22-10-40-00 GMT-0400,47.790000915527344,47.79499816894531,47.744998931884766,47.76499938964844,47.76499938964844,21419
2021-07-22-10-41-00 GMT-0400,47.77000045776367,47.790000915527344,47.7599983215332,47.77000045776367,47.77000045776367,6749
2021-07-22-10-42-00 GMT-0400,47.7599983215332,47.779998779296875,47.72999954223633,47.77000045776367,47.77000045776367,10493
2021-07-22-10-43-00 GMT-0400,47.77000045776367,47.78499984741211,47.75699996948242,47.75699996948242,47.75699996948242,8997
2021-07-22-10-44-00 GMT-0400,47.75,47.75,47.685001373291016,47.689998626708984,47.689998626708984,29967
2021-07-22-10-45-00 GMT-0400,47.68000030517578,47.70000076293945,47.59000015258789,47.59920120239258,47.59920120239258,29260
2021-07-22-10-46-00 GMT-0400,47.599998474121094,47.68000030517578,47.599998474121094,47.630001068115234,47.630001068115234,31400
2021-07-22-10-47-00 GMT-0400,47.625,47.650001525878906,47.60499954223633,47.64500045776367,47.64500045776367,15627
2021-07-22-10-48-00 GMT-0400,47.63999938964844,47.63999938964844,47.60300064086914,47.61000061035156,47.61000061035156,5021
2021-07-22-10-49-00 GMT-0400,47.599998474121094,47.619998931884766,47.58000183105469,47.619998931884766,47.619998931884766,20764
2021-07-22-10-50-00 GMT-0400,47.61000061035156,47.63999938964844,47.57500076293945,47.57500076293945,47.57500076293945,17655
2021-07-22-10-51-00 GMT-0400,47.57500076293945,47.584999084472656,47.560001373291016,47.584999084472656,47.584999084472656,11623
2021-07-22-10-53-00 GMT-0400,47.584999084472656,47.58720016479492,47.540000915527344,47.55500030517578,47.55500030517578,64406
2021-07-22-10-54-00 GMT-0400,47.55500030517578,47.560001373291016,47.54999923706055,47.560001373291016,47.560001373291016,3750
2021-07-22-10-56-00 GMT-0400,47.5,47.529998779296875,47.5,47.525001525878906,47.525001525878906,91938
2021-07-22-10-57-00 GMT-0400,47.525001525878906,47.540000915527344,47.5099983215332,47.51499938964844,47.51499938964844,21153
2021-07-22-10-58-00 GMT-0400,47.51789855957031,47.540000915527344,47.470001220703125,47.470001220703125,47.470001220703125,11723
2021-07-22-10-59-00 GMT-0400,47.470001220703125,47.4900016784668,47.45500183105469,47.47999954223633,47.47999954223633,19210
2021-07-22-11-00-00 GMT-0400,47.47999954223633,47.529998779296875,47.459999084472656,47.529998779296875,47.529998779296875,18067
2021-07-22-11-01-00 GMT-0400,47.529998779296875,47.57500076293945,47.505001068115234,47.50699996948242,47.50699996948242,30336
2021-07-22-11-02-00 GMT-0400,47.5099983215332,47.52000045776367,47.474998474121094,47.474998474121094,47.474998474121094,21254
2021-07-22-11-03-00 GMT-0400,47.474998474121094,47.5,47.474998474121094,47.4900016784668,47.4900016784668,24258
2021-07-22-11-04-00 GMT-0400,47.4900016784668,47.4900016784668,47.470001220703125,47.470001220703125,47.470001220703125,13247
2021-07-22-11-05-00 GMT-0400,47.47570037841797,47.475799560546875,47.40999984741211,47.41999816894531,47.41999816894531,26607
2021-07-22-11-06-00 GMT-0400,47.40999984741211,47.40999984741211,47.34000015258789,47.349998474121094,47.349998474121094,54877
2021-07-22-11-07-00 GMT-0400,47.34000015258789,47.369998931884766,47.29999923706055,47.334999084472656,47.334999084472656,92505
2021-07-22-11-08-00 GMT-0400,47.33769989013672,47.349998474121094,47.32229995727539,47.334999084472656,47.334999084472656,27378
2021-07-22-11-09-00 GMT-0400,47.32820129394531,47.34000015258789,47.275001525878906,47.303001403808594,47.303001403808594,48351
2021-07-22-11-10-00 GMT-0400,47.29999923706055,47.29999923706055,47.244998931884766,47.27000045776367,47.27000045776367,22602
2021-07-22-11-11-00 GMT-0400,47.26499938964844,47.275001525878906,47.2400016784668,47.25,47.25,29906
2021-07-22-11-12-00 GMT-0400,47.255001068115234,47.31010055541992,47.255001068115234,47.28499984741211,47.28499984741211,17616
2021-07-22-11-13-00 GMT-0400,47.28499984741211,47.290000915527344,47.2401008605957,47.2599983215332,47.2599983215332,12963
2021-07-22-11-14-00 GMT-0400,47.26499938964844,47.310001373291016,47.26499938964844,47.29999923706055,47.29999923706055,17987
2021-07-22-11-15-00 GMT-0400,47.310001373291016,47.31999969482422,47.28499984741211,47.28990173339844,47.28990173339844,16290
2021-07-22-11-16-00 GMT-0400,47.28710174560547,47.30500030517578,47.25,47.290000915527344,47.290000915527344,22507
2021-07-22-11-17-00 GMT-0400,47.29499816894531,47.369998931884766,47.279998779296875,47.369998931884766,47.369998931884766,29523
2021-07-22-11-18-00 GMT-0400,47.369998931884766,47.43000030517578,47.349998474121094,47.380001068115234,47.380001068115234,38306
2021-07-22-11-19-00 GMT-0400,47.38999938964844,47.419898986816406,47.382999420166016,47.400001525878906,47.400001525878906,16996
2021-07-22-11-20-00 GMT-0400,47.40999984741211,47.45000076293945,47.400001525878906,47.43000030517578,47.43000030517578,28401
2021-07-22-11-21-00 GMT-0400,47.41999816894531,47.41999816894531,47.380001068115234,47.3849983215332,47.3849983215332,10894
2021-07-22-11-22-00 GMT-0400,47.3849983215332,47.3849983215332,47.320499420166016,47.349998474121094,47.349998474121094,19142
2021-07-22-11-23-00 GMT-0400,47.349998474121094,47.380001068115234,47.34000015258789,47.369998931884766,47.369998931884766,10986
2021-07-22-11-24-00 GMT-0400,47.380001068115234,47.439998626708984,47.380001068115234,47.439998626708984,47.439998626708984,15423
2021-07-22-11-25-00 GMT-0400,47.439998626708984,47.459999084472656,47.41999816894531,47.42499923706055,47.42499923706055,19680
2021-07-22-11-26-00 GMT-0400,47.41999816894531,47.41999816894531,47.375,47.400001525878906,47.400001525878906,10552
2021-07-22-11-27-00 GMT-0400,47.38999938964844,47.400001525878906,47.34000015258789,47.349998474121094,47.349998474121094,9212
2021-07-22-11-28-00 GMT-0400,47.349998474121094,47.40999984741211,47.349998474121094,47.400001525878906,47.400001525878906,8565
2021-07-22-11-29-00 GMT-0400,47.400001525878906,47.43000030517578,47.380001068115234,47.42499923706055,47.42499923706055,13087
2021-07-22-11-30-00 GMT-0400,47.42679977416992,47.45000076293945,47.41999816894531,47.42499923706055,47.42499923706055,13389
2021-07-22-11-31-00 GMT-0400,47.41999816894531,47.45000076293945,47.400001525878906,47.4359016418457,47.4359016418457,9644
2021-07-22-11-32-00 GMT-0400,47.435001373291016,47.459999084472656,47.435001373291016,47.45989990234375,47.45989990234375,10709
2021-07-22-11-33-00 GMT-0400,47.45500183105469,47.49700164794922,47.45500183105469,47.48500061035156,47.48500061035156,13200
2021-07-22-11-34-00 GMT-0400,47.47999954223633,47.5,47.46500015258789,47.46500015258789,47.46500015258789,10200
2021-07-22-11-35-00 GMT-0400,47.459999084472656,47.540000915527344,47.44499969482422,47.509700775146484,47.509700775146484,27875
2021-07-22-11-36-00 GMT-0400,47.5099983215332,47.529998779296875,47.5,47.52000045776367,47.52000045776367,8368
2021-07-22-11-37-00 GMT-0400,47.51499938964844,47.529998779296875,47.505001068115234,47.51499938964844,47.51499938964844,13651
2021-07-22-11-38-00 GMT-0400,47.51499938964844,47.54999923706055,47.5,47.5,47.5,30647
2021-07-22-11-39-00 GMT-0400,47.5,47.52000045776367,47.47999954223633,47.52000045776367,47.52000045776367,22724
2021-07-22-11-40-00 GMT-0400,47.52000045776367,47.52000045776367,47.4900016784668,47.52000045776367,47.52000045776367,14553
2021-07-22-11-41-00 GMT-0400,47.51499938964844,47.51499938964844,47.48500061035156,47.4900016784668,47.4900016784668,10212
2021-07-22-11-42-00 GMT-0400,47.48500061035156,47.540000915527344,47.47999954223633,47.525001525878906,47.525001525878906,28583
2021-07-22-11-43-00 GMT-0400,47.529998779296875,47.529998779296875,47.482200622558594,47.50270080566406,47.50270080566406,22551
2021-07-22-11-44-00 GMT-0400,47.505001068115234,47.52009963989258,47.494998931884766,47.52000045776367,47.52000045776367,19476
2021-07-22-11-45-00 GMT-0400,47.52000045776367,47.58000183105469,47.51449966430664,47.54499816894531,47.54499816894531,19753
2021-07-22-11-46-00 GMT-0400,47.54499816894531,47.54999923706055,47.5,47.529998779296875,47.529998779296875,8397
2021-07-22-11-47-00 GMT-0400,47.52000045776367,47.52000045776367,47.5,47.5099983215332,47.5099983215332,20915
2021-07-22-11-48-00 GMT-0400,47.5099983215332,47.61000061035156,47.5,47.599998474121094,47.599998474121094,34422
2021-07-22-11-49-00 GMT-0400,47.59000015258789,47.66999816894531,47.58000183105469,47.66999816894531,47.66999816894531,42660
2021-07-22-11-50-00 GMT-0400,47.66999816894531,47.68000030517578,47.571998596191406,47.57500076293945,47.57500076293945,34519
2021-07-22-11-51-00 GMT-0400,47.57500076293945,47.59000015258789,47.55059814453125,47.564998626708984,47.564998626708984,20745
2021-07-22-11-52-00 GMT-0400,47.560001373291016,47.564998626708984,47.54100036621094,47.54499816894531,47.54499816894531,10575
2021-07-22-11-53-00 GMT-0400,47.53179931640625,47.58000183105469,47.5099983215332,47.570098876953125,47.570098876953125,19623
2021-07-22-11-54-00 GMT-0400,47.584999084472656,47.6150016784668,47.56999969482422,47.599998474121094,47.599998474121094,23320
2021-07-22-11-55-00 GMT-0400,47.599998474121094,47.619998931884766,47.58000183105469,47.6083984375,47.6083984375,16579
2021-07-22-11-56-00 GMT-0400,47.60499954223633,47.61000061035156,47.584999084472656,47.584999084472656,47.584999084472656,11022
2021-07-22-11-57-00 GMT-0400,47.589900970458984,47.59000015258789,47.560001373291016,47.584999084472656,47.584999084472656,10849
2021-07-22-11-58-00 GMT-0400,47.59000015258789,47.650001525878906,47.584999084472656,47.630001068115234,47.630001068115234,23671
2021-07-22-11-59-00 GMT-0400,47.61000061035156,47.63629913330078,47.595001220703125,47.63629913330078,47.63629913330078,60831
2021-07-22-12-00-00 GMT-0400,47.63999938964844,47.650001525878906,47.630001068115234,47.6349983215332,47.6349983215332,11572
2021-07-22-12-01-00 GMT-0400,47.6349983215332,47.63999938964844,47.61000061035156,47.625,47.625,25231
2021-07-22-12-02-00 GMT-0400,47.625,47.65999984741211,47.599998474121094,47.65999984741211,47.65999984741211,37737
2021-07-22-12-03-00 GMT-0400,47.65999984741211,47.66999816894531,47.64500045776367,47.654998779296875,47.654998779296875,5105
2021-07-22-12-04-00 GMT-0400,47.654998779296875,47.65999984741211,47.599998474121094,47.61000061035156,47.61000061035156,47217
2021-07-22-12-05-00 GMT-0400,47.60210037231445,47.630001068115234,47.599998474121094,47.630001068115234,47.630001068115234,14985
2021-07-22-12-06-00 GMT-0400,47.630001068115234,47.63999938964844,47.599998474121094,47.61000061035156,47.61000061035156,35689
2021-07-22-12-07-00 GMT-0400,47.599998474121094,47.665000915527344,47.599998474121094,47.64500045776367,47.64500045776367,35503
2021-07-22-12-08-00 GMT-0400,47.650001525878906,47.65299987792969,47.61000061035156,47.61000061035156,47.61000061035156,5203
2021-07-22-12-09-00 GMT-0400,47.60499954223633,47.61000061035156,47.59000015258789,47.597599029541016,47.597599029541016,33015
2021-07-22-12-10-00 GMT-0400,47.599998474121094,47.619998931884766,47.5900993347168,47.619998931884766,47.619998931884766,69809
2021-07-22-12-11-00 GMT-0400,47.630001068115234,47.66999816894531,47.61180114746094,47.665000915527344,47.665000915527344,16378
2021-07-22-12-12-00 GMT-0400,47.65999984741211,47.68000030517578,47.650001525878906,47.650001525878906,47.650001525878906,14059
2021-07-22-12-13-00 GMT-0400,47.650001525878906,47.65999984741211,47.619998931884766,47.630001068115234,47.630001068115234,12086
2021-07-22-12-14-00 GMT-0400,47.6349983215332,47.6349983215332,47.599998474121094,47.599998474121094,47.599998474121094,11322
2021-07-22-12-15-00 GMT-0400,47.60499954223633,47.619998931884766,47.595001220703125,47.595001220703125,47.595001220703125,21714
2021-07-22-12-16-00 GMT-0400,47.595001220703125,47.619998931884766,47.59000015258789,47.61989974975586,47.61989974975586,18933
2021-07-22-12-17-00 GMT-0400,47.6150016784668,47.63999938964844,47.61000061035156,47.630001068115234,47.630001068115234,21332
2021-07-22-12-18-00 GMT-0400,47.619998931884766,47.619998931884766,47.59989929199219,47.61000061035156,47.61000061035156,26709
2021-07-22-12-19-00 GMT-0400,47.60499954223633,47.61000061035156,47.59000015258789,47.595001220703125,47.595001220703125,104910
2021-07-22-12-20-00 GMT-0400,47.59000015258789,47.61000061035156,47.58000183105469,47.60499954223633,47.60499954223633,36718
2021-07-22-12-21-00 GMT-0400,47.607200622558594,47.630001068115234,47.595001220703125,47.630001068115234,47.630001068115234,30497
2021-07-22-12-22-00 GMT-0400,47.62009811401367,47.66999816894531,47.619998931884766,47.6349983215332,47.6349983215332,15161
2021-07-22-12-23-00 GMT-0400,47.6349983215332,47.65999984741211,47.625,47.65999984741211,47.65999984741211,8179
2021-07-22-12-24-00 GMT-0400,47.650001525878906,47.650001525878906,47.630001068115234,47.63999938964844,47.63999938964844,9363
2021-07-22-12-25-00 GMT-0400,47.6349983215332,47.65999984741211,47.6349983215332,47.65010070800781,47.65010070800781,13365
2021-07-22-12-26-00 GMT-0400,47.65999984741211,47.672401428222656,47.650001525878906,47.650001525878906,47.650001525878906,11337
2021-07-22-12-27-00 GMT-0400,47.63999938964844,47.68000030517578,47.63999938964844,47.66999816894531,47.66999816894531,9794
2021-07-22-12-28-00 GMT-0400,47.66999816894531,47.73500061035156,47.650001525878906,47.689998626708984,47.689998626708984,57415
2021-07-22-12-29-00 GMT-0400,47.70000076293945,47.75,47.69499969482422,47.69770050048828,47.69770050048828,135077
2021-07-22-12-30-00 GMT-0400,47.689998626708984,47.70000076293945,47.665000915527344,47.665000915527344,47.665000915527344,33749
2021-07-22-12-31-00 GMT-0400,47.664798736572266,47.66999816894531,47.650001525878906,47.665000915527344,47.665000915527344,23531
2021-07-22-12-32-00 GMT-0400,47.665000915527344,47.66999816894531,47.630001068115234,47.665000915527344,47.665000915527344,22881
2021-07-22-12-33-00 GMT-0400,47.65999984741211,47.65999984741211,47.630001068115234,47.65010070800781,47.65010070800781,44296
2021-07-22-12-34-00 GMT-0400,47.654998779296875,47.6599006652832,47.625,47.625,47.625,6833
2021-07-22-12-35-00 GMT-0400,47.625,47.630001068115234,47.599998474121094,47.599998474121094,47.599998474121094,15297
2021-07-22-12-36-00 GMT-0400,47.60499954223633,47.619998931884766,47.595001220703125,47.61000061035156,47.61000061035156,12041
2021-07-22-12-37-00 GMT-0400,47.619998931884766,47.65999984741211,47.619998931884766,47.657501220703125,47.657501220703125,5944
2021-07-22-12-38-00 GMT-0400,47.654998779296875,47.720001220703125,47.650901794433594,47.720001220703125,47.720001220703125,23771
2021-07-22-12-39-00 GMT-0400,47.726898193359375,47.72999954223633,47.68000030517578,47.689998626708984,47.689998626708984,25003
2021-07-22-12-40-00 GMT-0400,47.689998626708984,47.82500076293945,47.689998626708984,47.779998779296875,47.779998779296875,344839
2021-07-22-12-41-00 GMT-0400,47.779998779296875,47.81999969482422,47.779998779296875,47.810001373291016,47.810001373291016,39684
2021-07-22-12-42-00 GMT-0400,47.81999969482422,47.84579849243164,47.75,47.75,47.75,31637
2021-07-22-12-43-00 GMT-0400,47.755001068115234,47.76499938964844,47.720001220703125,47.72990036010742,47.72990036010742,24129
2021-07-22-12-44-00 GMT-0400,47.724998474121094,47.7400016784668,47.709999084472656,47.73500061035156,47.73500061035156,13749
2021-07-22-12-45-00 GMT-0400,47.7400016784668,47.7400016784668,47.720001220703125,47.72999954223633,47.72999954223633,101581
2021-07-22-12-46-00 GMT-0400,47.724998474121094,47.7599983215332,47.724998474121094,47.75899887084961,47.75899887084961,23906
2021-07-22-12-47-00 GMT-0400,47.75019836425781,47.7599983215332,47.72999954223633,47.749900817871094,47.749900817871094,12561
2021-07-22-12-48-00 GMT-0400,47.74700164794922,47.77000045776367,47.73899841308594,47.7599983215332,47.7599983215332,32506
2021-07-22-12-49-00 GMT-0400,47.75749969482422,47.77000045776367,47.75,47.76499938964844,47.76499938964844,39919
2021-07-22-12-50-00 GMT-0400,47.7504997253418,47.77000045776367,47.7504997253418,47.755001068115234,47.755001068115234,9810
2021-07-22-12-51-00 GMT-0400,47.7599983215332,47.81999969482422,47.7599983215332,47.81399917602539,47.81399917602539,17999
2021-07-22-12-52-00 GMT-0400,47.81999969482422,47.849998474121094,47.81999969482422,47.849998474121094,47.849998474121094,41504
2021-07-22-12-53-00 GMT-0400,47.849998474121094,47.8849983215332,47.84000015258789,47.880001068115234,47.880001068115234,36372
2021-07-22-12-54-00 GMT-0400,47.875,47.875,47.845001220703125,47.86000061035156,47.86000061035156,19222
2021-07-22-12-55-00 GMT-0400,47.869998931884766,47.875,47.845001220703125,47.849998474121094,47.849998474121094,12200
2021-07-22-12-56-00 GMT-0400,47.849998474121094,47.880001068115234,47.849998474121094,47.8650016784668,47.8650016784668,6052
2021-07-22-12-57-00 GMT-0400,47.869998931884766,47.880001068115234,47.83100128173828,47.880001068115234,47.880001068115234,29634
2021-07-22-12-58-00 GMT-0400,47.880001068115234,47.92499923706055,47.880001068115234,47.90999984741211,47.90999984741211,31197
2021-07-22-12-59-00 GMT-0400,47.904998779296875,47.90999984741211,47.8849983215332,47.89500045776367,47.89500045776367,7011
2021-07-22-13-00-00 GMT-0400,47.88999938964844,47.92499923706055,47.8849983215332,47.92499923706055,47.92499923706055,17791
2021-07-22-13-01-00 GMT-0400,47.92499923706055,47.95000076293945,47.90999984741211,47.935001373291016,47.935001373291016,19053
2021-07-22-13-02-00 GMT-0400,47.935001373291016,47.98699951171875,47.93000030517578,47.970001220703125,47.970001220703125,27235
2021-07-22-13-03-00 GMT-0400,47.970001220703125,47.974998474121094,47.940101623535156,47.95500183105469,47.95500183105469,23346
2021-07-22-13-04-00 GMT-0400,47.95500183105469,47.95750045776367,47.90999984741211,47.947898864746094,47.947898864746094,15720
2021-07-22-13-05-00 GMT-0400,47.95000076293945,47.95000076293945,47.91999816894531,47.94810104370117,47.94810104370117,13885
2021-07-22-13-06-00 GMT-0400,47.94499969482422,47.94499969482422,47.880001068115234,47.880001068115234,47.880001068115234,28348
2021-07-22-13-07-00 GMT-0400,47.88010025024414,47.915000915527344,47.88010025024414,47.915000915527344,47.915000915527344,6720
2021-07-22-13-08-00 GMT-0400,47.915000915527344,47.93130111694336,47.904998779296875,47.93009948730469,47.93009948730469,11333
2021-07-22-13-09-00 GMT-0400,47.935001373291016,47.939998626708984,47.91299819946289,47.939998626708984,47.939998626708984,8247
2021-07-22-13-10-00 GMT-0400,47.935001373291016,47.974998474121094,47.92499923706055,47.96500015258789,47.96500015258789,15946
2021-07-22-13-11-00 GMT-0400,47.970001220703125,47.98500061035156,47.970001220703125,47.98500061035156,47.98500061035156,17895
2021-07-22-13-12-00 GMT-0400,47.983001708984375,48.04499816894531,47.97999954223633,48.025001525878906,48.025001525878906,67183
2021-07-22-13-13-00 GMT-0400,48.029998779296875,48.06999969482422,48.029998779296875,48.064998626708984,48.064998626708984,24514
2021-07-22-13-14-00 GMT-0400,48.068199157714844,48.09000015258789,48.05500030517578,48.064998626708984,48.064998626708984,28320
2021-07-22-13-15-00 GMT-0400,48.064998626708984,48.064998626708984,48.03499984741211,48.06420135498047,48.06420135498047,29055
2021-07-22-13-16-00 GMT-0400,48.064998626708984,48.08000183105469,48.040000915527344,48.07500076293945,48.07500076293945,18145
2021-07-22-13-17-00 GMT-0400,48.08000183105469,48.089698791503906,48.064998626708984,48.064998626708984,48.064998626708984,27043
2021-07-22-13-18-00 GMT-0400,48.064998626708984,48.07500076293945,48.04999923706055,48.064998626708984,48.064998626708984,26288
2021-07-22-13-19-00 GMT-0400,48.064998626708984,48.07500076293945,48.040000915527344,48.05500030517578,48.05500030517578,22350
2021-07-22-13-20-00 GMT-0400,48.05500030517578,48.05500030517578,48.02000045776367,48.03499984741211,48.03499984741211,21807
2021-07-22-13-21-00 GMT-0400,48.040000915527344,48.060001373291016,48.029998779296875,48.053001403808594,48.053001403808594,14922
2021-07-22-13-22-00 GMT-0400,48.060001373291016,48.09000015258789,48.04499816894531,48.08000183105469,48.08000183105469,23082
2021-07-22-13-23-00 GMT-0400,48.080101013183594,48.119998931884766,48.080101013183594,48.095001220703125,48.095001220703125,28652
2021-07-22-13-24-00 GMT-0400,48.095001220703125,48.095001220703125,48.03499984741211,48.05780029296875,48.05780029296875,21584
2021-07-22-13-25-00 GMT-0400,48.05500030517578,48.084999084472656,48.040000915527344,48.07500076293945,48.07500076293945,13687
2021-07-22-13-26-00 GMT-0400,48.07500076293945,48.09000015258789,48.05500030517578,48.05500030517578,48.05500030517578,21126
2021-07-22-13-27-00 GMT-0400,48.05500030517578,48.05649948120117,48.02009963989258,48.025001525878906,48.025001525878906,12212
2021-07-22-13-28-00 GMT-0400,48.02009963989258,48.08000183105469,48.02009963989258,48.08000183105469,48.08000183105469,19829
2021-07-22-13-29-00 GMT-0400,48.09000015258789,48.16999816894531,48.09000015258789,48.15010070800781,48.15010070800781,27758
2021-07-22-13-30-00 GMT-0400,48.15999984741211,48.16999816894531,48.130001068115234,48.14500045776367,48.14500045776367,22422
2021-07-22-13-31-00 GMT-0400,48.150001525878906,48.150001525878906,48.119998931884766,48.125,48.125,22267
2021-07-22-13-32-00 GMT-0400,48.125,48.1349983215332,48.11000061035156,48.1150016784668,48.1150016784668,53007
2021-07-22-13-33-00 GMT-0400,48.1150016784668,48.130001068115234,48.095001220703125,48.125,48.125,30345
2021-07-22-13-34-00 GMT-0400,48.11000061035156,48.11199951171875,48.05099868774414,48.05500030517578,48.05500030517578,64968
2021-07-22-13-35-00 GMT-0400,48.05500030517578,48.09000015258789,48.05500030517578,48.084999084472656,48.084999084472656,10874
2021-07-22-13-36-00 GMT-0400,48.084999084472656,48.085601806640625,48.03160095214844,48.03160095214844,48.03160095214844,10896
2021-07-22-13-37-00 GMT-0400,48.040000915527344,48.04499816894531,48.01499938964844,48.01499938964844,48.01499938964844,15239
2021-07-22-13-38-00 GMT-0400,48.01499938964844,48.01499938964844,47.970001220703125,47.970001220703125,47.970001220703125,11956
2021-07-22-13-39-00 GMT-0400,47.974998474121094,48.0099983215332,47.974998474121094,47.97760009765625,47.97760009765625,15172
2021-07-22-13-40-00 GMT-0400,47.97010040283203,47.97999954223633,47.95000076293945,47.959999084472656,47.959999084472656,14414
2021-07-22-13-41-00 GMT-0400,47.95500183105469,47.959999084472656,47.939998626708984,47.939998626708984,47.939998626708984,9016
2021-07-22-13-42-00 GMT-0400,47.94649887084961,47.95000076293945,47.90999984741211,47.94499969482422,47.94499969482422,20547
2021-07-22-13-43-00 GMT-0400,47.939998626708984,47.939998626708984,47.904998779296875,47.90999984741211,47.90999984741211,24387
2021-07-22-13-44-00 GMT-0400,47.90010070800781,47.915000915527344,47.900001525878906,47.915000915527344,47.915000915527344,11818
2021-07-22-13-45-00 GMT-0400,47.90999984741211,47.90999984741211,47.869998931884766,47.869998931884766,47.869998931884766,14164
2021-07-22-13-46-00 GMT-0400,47.869998931884766,47.875,47.849998474121094,47.875,47.875,18167
2021-07-22-13-47-00 GMT-0400,47.875,47.880001068115234,47.85499954223633,47.864601135253906,47.864601135253906,13489
2021-07-22-13-48-00 GMT-0400,47.86000061035156,47.88999938964844,47.849998474121094,47.88999938964844,47.88999938964844,11690
2021-07-22-13-49-00 GMT-0400,47.8849983215332,47.885501861572266,47.875,47.87929916381836,47.87929916381836,11120
2021-07-22-13-50-00 GMT-0400,47.869998931884766,47.875,47.845001220703125,47.85499954223633,47.85499954223633,44720
2021-07-22-13-51-00 GMT-0400,47.86000061035156,47.869998931884766,47.859901428222656,47.8650016784668,47.8650016784668,8595
2021-07-22-13-52-00 GMT-0400,47.8650016784668,47.88999938964844,47.8650016784668,47.8849983215332,47.8849983215332,16554
2021-07-22-13-53-00 GMT-0400,47.886199951171875,47.89500045776367,47.869998931884766,47.87799835205078,47.87799835205078,28179
2021-07-22-13-54-00 GMT-0400,47.875,47.904998779296875,47.869998931884766,47.89500045776367,47.89500045776367,10073
2021-07-22-13-55-00 GMT-0400,47.89500045776367,47.900001525878906,47.8849983215332,47.89500045776367,47.89500045776367,14544
2021-07-22-13-56-00 GMT-0400,47.89500045776367,47.89500045776367,47.8849983215332,47.89500045776367,47.89500045776367,19700
2021-07-22-13-57-00 GMT-0400,47.89500045776367,47.900001525878906,47.880001068115234,47.8849983215332,47.8849983215332,11951
2021-07-22-13-58-00 GMT-0400,47.88999938964844,47.900001525878906,47.8849983215332,47.89500045776367,47.89500045776367,6628
2021-07-22-13-59-00 GMT-0400,47.89500045776367,47.90999984741211,47.89500045776367,47.90760040283203,47.90760040283203,14139
2021-07-22-14-00-00 GMT-0400,47.904998779296875,47.904998779296875,47.8400993347168,47.849998474121094,47.849998474121094,35154
2021-07-22-14-01-00 GMT-0400,47.85499954223633,47.86989974975586,47.810001373291016,47.814998626708984,47.814998626708984,23697
2021-07-22-14-02-00 GMT-0400,47.810001373291016,47.81999969482422,47.78010177612305,47.81999969482422,47.81999969482422,9578
2021-07-22-14-03-00 GMT-0400,47.81999969482422,47.82500076293945,47.79999923706055,47.79999923706055,47.79999923706055,7395
2021-07-22-14-04-00 GMT-0400,47.79999923706055,47.810001373291016,47.790000915527344,47.80500030517578,47.80500030517578,6793
2021-07-22-14-05-00 GMT-0400,47.79999923706055,47.834999084472656,47.79999923706055,47.83150100708008,47.83150100708008,15975
2021-07-22-14-06-00 GMT-0400,47.84000015258789,47.849998474121094,47.78499984741211,47.82500076293945,47.82500076293945,31011
2021-07-22-14-07-00 GMT-0400,47.83000183105469,47.83610153198242,47.779998779296875,47.80500030517578,47.80500030517578,11305
2021-07-22-14-08-00 GMT-0400,47.80500030517578,47.810001373291016,47.7599983215332,47.7599983215332,47.7599983215332,21823
2021-07-22-14-09-00 GMT-0400,47.7599983215332,47.779998779296875,47.75,47.775001525878906,47.775001525878906,15908
2021-07-22-14-10-00 GMT-0400,47.779998779296875,47.80500030517578,47.775001525878906,47.78499984741211,47.78499984741211,14372
2021-07-22-14-11-00 GMT-0400,47.790000915527344,47.79999923706055,47.77220153808594,47.77220153808594,47.77220153808594,5073
2021-07-22-14-12-00 GMT-0400,47.775001525878906,47.79999923706055,47.7599983215332,47.79999923706055,47.79999923706055,10646
2021-07-22-14-13-00 GMT-0400,47.79499816894531,47.810001373291016,47.779998779296875,47.80649948120117,47.80649948120117,14118
2021-07-22-14-14-00 GMT-0400,47.807899475097656,47.810001373291016,47.779998779296875,47.790000915527344,47.790000915527344,15893
2021-07-22-14-15-00 GMT-0400,47.790000915527344,47.810001373291016,47.790000915527344,47.80500030517578,47.80500030517578,17476
2021-07-22-14-16-00 GMT-0400,47.79999923706055,47.81999969482422,47.79499816894531,47.809898376464844,47.809898376464844,19034
2021-07-22-14-17-00 GMT-0400,47.80619812011719,47.80619812011719,47.779998779296875,47.79999923706055,47.79999923706055,14624
2021-07-22-14-18-00 GMT-0400,47.79999923706055,47.84000015258789,47.79999923706055,47.84000015258789,47.84000015258789,14718
2021-07-22-14-19-00 GMT-0400,47.83399963378906,47.834999084472656,47.821800231933594,47.83000183105469,47.83000183105469,11372
2021-07-22-14-20-00 GMT-0400,47.82500076293945,47.83000183105469,47.77000045776367,47.775001525878906,47.775001525878906,15300
2021-07-22-14-21-00 GMT-0400,47.77000045776367,47.810001373291016,47.77000045776367,47.790000915527344,47.790000915527344,15762
2021-07-22-14-22-00 GMT-0400,47.79990005493164,47.79999923706055,47.790000915527344,47.79999923706055,47.79999923706055,4437
2021-07-22-14-23-00 GMT-0400,47.79499816894531,47.810001373291016,47.779998779296875,47.779998779296875,47.779998779296875,7771
2021-07-22-14-24-00 GMT-0400,47.779998779296875,47.790000915527344,47.7599983215332,47.7599983215332,47.7599983215332,15549
2021-07-22-14-25-00 GMT-0400,47.7599983215332,47.779998779296875,47.744998931884766,47.77949905395508,47.77949905395508,15744
2021-07-22-14-26-00 GMT-0400,47.775001525878906,47.779998779296875,47.75,47.75,47.75,9957
2021-07-22-14-27-00 GMT-0400,47.7400016784668,47.7400016784668,47.720001220703125,47.73189926147461,47.73189926147461,12179
2021-07-22-14-28-00 GMT-0400,47.724998474121094,47.7400016784668,47.720001220703125,47.73500061035156,47.73500061035156,10589
2021-07-22-14-29-00 GMT-0400,47.72999954223633,47.75,47.720001220703125,47.75,47.75,10404
2021-07-22-14-30-00 GMT-0400,47.744998931884766,47.779998779296875,47.7400016784668,47.744998931884766,47.744998931884766,20763
2021-07-22-14-31-00 GMT-0400,47.744998931884766,47.744998931884766,47.70000076293945,47.71989822387695,47.71989822387695,15459
2021-07-22-14-32-00 GMT-0400,47.709999084472656,47.720001220703125,47.68000030517578,47.720001220703125,47.720001220703125,17052
2021-07-22-14-33-00 GMT-0400,47.71500015258789,47.73500061035156,47.70000076293945,47.71500015258789,47.71500015258789,11590
2021-07-22-14-34-00 GMT-0400,47.71009826660156,47.720001220703125,47.689998626708984,47.69179916381836,47.69179916381836,10035
2021-07-22-14-35-00 GMT-0400,47.70000076293945,47.709999084472656,47.68000030517578,47.685001373291016,47.685001373291016,6259
2021-07-22-14-36-00 GMT-0400,47.685001373291016,47.685001373291016,47.64860153198242,47.654998779296875,47.654998779296875,23718
2021-07-22-14-37-00 GMT-0400,47.654998779296875,47.654998779296875,47.6161994934082,47.63999938964844,47.63999938964844,12235
2021-07-22-14-38-00 GMT-0400,47.6349983215332,47.63999938964844,47.60499954223633,47.625,47.625,17782
2021-07-22-14-39-00 GMT-0400,47.619998931884766,47.650001525878906,47.6150016784668,47.650001525878906,47.650001525878906,8036
2021-07-22-14-40-00 GMT-0400,47.65999984741211,47.66999816894531,47.63999938964844,47.64500045776367,47.64500045776367,9609
2021-07-22-14-41-00 GMT-0400,47.650001525878906,47.65999984741211,47.630001068115234,47.638301849365234,47.638301849365234,15782
2021-07-22-14-42-00 GMT-0400,47.6349983215332,47.65999984741211,47.6349983215332,47.64580154418945,47.64580154418945,9392
2021-07-22-14-43-00 GMT-0400,47.64690017700195,47.64690017700195,47.59000015258789,47.60499954223633,47.60499954223633,16147
2021-07-22-14-44-00 GMT-0400,47.60900115966797,47.61000061035156,47.599998474121094,47.599998474121094,47.599998474121094,9872
2021-07-22-14-45-00 GMT-0400,47.61000061035156,47.619998931884766,47.59000015258789,47.61830139160156,47.61830139160156,17031
2021-07-22-14-46-00 GMT-0400,47.61000061035156,47.63999938964844,47.602699279785156,47.635501861572266,47.635501861572266,16949
2021-07-22-14-47-00 GMT-0400,47.63999938964844,47.66999816894531,47.63999938964844,47.66999816894531,47.66999816894531,13360
2021-07-22-14-48-00 GMT-0400,47.65999984741211,47.689998626708984,47.650001525878906,47.665000915527344,47.665000915527344,15704
2021-07-22-14-49-00 GMT-0400,47.65999984741211,47.65999984741211,47.6150016784668,47.619998931884766,47.619998931884766,14731
2021-07-22-14-50-00 GMT-0400,47.619998931884766,47.68000030517578,47.6150016784668,47.678199768066406,47.678199768066406,47199
2021-07-22-14-51-00 GMT-0400,47.66999816894531,47.689998626708984,47.619998931884766,47.630001068115234,47.630001068115234,29120
2021-07-22-14-52-00 GMT-0400,47.6349983215332,47.63999938964844,47.619998931884766,47.63819885253906,47.63819885253906,16908
2021-07-22-14-53-00 GMT-0400,47.630001068115234,47.650001525878906,47.630001068115234,47.64500045776367,47.64500045776367,12913
2021-07-22-14-54-00 GMT-0400,47.650001525878906,47.689998626708984,47.650001525878906,47.689998626708984,47.689998626708984,17818
2021-07-22-14-55-00 GMT-0400,47.685001373291016,47.70600128173828,47.65999984741211,47.70600128173828,47.70600128173828,27714
2021-07-22-14-56-00 GMT-0400,47.70000076293945,47.720001220703125,47.689998626708984,47.709999084472656,47.709999084472656,15195
2021-07-22-14-57-00 GMT-0400,47.70500183105469,47.77000045776367,47.70000076293945,47.77000045776367,47.77000045776367,39259
2021-07-22-14-58-00 GMT-0400,47.76499938964844,47.76499938964844,47.72999954223633,47.744998931884766,47.744998931884766,12171
2021-07-22-14-59-00 GMT-0400,47.746498107910156,47.779998779296875,47.74169921875,47.76499938964844,47.76499938964844,18105
2021-07-22-15-00-00 GMT-0400,47.76499938964844,47.77000045776367,47.724998474121094,47.73500061035156,47.73500061035156,25514
2021-07-22-15-01-00 GMT-0400,47.72999954223633,47.72999954223633,47.720001220703125,47.720001220703125,47.720001220703125,5186
2021-07-22-15-02-00 GMT-0400,47.724998474121094,47.7400016784668,47.709999084472656,47.709999084472656,47.709999084472656,10011
2021-07-22-15-03-00 GMT-0400,47.71500015258789,47.7400016784668,47.709999084472656,47.720001220703125,47.720001220703125,12730
2021-07-22-15-04-00 GMT-0400,47.724998474121094,47.7400016784668,47.720001220703125,47.72999954223633,47.72999954223633,13719
2021-07-22-15-05-00 GMT-0400,47.725799560546875,47.7400016784668,47.724998474121094,47.73500061035156,47.73500061035156,7247
2021-07-22-15-06-00 GMT-0400,47.730098724365234,47.73500061035156,47.654998779296875,47.689998626708984,47.689998626708984,36745
2021-07-22-15-07-00 GMT-0400,47.68000030517578,47.70000076293945,47.68000030517578,47.70000076293945,47.70000076293945,7471
2021-07-22-15-08-00 GMT-0400,47.69499969482422,47.69499969482422,47.650001525878906,47.654998779296875,47.654998779296875,15174
2021-07-22-15-09-00 GMT-0400,47.654998779296875,47.66999816894531,47.63999938964844,47.66999816894531,47.66999816894531,12339
2021-07-22-15-10-00 GMT-0400,47.65999984741211,47.67499923706055,47.63999938964844,47.650001525878906,47.650001525878906,20020
2021-07-22-15-11-00 GMT-0400,47.650001525878906,47.650001525878906,47.6150016784668,47.619998931884766,47.619998931884766,17060
2021-07-22-15-12-00 GMT-0400,47.61000061035156,47.65999984741211,47.61000061035156,47.654998779296875,47.654998779296875,12556
2021-07-22-15-13-00 GMT-0400,47.654998779296875,47.65999984741211,47.650001525878906,47.654998779296875,47.654998779296875,2548
2021-07-22-15-14-00 GMT-0400,47.650001525878906,47.65999984741211,47.63999938964844,47.63999938964844,47.63999938964844,16655
2021-07-22-15-15-00 GMT-0400,47.64899826049805,47.650001525878906,47.630001068115234,47.630001068115234,47.630001068115234,14014
2021-07-22-15-16-00 GMT-0400,47.63930130004883,47.63999938964844,47.619998931884766,47.62229919433594,47.62229919433594,9002
2021-07-22-15-17-00 GMT-0400,47.619998931884766,47.6349983215332,47.60499954223633,47.619998931884766,47.619998931884766,25594
2021-07-22-15-18-00 GMT-0400,47.619998931884766,47.619998931884766,47.61000061035156,47.6150016784668,47.6150016784668,5270
2021-07-22-15-19-00 GMT-0400,47.61000061035156,47.630001068115234,47.599998474121094,47.619998931884766,47.619998931884766,21745
2021-07-22-15-20-00 GMT-0400,47.61000061035156,47.61000061035156,47.58000183105469,47.59000015258789,47.59000015258789,16813
2021-07-22-15-21-00 GMT-0400,47.595001220703125,47.599998474121094,47.59000015258789,47.595001220703125,47.595001220703125,12891
2021-07-22-15-22-00 GMT-0400,47.59989929199219,47.599998474121094,47.560001373291016,47.584999084472656,47.584999084472656,20475
2021-07-22-15-23-00 GMT-0400,47.59000015258789,47.59000015258789,47.57500076293945,47.57500076293945,47.57500076293945,7192
2021-07-22-15-24-00 GMT-0400,47.57500076293945,47.599998474121094,47.57500076293945,47.59000015258789,47.59000015258789,29787
2021-07-22-15-25-00 GMT-0400,47.584999084472656,47.599998474121094,47.584999084472656,47.59000015258789,47.59000015258789,4582
2021-07-22-15-26-00 GMT-0400,47.595001220703125,47.630001068115234,47.59000015258789,47.59000015258789,47.59000015258789,21216
2021-07-22-15-27-00 GMT-0400,47.59000015258789,47.599998474121094,47.564998626708984,47.564998626708984,47.564998626708984,12907
2021-07-22-15-28-00 GMT-0400,47.564998626708984,47.56999969482422,47.54999923706055,47.54999923706055,47.54999923706055,18510
2021-07-22-15-29-00 GMT-0400,47.560001373291016,47.584999084472656,47.560001373291016,47.57500076293945,47.57500076293945,16766
2021-07-22-15-30-00 GMT-0400,47.57500076293945,47.57500076293945,47.52000045776367,47.525001525878906,47.525001525878906,18109
2021-07-22-15-31-00 GMT-0400,47.52000045776367,47.529998779296875,47.494998931884766,47.505001068115234,47.505001068115234,48349
2021-07-22-15-32-00 GMT-0400,47.5099983215332,47.540000915527344,47.505001068115234,47.51499938964844,47.51499938964844,16667
2021-07-22-15-33-00 GMT-0400,47.51499938964844,47.52000045776367,47.494998931884766,47.51499938964844,47.51499938964844,19486
2021-07-22-15-34-00 GMT-0400,47.52000045776367,47.529998779296875,47.5099983215332,47.529998779296875,47.529998779296875,19349
2021-07-22-15-35-00 GMT-0400,47.525001525878906,47.529998779296875,47.5,47.505001068115234,47.505001068115234,13724
2021-07-22-15-36-00 GMT-0400,47.5,47.5099983215332,47.4900016784668,47.49330139160156,47.49330139160156,38003
2021-07-22-15-37-00 GMT-0400,47.494998931884766,47.5099983215332,47.4900016784668,47.494998931884766,47.494998931884766,15913
2021-07-22-15-38-00 GMT-0400,47.5,47.505001068115234,47.470001220703125,47.49570083618164,47.49570083618164,46336
2021-07-22-15-39-00 GMT-0400,47.4900016784668,47.51499938964844,47.4900016784668,47.505001068115234,47.505001068115234,35924
2021-07-22-15-40-00 GMT-0400,47.5,47.505001068115234,47.459999084472656,47.494998931884766,47.494998931884766,51369
2021-07-22-15-41-00 GMT-0400,47.494998931884766,47.51499938964844,47.480098724365234,47.51499938964844,47.51499938964844,62820
2021-07-22-15-42-00 GMT-0400,47.51499938964844,47.52000045776367,47.5,47.5,47.5,33044
2021-07-22-15-43-00 GMT-0400,47.5,47.54999923706055,47.4900016784668,47.53340148925781,47.53340148925781,45294
2021-07-22-15-44-00 GMT-0400,47.53499984741211,47.54499816894531,47.51499938964844,47.5432014465332,47.5432014465332,29613
2021-07-22-15-45-00 GMT-0400,47.54010009765625,47.54999923706055,47.529998779296875,47.53499984741211,47.53499984741211,32808
2021-07-22-15-46-00 GMT-0400,47.529998779296875,47.560001373291016,47.52000045776367,47.55500030517578,47.55500030517578,33250
2021-07-22-15-47-00 GMT-0400,47.55329895019531,47.58000183105469,47.540000915527344,47.560001373291016,47.560001373291016,37748
2021-07-22-15-48-00 GMT-0400,47.564998626708984,47.564998626708984,47.52000045776367,47.525001525878906,47.525001525878906,44561
2021-07-22-15-49-00 GMT-0400,47.525001525878906,47.525001525878906,47.474998474121094,47.492000579833984,47.492000579833984,53801
2021-07-22-15-50-00 GMT-0400,47.4900016784668,47.5,47.43000030517578,47.43000030517578,47.43000030517578,88428
2021-07-22-15-51-00 GMT-0400,47.43000030517578,47.470001220703125,47.400001525878906,47.470001220703125,47.470001220703125,77640
2021-07-22-15-52-00 GMT-0400,47.459999084472656,47.47999954223633,47.45000076293945,47.45500183105469,47.45500183105469,63467
2021-07-22-15-53-00 GMT-0400,47.459999084472656,47.48500061035156,47.45500183105469,47.459999084472656,47.459999084472656,50269
2021-07-22-15-54-00 GMT-0400,47.459999084472656,47.5,47.45000076293945,47.4900016784668,47.4900016784668,66688
2021-07-22-15-55-00 GMT-0400,47.47999954223633,47.519901275634766,47.47999954223633,47.494998931884766,47.494998931884766,65988
2021-07-22-15-56-00 GMT-0400,47.5,47.529998779296875,47.4900016784668,47.52629852294922,47.52629852294922,62439
2021-07-22-15-57-00 GMT-0400,47.525001525878906,47.540000915527344,47.5099983215332,47.529998779296875,47.529998779296875,71142
2021-07-22-15-58-00 GMT-0400,47.525001525878906,47.540000915527344,47.5,47.53499984741211,47.53499984741211,85093
2021-07-22-15-59-00 GMT-0400,47.53499984741211,47.58000183105469,47.529998779296875,47.56999969482422,47.56999969482422,145342
2021-07-22-16-00-00 GMT-0400,47.57,47.61,47.57,47.57,47.57,662356
2021-07-22-16-01-00 GMT-0400,47.65,47.65,47.57,47.57,47.57,0
2021-07-22-16-02-00 GMT-0400,47.61,47.61,47.57,47.57,47.57,0
2021-07-22-16-05-00 GMT-0400,47.57,47.64,47.57,47.64,47.64,0
2021-07-22-16-14-00 GMT-0400,47.62,47.62,47.57,47.57,47.57,0
2021-07-22-16-15-00 GMT-0400,47.55,47.589,47.55,47.589,47.589,0
2021-07-22-16-16-00 GMT-0400,47.62,47.62,47.61,47.61,47.61,0
2021-07-22-16-17-00 GMT-0400,47.57,47.61,47.57,47.61,47.61,0
2021-07-22-16-21-00 GMT-0400,47.57,47.6,47.57,47.57,47.57,0
2021-07-22-16-23-00 GMT-0400,47.6,47.6,47.57,47.57,47.57,0
2021-07-22-16-24-00 GMT-0400,47.61,47.63,47.572,47.572,47.572,0
2021-07-22-16-25-00 GMT-0400,47.6799,47.6799,47.6799,47.6799,47.6799,0
2021-07-22-16-26-00 GMT-0400,47.67,47.67,47.63,47.63,47.63,0
2021-07-22-16-27-00 GMT-0400,47.63,47.67,47.63,47.67,47.67,0
2021-07-22-16-28-00 GMT-0400,47.63,47.63,47.63,47.63,47.63,0
2021-07-22-16-29-00 GMT-0400,47.63,47.65,47.63,47.65,47.65,0
2021-07-22-16-33-00 GMT-0400,47.65,47.67,47.65,47.67,47.67,0
2021-07-22-16-36-00 GMT-0400,47.65,47.65,47.64,47.64,47.64,0
2021-07-22-16-37-00 GMT-0400,47.66,47.7,47.66,47.7,47.7,0
2021-07-22-16-38-00 GMT-0400,47.81,47.81,47.81,47.81,47.81,0
2021-07-22-16-39-00 GMT-0400,47.67,47.7,47.66,47.7,47.7,0
2021-07-22-16-40-00 GMT-0400,47.57,47.57,47.57,47.57,47.57,0
2021-07-22-16-42-00 GMT-0400,47.57,47.81,47.57,47.7,47.7,0
2021-07-22-16-44-00 GMT-0400,47.75,47.8,47.64,47.8,47.8,0
2021-07-22-16-46-00 GMT-0400,47.77,47.77,47.705,47.705,47.705,0
2021-07-22-16-47-00 GMT-0400,47.72,47.72,47.72,47.72,47.72,0
2021-07-22-16-54-00 GMT-0400,47.72,47.73,47.72,47.73,47.73,0
2021-07-22-16-55-00 GMT-0400,47.68,47.7,47.68,47.7,47.7,0
2021-07-22-16-59-00 GMT-0400,47.57,47.63,47.57,47.63,47.63,0
2021-07-22-17-06-00 GMT-0400,47.67,47.75,47.64,47.75,47.75,0
2021-07-22-17-07-00 GMT-0400,47.73,47.73,47.72,47.72,47.72,0
2021-07-22-17-16-00 GMT-0400,47.68,47.68,47.63,47.63,47.63,0
2021-07-22-17-31-00 GMT-0400,47.63,47.68,47.63,47.68,47.68,0
2021-07-22-17-32-00 GMT-0400,47.68,47.68,47.68,47.68,47.68,0
2021-07-22-17-53-00 GMT-0400,47.66,47.66,47.66,47.66,47.66,0
2021-07-22-17-54-00 GMT-0400,47.66,47.66,47.63,47.63,47.63,0
2021-07-22-18-25-00 GMT-0400,47.68,47.68,47.64,47.64,47.64,0
2021-07-22-18-35-00 GMT-0400,47.64,47.64,47.63,47.63,47.63,0
2021-07-22-19-33-00 GMT-0400,47.58,47.6,47.58,47.58,47.58,0
2021-07-22-19-40-00 GMT-0400,47.61,47.61,47.61,47.61,47.61,0
2021-07-22-19-57-00 GMT-0400,47.62,47.63,47.62,47.63,47.63,0
2021-07-22-19-58-00 GMT-0400,47.67,47.67,47.59,47.59,47.59,0
2021-07-22-19-59-00 GMT-0400,47.67,47.68,47.59,47.59,47.59,0
