Datetime,Open,High,Low,Close,Adj Close,Volume
2022-02-16-04-00-00 GMT-0500,188.0,188.24,186.51,187.5,187.5,0
2022-02-16-04-01-00 GMT-0500,186.6,187.36,186.6,187.34,187.34,0
2022-02-16-04-02-00 GMT-0500,187.34,187.8,186.98,187.0,187.0,0
2022-02-16-04-03-00 GMT-0500,187.0,187.34,186.8,187.0,187.0,0
2022-02-16-04-04-00 GMT-0500,187.01,187.33,186.8,186.8,186.8,0
2022-02-16-04-05-00 GMT-0500,186.8,187.32,186.8,186.8,186.8,0
2022-02-16-04-06-00 GMT-0500,186.78,186.94,186.63,186.8,186.8,0
2022-02-16-04-07-00 GMT-0500,186.68,187.11,186.63,186.75,186.75,0
2022-02-16-04-08-00 GMT-0500,186.71,186.72,186.6,186.6,186.6,0
2022-02-16-04-09-00 GMT-0500,186.7,186.72,185.8,186.7,186.7,0
2022-02-16-04-10-00 GMT-0500,186.26,186.59,185.65,186.59,186.59,0
2022-02-16-04-11-00 GMT-0500,186.35,186.35,186.13,186.15,186.15,0
2022-02-16-04-12-00 GMT-0500,186.0,186.35,186.0,186.0,186.0,0
2022-02-16-04-13-00 GMT-0500,186.0,186.0,185.64,186.0,186.0,0
2022-02-16-04-14-00 GMT-0500,186.24,186.35,185.44,185.67,185.67,0
2022-02-16-04-15-00 GMT-0500,185.52,185.76,185.52,185.62,185.62,0
2022-02-16-04-16-00 GMT-0500,185.52,185.79,185.52,185.79,185.79,0
2022-02-16-04-17-00 GMT-0500,185.75,186.18,185.75,186.0,186.0,0
2022-02-16-04-18-00 GMT-0500,186.0,186.01,185.97,185.99,185.99,0
2022-02-16-04-19-00 GMT-0500,185.94,186.1,185.9,185.9,185.9,0
2022-02-16-04-20-00 GMT-0500,185.79,185.8,185.54,185.54,185.54,0
2022-02-16-04-21-00 GMT-0500,185.77,185.8,185.55,185.55,185.55,0
2022-02-16-04-22-00 GMT-0500,185.58,185.58,185.58,185.58,185.58,0
2022-02-16-04-23-00 GMT-0500,185.58,185.67,185.55,185.65,185.65,0
2022-02-16-04-24-00 GMT-0500,185.7,186.0,185.65,185.95,185.95,0
2022-02-16-04-25-00 GMT-0500,185.79,185.99,185.71,185.99,185.99,0
2022-02-16-04-26-00 GMT-0500,185.72,185.72,185.72,185.72,185.72,0
2022-02-16-04-27-00 GMT-0500,185.72,185.99,185.72,185.8,185.8,0
2022-02-16-04-28-00 GMT-0500,185.74,185.74,185.73,185.73,185.73,0
2022-02-16-04-29-00 GMT-0500,185.8,186.19,185.8,185.8,185.8,0
2022-02-16-04-30-00 GMT-0500,185.8,185.8,185.72,185.72,185.72,0
2022-02-16-04-31-00 GMT-0500,185.76,185.76,185.76,185.76,185.76,0
2022-02-16-04-32-00 GMT-0500,185.76,185.76,185.72,185.72,185.72,0
2022-02-16-04-33-00 GMT-0500,185.76,185.87,185.72,185.87,185.87,0
2022-02-16-04-34-00 GMT-0500,185.76,185.83,185.75,185.83,185.83,0
2022-02-16-04-35-00 GMT-0500,185.83,185.86,185.83,185.85,185.85,0
2022-02-16-04-36-00 GMT-0500,185.86,185.99,185.86,185.93,185.93,0
2022-02-16-04-37-00 GMT-0500,185.93,186.02,185.93,186.02,186.02,0
2022-02-16-04-38-00 GMT-0500,186.04,186.12,186.04,186.12,186.12,0
2022-02-16-04-39-00 GMT-0500,186.2,186.46,186.13,186.3,186.3,0
2022-02-16-04-40-00 GMT-0500,186.12,186.58,186.12,186.58,186.58,0
2022-02-16-04-41-00 GMT-0500,186.57,186.7,186.5,186.6,186.6,0
2022-02-16-04-42-00 GMT-0500,186.62,186.62,186.5,186.52,186.52,0
2022-02-16-04-43-00 GMT-0500,186.52,186.52,186.52,186.52,186.52,0
2022-02-16-04-44-00 GMT-0500,186.52,186.7,186.52,186.7,186.7,0
2022-02-16-04-45-00 GMT-0500,186.52,186.7,186.52,186.52,186.52,0
2022-02-16-04-46-00 GMT-0500,186.52,186.52,186.45,186.45,186.45,0
2022-02-16-04-47-00 GMT-0500,186.5,186.51,186.5,186.51,186.51,0
2022-02-16-04-48-00 GMT-0500,186.3,186.5,186.2,186.2,186.2,0
2022-02-16-04-49-00 GMT-0500,186.2,186.5,186.17,186.18,186.18,0
2022-02-16-04-50-00 GMT-0500,186.4,186.4,186.4,186.4,186.4,0
2022-02-16-04-51-00 GMT-0500,186.21,186.21,186.16,186.18,186.18,0
2022-02-16-04-52-00 GMT-0500,186.2,186.21,186.2,186.21,186.21,0
2022-02-16-04-53-00 GMT-0500,186.45,186.48,186.4,186.44,186.44,0
2022-02-16-04-54-00 GMT-0500,186.43,186.43,186.12,186.12,186.12,0
2022-02-16-04-55-00 GMT-0500,186.41,186.41,186.36,186.36,186.36,0
2022-02-16-04-56-00 GMT-0500,186.13,186.35,186.13,186.35,186.35,0
2022-02-16-04-57-00 GMT-0500,186.29,186.35,186.25,186.25,186.25,0
2022-02-16-04-58-00 GMT-0500,186.25,186.25,186.25,186.25,186.25,0
2022-02-16-04-59-00 GMT-0500,186.13,186.25,186.12,186.12,186.12,0
2022-02-16-05-00-00 GMT-0500,186.12,186.12,186.12,186.12,186.12,0
2022-02-16-05-01-00 GMT-0500,186.13,186.3,186.12,186.2,186.2,0
2022-02-16-05-02-00 GMT-0500,186.18,186.3,186.14,186.18,186.18,0
2022-02-16-05-04-00 GMT-0500,186.2,186.2,186.13,186.2,186.2,0
2022-02-16-05-05-00 GMT-0500,186.13,186.18,186.13,186.18,186.18,0
2022-02-16-05-07-00 GMT-0500,186.13,186.18,186.11,186.18,186.18,0
2022-02-16-05-08-00 GMT-0500,186.18,186.2,186.13,186.18,186.18,0
2022-02-16-05-11-00 GMT-0500,186.17,186.17,186.17,186.17,186.17,0
2022-02-16-05-12-00 GMT-0500,186.11,186.16,186.03,186.03,186.03,0
2022-02-16-05-13-00 GMT-0500,186.03,186.16,186.03,186.16,186.16,0
2022-02-16-05-15-00 GMT-0500,186.06,186.25,186.06,186.18,186.18,0
2022-02-16-05-18-00 GMT-0500,186.24,186.24,186.24,186.24,186.24,0
2022-02-16-05-19-00 GMT-0500,186.18,186.18,186.18,186.18,186.18,0
2022-02-16-05-20-00 GMT-0500,186.18,186.4,186.18,186.35,186.35,0
2022-02-16-05-21-00 GMT-0500,186.2,186.2,186.2,186.2,186.2,0
2022-02-16-05-22-00 GMT-0500,186.21,186.43,186.21,186.39,186.39,0
2022-02-16-05-23-00 GMT-0500,186.34,186.34,186.34,186.34,186.34,0
2022-02-16-05-24-00 GMT-0500,186.34,186.43,186.2,186.43,186.43,0
2022-02-16-05-26-00 GMT-0500,186.43,186.5,186.39,186.5,186.5,0
2022-02-16-05-28-00 GMT-0500,186.21,186.21,186.2,186.2,186.2,0
2022-02-16-05-29-00 GMT-0500,186.2,186.34,186.2,186.34,186.34,0
2022-02-16-05-30-00 GMT-0500,186.2,186.3,186.2,186.3,186.3,0
2022-02-16-05-31-00 GMT-0500,186.21,186.21,186.14,186.18,186.18,0
2022-02-16-05-32-00 GMT-0500,186.2,186.2,185.93,185.95,185.95,0
2022-02-16-05-33-00 GMT-0500,185.93,186.0,185.93,186.0,186.0,0
2022-02-16-05-34-00 GMT-0500,186.0,186.13,186.0,186.0,186.0,0
2022-02-16-05-35-00 GMT-0500,186.0,186.01,185.95,185.97,185.97,0
2022-02-16-05-36-00 GMT-0500,186.01,186.02,186.01,186.02,186.02,0
2022-02-16-05-38-00 GMT-0500,186.1,186.1,186.1,186.1,186.1,0
2022-02-16-05-39-00 GMT-0500,186.06,186.06,186.06,186.06,186.06,0
2022-02-16-05-40-00 GMT-0500,186.1,186.18,186.07,186.18,186.18,0
2022-02-16-05-42-00 GMT-0500,186.17,186.21,185.93,185.93,185.93,0
2022-02-16-05-43-00 GMT-0500,186.07,186.07,185.92,186.07,186.07,0
2022-02-16-05-44-00 GMT-0500,186.07,186.07,185.75,185.75,185.75,0
2022-02-16-05-45-00 GMT-0500,186.07,186.07,186.07,186.07,186.07,0
2022-02-16-05-46-00 GMT-0500,186.0,186.07,186.0,186.07,186.07,0
2022-02-16-05-48-00 GMT-0500,185.79,185.79,185.79,185.79,185.79,0
2022-02-16-05-49-00 GMT-0500,185.75,185.79,185.7,185.7,185.7,0
2022-02-16-05-50-00 GMT-0500,185.8,185.8,185.66,185.7,185.7,0
2022-02-16-05-51-00 GMT-0500,185.7,185.75,185.65,185.65,185.65,0
2022-02-16-05-52-00 GMT-0500,185.65,185.65,185.47,185.47,185.47,0
2022-02-16-05-53-00 GMT-0500,185.5,185.9,185.5,185.5,185.5,0
2022-02-16-05-54-00 GMT-0500,185.88,185.88,185.88,185.88,185.88,0
2022-02-16-05-55-00 GMT-0500,185.9,185.9,185.5,185.6,185.6,0
2022-02-16-05-56-00 GMT-0500,185.66,185.9,185.5,185.66,185.66,0
2022-02-16-05-57-00 GMT-0500,185.66,185.7,185.66,185.7,185.7,0
2022-02-16-05-59-00 GMT-0500,185.69,185.69,185.66,185.66,185.66,0
2022-02-16-06-01-00 GMT-0500,185.7,185.75,185.66,185.66,185.66,0
2022-02-16-06-02-00 GMT-0500,185.66,185.75,185.66,185.75,185.75,0
2022-02-16-06-03-00 GMT-0500,185.75,185.75,185.75,185.75,185.75,0
2022-02-16-06-04-00 GMT-0500,185.7,185.7,185.66,185.66,185.66,0
2022-02-16-06-05-00 GMT-0500,185.66,185.66,185.4,185.61,185.61,0
2022-02-16-06-06-00 GMT-0500,185.6,185.6,185.6,185.6,185.6,0
2022-02-16-06-07-00 GMT-0500,185.6,185.9,185.6,185.75,185.75,0
2022-02-16-06-08-00 GMT-0500,185.62,185.62,185.62,185.62,185.62,0
2022-02-16-06-09-00 GMT-0500,185.63,185.63,185.62,185.62,185.62,0
2022-02-16-06-13-00 GMT-0500,185.62,185.75,185.4,185.75,185.75,0
2022-02-16-06-14-00 GMT-0500,185.4,185.4,185.4,185.4,185.4,0
2022-02-16-06-15-00 GMT-0500,185.7,185.75,185.62,185.75,185.75,0
2022-02-16-06-18-00 GMT-0500,185.76,185.98,185.76,185.98,185.98,0
2022-02-16-06-19-00 GMT-0500,185.98,186.0,185.98,186.0,186.0,0
2022-02-16-06-20-00 GMT-0500,185.98,185.98,185.9,185.9,185.9,0
2022-02-16-06-21-00 GMT-0500,185.85,185.85,185.85,185.85,185.85,0
2022-02-16-06-22-00 GMT-0500,185.76,185.76,185.69,185.69,185.69,0
2022-02-16-06-23-00 GMT-0500,185.69,185.69,185.69,185.69,185.69,0
2022-02-16-06-24-00 GMT-0500,185.7,185.7,185.7,185.7,185.7,0
2022-02-16-06-25-00 GMT-0500,185.97,185.97,185.97,185.97,185.97,0
2022-02-16-06-28-00 GMT-0500,185.7,185.7,185.69,185.69,185.69,0
2022-02-16-06-30-00 GMT-0500,185.55,185.6,185.55,185.6,185.6,0
2022-02-16-06-31-00 GMT-0500,185.54,185.69,185.54,185.69,185.69,0
2022-02-16-06-33-00 GMT-0500,185.69,185.78,185.69,185.78,185.78,0
2022-02-16-06-34-00 GMT-0500,185.72,185.72,185.55,185.55,185.55,0
2022-02-16-06-35-00 GMT-0500,185.55,185.55,185.55,185.55,185.55,0
2022-02-16-06-36-00 GMT-0500,185.52,185.78,185.4,185.78,185.78,0
2022-02-16-06-37-00 GMT-0500,185.53,185.78,185.53,185.78,185.78,0
2022-02-16-06-38-00 GMT-0500,185.53,185.53,185.45,185.45,185.45,0
2022-02-16-06-39-00 GMT-0500,185.55,185.55,185.5,185.5,185.5,0
2022-02-16-06-40-00 GMT-0500,185.5,185.78,185.5,185.78,185.78,0
2022-02-16-06-41-00 GMT-0500,185.78,185.78,185.75,185.75,185.75,0
2022-02-16-06-42-00 GMT-0500,185.78,185.78,185.78,185.78,185.78,0
2022-02-16-06-43-00 GMT-0500,185.55,185.78,185.55,185.78,185.78,0
2022-02-16-06-44-00 GMT-0500,185.77,185.77,185.5,185.6,185.6,0
2022-02-16-06-45-00 GMT-0500,185.45,185.5,185.3,185.3,185.3,0
2022-02-16-06-46-00 GMT-0500,185.35,185.35,185.35,185.35,185.35,0
2022-02-16-06-47-00 GMT-0500,185.5,185.5,185.36,185.5,185.5,0
2022-02-16-06-48-00 GMT-0500,185.64,185.64,185.5,185.5,185.5,0
2022-02-16-06-50-00 GMT-0500,185.79,185.87,185.76,185.8,185.8,0
2022-02-16-06-52-00 GMT-0500,185.8,185.8,185.8,185.8,185.8,0
2022-02-16-06-53-00 GMT-0500,185.95,185.95,185.95,185.95,185.95,0
2022-02-16-06-54-00 GMT-0500,185.8,185.84,185.8,185.84,185.84,0
2022-02-16-06-55-00 GMT-0500,185.81,185.85,185.81,185.85,185.85,0
2022-02-16-06-56-00 GMT-0500,185.95,186.05,185.93,186.05,186.05,0
2022-02-16-06-57-00 GMT-0500,186.07,186.1,185.79,186.08,186.08,0
2022-02-16-06-58-00 GMT-0500,185.83,186.08,185.83,186.08,186.08,0
2022-02-16-06-59-00 GMT-0500,186.08,186.08,185.91,185.91,185.91,0
2022-02-16-07-00-00 GMT-0500,186.03,186.53,186.0,186.5,186.5,0
2022-02-16-07-01-00 GMT-0500,186.49,186.52,186.02,186.05,186.05,0
2022-02-16-07-02-00 GMT-0500,186.11,186.52,186.11,186.49,186.49,0
2022-02-16-07-03-00 GMT-0500,186.49,186.53,186.25,186.53,186.53,0
2022-02-16-07-04-00 GMT-0500,186.43,186.53,186.36,186.36,186.36,0
2022-02-16-07-05-00 GMT-0500,186.58,186.72,186.15,186.6,186.6,0
2022-02-16-07-06-00 GMT-0500,186.57,186.97,186.51,186.97,186.97,0
2022-02-16-07-07-00 GMT-0500,186.96,187.1,186.96,187.06,187.06,0
2022-02-16-07-08-00 GMT-0500,187.06,187.1,186.69,186.77,186.77,0
2022-02-16-07-09-00 GMT-0500,186.88,186.89,186.74,186.81,186.81,0
2022-02-16-07-10-00 GMT-0500,186.85,186.88,186.69,186.8,186.8,0
2022-02-16-07-11-00 GMT-0500,186.8,186.9,186.7,186.7,186.7,0
2022-02-16-07-12-00 GMT-0500,186.8,186.86,186.7,186.86,186.86,0
2022-02-16-07-13-00 GMT-0500,186.71,186.85,186.61,186.65,186.65,0
2022-02-16-07-14-00 GMT-0500,186.75,186.75,186.65,186.65,186.65,0
2022-02-16-07-15-00 GMT-0500,186.66,186.71,186.5,186.7,186.7,0
2022-02-16-07-16-00 GMT-0500,186.56,186.64,186.45,186.56,186.56,0
2022-02-16-07-17-00 GMT-0500,186.56,186.8,186.56,186.8,186.8,0
2022-02-16-07-18-00 GMT-0500,186.57,186.75,186.56,186.57,186.57,0
2022-02-16-07-19-00 GMT-0500,186.8,186.8,186.6,186.62,186.62,0
2022-02-16-07-20-00 GMT-0500,186.66,186.66,186.62,186.62,186.62,0
2022-02-16-07-21-00 GMT-0500,186.57,186.62,186.51,186.62,186.62,0
2022-02-16-07-22-00 GMT-0500,186.53,186.62,186.52,186.62,186.62,0
2022-02-16-07-23-00 GMT-0500,186.62,186.62,186.61,186.61,186.61,0
2022-02-16-07-24-00 GMT-0500,186.6,186.62,186.39,186.46,186.46,0
2022-02-16-07-25-00 GMT-0500,186.46,186.6,186.46,186.56,186.56,0
2022-02-16-07-26-00 GMT-0500,186.49,186.51,186.36,186.42,186.42,0
2022-02-16-07-27-00 GMT-0500,186.42,186.5,186.34,186.36,186.36,0
2022-02-16-07-28-00 GMT-0500,186.37,186.46,186.36,186.36,186.36,0
2022-02-16-07-29-00 GMT-0500,186.4,186.4,186.26,186.3,186.3,0
2022-02-16-07-30-00 GMT-0500,186.3,186.35,186.11,186.11,186.11,0
2022-02-16-07-31-00 GMT-0500,186.28,186.46,186.23,186.42,186.42,0
2022-02-16-07-32-00 GMT-0500,186.46,186.46,186.28,186.3,186.3,0
2022-02-16-07-33-00 GMT-0500,186.33,186.35,186.23,186.23,186.23,0
2022-02-16-07-34-00 GMT-0500,186.19,186.4,186.19,186.39,186.39,0
2022-02-16-07-35-00 GMT-0500,186.4,186.56,186.16,186.18,186.18,0
2022-02-16-07-36-00 GMT-0500,186.16,186.16,186.08,186.08,186.08,0
2022-02-16-07-37-00 GMT-0500,186.28,186.37,186.01,186.01,186.01,0
2022-02-16-07-38-00 GMT-0500,186.11,186.22,186.01,186.1,186.1,0
2022-02-16-07-39-00 GMT-0500,186.12,186.12,186.0,186.0,186.0,0
2022-02-16-07-40-00 GMT-0500,186.07,186.38,186.0,186.38,186.38,0
2022-02-16-07-41-00 GMT-0500,186.34,186.38,186.25,186.25,186.25,0
2022-02-16-07-42-00 GMT-0500,186.25,186.25,186.11,186.2,186.2,0
2022-02-16-07-43-00 GMT-0500,186.25,186.38,186.2,186.35,186.35,0
2022-02-16-07-44-00 GMT-0500,186.25,186.46,186.17,186.4,186.4,0
2022-02-16-07-45-00 GMT-0500,186.24,186.42,186.21,186.42,186.42,0
2022-02-16-07-46-00 GMT-0500,186.4,186.6,186.4,186.6,186.6,0
2022-02-16-07-47-00 GMT-0500,186.53,186.62,186.42,186.6,186.6,0
2022-02-16-07-48-00 GMT-0500,186.6,186.66,186.58,186.58,186.58,0
2022-02-16-07-49-00 GMT-0500,186.6,186.69,186.5,186.66,186.66,0
2022-02-16-07-50-00 GMT-0500,186.65,187.0,186.65,186.95,186.95,0
2022-02-16-07-51-00 GMT-0500,187.08,187.1,186.85,186.85,186.85,0
2022-02-16-07-52-00 GMT-0500,186.98,187.04,186.85,187.0,187.0,0
2022-02-16-07-53-00 GMT-0500,187.0,187.0,186.85,187.0,187.0,0
2022-02-16-07-55-00 GMT-0500,186.86,187.0,186.85,187.0,187.0,0
2022-02-16-07-56-00 GMT-0500,187.0,187.01,186.86,186.9,186.9,0
2022-02-16-07-57-00 GMT-0500,187.03,187.1,186.89,186.94,186.94,0
2022-02-16-07-58-00 GMT-0500,186.87,186.99,186.85,186.85,186.85,0
2022-02-16-07-59-00 GMT-0500,186.87,187.32,186.87,187.19,187.19,0
2022-02-16-08-00-00 GMT-0500,187.31,187.32,186.0,187.08,187.08,0
2022-02-16-08-01-00 GMT-0500,187.09,188.0,186.22,187.01,187.01,0
2022-02-16-08-02-00 GMT-0500,187.25,187.29,187.0101,187.15,187.15,0
2022-02-16-08-03-00 GMT-0500,187.3,187.3,187.0,187.02,187.02,0
2022-02-16-08-04-00 GMT-0500,187.29,187.29,187.0,187.0101,187.0101,0
2022-02-16-08-05-00 GMT-0500,187.05,187.29,187.0,187.0,187.0,0
2022-02-16-08-06-00 GMT-0500,187.0,187.01,186.77,187.01,187.01,0
2022-02-16-08-07-00 GMT-0500,187.01,187.01,186.5,186.96,186.96,0
2022-02-16-08-08-00 GMT-0500,186.96,187.01,186.69,186.82,186.82,0
2022-02-16-08-09-00 GMT-0500,186.8,186.8,186.66,186.66,186.66,0
2022-02-16-08-10-00 GMT-0500,186.67,186.91,186.55,186.59,186.59,0
2022-02-16-08-11-00 GMT-0500,186.58,186.91,186.45,186.5,186.5,0
2022-02-16-08-12-00 GMT-0500,186.63,186.78,186.4,186.4,186.4,0
2022-02-16-08-13-00 GMT-0500,186.45,186.5,186.3,186.36,186.36,0
2022-02-16-08-14-00 GMT-0500,186.32,186.5,186.32,186.45,186.45,0
2022-02-16-08-15-00 GMT-0500,186.5,186.5,186.4,186.45,186.45,0
2022-02-16-08-16-00 GMT-0500,186.5,186.5,186.3,186.43,186.43,0
2022-02-16-08-17-00 GMT-0500,186.4,186.5,186.31,186.4,186.4,0
2022-02-16-08-18-00 GMT-0500,186.4999,186.4999,186.39,186.39,186.39,0
2022-02-16-08-19-00 GMT-0500,186.33,186.5,186.3,186.5,186.5,0
2022-02-16-08-20-00 GMT-0500,186.4,186.4,186.3,186.4,186.4,0
2022-02-16-08-21-00 GMT-0500,186.4,186.4,186.3,186.3,186.3,0
2022-02-16-08-22-00 GMT-0500,186.34,186.38,186.3,186.3,186.3,0
2022-02-16-08-23-00 GMT-0500,186.24,186.24,186.0,186.0,186.0,0
2022-02-16-08-24-00 GMT-0500,186.0,186.14,185.78,185.97,185.97,0
2022-02-16-08-25-00 GMT-0500,185.8,186.0,185.6,185.72,185.72,0
2022-02-16-08-26-00 GMT-0500,185.8,186.0,185.78,185.99,185.99,0
2022-02-16-08-27-00 GMT-0500,185.94,186.0,185.77,185.89,185.89,0
2022-02-16-08-28-00 GMT-0500,185.89,185.89,185.57,185.57,185.57,0
2022-02-16-08-29-00 GMT-0500,185.61,185.84,185.15,185.5,185.5,0
2022-02-16-08-30-00 GMT-0500,185.47,185.4787,185.15,185.4,185.4,0
2022-02-16-08-31-00 GMT-0500,185.28,185.78,185.22,185.41,185.41,0
2022-02-16-08-32-00 GMT-0500,185.6,185.9,185.38,185.86,185.86,0
2022-02-16-08-33-00 GMT-0500,185.9,185.9,185.56,185.85,185.85,0
2022-02-16-08-34-00 GMT-0500,185.69,185.85,185.6,185.85,185.85,0
2022-02-16-08-35-00 GMT-0500,185.73,185.85,185.52,185.85,185.85,0
2022-02-16-08-36-00 GMT-0500,185.85,185.85,185.67,185.84,185.84,0
2022-02-16-08-37-00 GMT-0500,185.84,185.85,185.5,185.63,185.63,0
2022-02-16-08-38-00 GMT-0500,185.522,185.85,185.522,185.65,185.65,0
2022-02-16-08-39-00 GMT-0500,185.84,185.85,185.72,185.8,185.8,0
2022-02-16-08-40-00 GMT-0500,185.79,185.85,185.75,185.75,185.75,0
2022-02-16-08-41-00 GMT-0500,185.75,185.8441,185.75,185.82,185.82,0
2022-02-16-08-42-00 GMT-0500,185.8,185.85,185.75,185.84,185.84,0
2022-02-16-08-43-00 GMT-0500,185.84,185.84,185.55,185.55,185.55,0
2022-02-16-08-44-00 GMT-0500,185.62,185.75,185.29,185.3,185.3,0
2022-02-16-08-45-00 GMT-0500,185.34,185.34,184.2,184.5,184.5,0
2022-02-16-08-46-00 GMT-0500,184.5,185.5,184.5,185.15,185.15,0
2022-02-16-08-47-00 GMT-0500,185.33,185.33,184.65,184.96,184.96,0
2022-02-16-08-48-00 GMT-0500,184.82,185.5,184.75,185.0,185.0,0
2022-02-16-08-49-00 GMT-0500,185.2,185.28,184.76,185.0,185.0,0
2022-02-16-08-50-00 GMT-0500,185.0,185.3,184.17,184.75,184.75,0
2022-02-16-08-51-00 GMT-0500,184.73,184.96,184.17,184.37,184.37,0
2022-02-16-08-52-00 GMT-0500,184.37,184.5,184.1791,184.1791,184.1791,0
2022-02-16-08-53-00 GMT-0500,184.26,184.4,184.1,184.26,184.26,0
2022-02-16-08-54-00 GMT-0500,184.26,184.49,184.26,184.3,184.3,0
2022-02-16-08-55-00 GMT-0500,184.33,184.5,184.12,184.25,184.25,0
2022-02-16-08-56-00 GMT-0500,184.25,184.2501,183.8,183.8,183.8,0
2022-02-16-08-57-00 GMT-0500,183.75,183.8949,183.48,183.62,183.62,0
2022-02-16-08-58-00 GMT-0500,184.0,184.0,183.31,184.0,184.0,0
2022-02-16-08-59-00 GMT-0500,183.9767,183.9767,183.5,183.77,183.77,0
2022-02-16-09-00-00 GMT-0500,183.999,183.999,183.54,183.57,183.57,0
2022-02-16-09-01-00 GMT-0500,183.54,184.0,183.54,183.78,183.78,0
2022-02-16-09-02-00 GMT-0500,183.78,184.25,183.78,184.25,184.25,0
2022-02-16-09-03-00 GMT-0500,184.0,184.5,183.561,183.9,183.9,0
2022-02-16-09-04-00 GMT-0500,184.23,184.26,183.72,183.81,183.81,0
2022-02-16-09-05-00 GMT-0500,183.8,183.81,183.66,183.66,183.66,0
2022-02-16-09-06-00 GMT-0500,183.72,183.79,182.89,182.89,182.89,0
2022-02-16-09-07-00 GMT-0500,182.88,183.11,182.53,182.785,182.785,0
2022-02-16-09-08-00 GMT-0500,182.79,183.66,182.5,183.38,183.38,0
2022-02-16-09-09-00 GMT-0500,183.46,183.74,183.19,183.66,183.66,0
2022-02-16-09-10-00 GMT-0500,183.8,183.85,183.68,183.85,183.85,0
2022-02-16-09-11-00 GMT-0500,183.85,183.85,183.01,183.06,183.06,0
2022-02-16-09-12-00 GMT-0500,183.06,183.18,182.5,182.69,182.69,0
2022-02-16-09-13-00 GMT-0500,182.87,182.94,182.25,182.34,182.34,0
2022-02-16-09-14-00 GMT-0500,182.38,182.54,181.6,182.04,182.04,0
2022-02-16-09-15-00 GMT-0500,182.328,182.54,182.3001,182.54,182.54,0
2022-02-16-09-16-00 GMT-0500,182.53,182.8,182.32,182.5915,182.5915,0
2022-02-16-09-30-00 GMT-0500,180.0,180.35989379882812,179.2281951904297,180.0,180.0,1129195
2022-02-16-09-31-00 GMT-0500,179.96209716796875,182.0,179.24009704589844,180.0872039794922,180.0872039794922,258352
2022-02-16-09-32-00 GMT-0500,180.02000427246094,182.8000030517578,179.7899932861328,181.1898956298828,181.1898956298828,241287
2022-02-16-09-33-00 GMT-0500,180.6300048828125,181.3800048828125,179.8000030517578,180.80499267578125,180.80499267578125,183609
2022-02-16-09-34-00 GMT-0500,180.64999389648438,181.25999450683594,180.3101043701172,181.0850067138672,181.0850067138672,145460
2022-02-16-09-35-00 GMT-0500,181.19000244140625,184.17990112304688,180.88499450683594,183.6990966796875,183.6990966796875,265370
2022-02-16-09-36-00 GMT-0500,183.8000030517578,185.3000030517578,183.52000427246094,185.22999572753906,185.22999572753906,342532
2022-02-16-09-37-00 GMT-0500,185.05999755859375,186.0399932861328,184.63929748535156,185.69500732421875,185.69500732421875,208175
2022-02-16-09-38-00 GMT-0500,185.5500030517578,185.66000366210938,183.2100067138672,183.6591033935547,183.6591033935547,195743
2022-02-16-09-39-00 GMT-0500,183.6750030517578,184.8000030517578,183.1199951171875,183.63400268554688,183.63400268554688,146153
2022-02-16-09-40-00 GMT-0500,183.6750030517578,184.54879760742188,183.15499877929688,183.15499877929688,183.15499877929688,105393
2022-02-16-09-41-00 GMT-0500,183.14500427246094,185.1699981689453,183.14500427246094,184.8000030517578,184.8000030517578,139599
2022-02-16-09-42-00 GMT-0500,184.69869995117188,185.27999877929688,184.58999633789062,185.0,185.0,139754
2022-02-16-09-43-00 GMT-0500,185.02499389648438,186.3000030517578,184.7899932861328,184.7899932861328,184.7899932861328,198615
2022-02-16-09-44-00 GMT-0500,184.64999389648438,184.75999450683594,183.83999633789062,184.27999877929688,184.27999877929688,93226
2022-02-16-09-45-00 GMT-0500,184.3800048828125,184.91000366210938,184.1699981689453,184.48500061035156,184.48500061035156,66078
2022-02-16-09-46-00 GMT-0500,184.47500610351562,185.0,184.47500610351562,184.8800048828125,184.8800048828125,61922
2022-02-16-09-47-00 GMT-0500,184.84500122070312,185.07000732421875,183.46580505371094,183.88999938964844,183.88999938964844,154875
2022-02-16-09-48-00 GMT-0500,183.77999877929688,185.06829833984375,183.3000030517578,184.47129821777344,184.47129821777344,103541
2022-02-16-09-49-00 GMT-0500,184.51499938964844,184.89500427246094,184.01010131835938,184.3000030517578,184.3000030517578,89314
2022-02-16-09-50-00 GMT-0500,184.14500427246094,184.33999633789062,183.1300048828125,183.1300048828125,183.1300048828125,78379
2022-02-16-09-51-00 GMT-0500,183.19000244140625,184.0,182.62539672851562,183.6300048828125,183.6300048828125,89018
2022-02-16-09-52-00 GMT-0500,183.6300048828125,184.1300048828125,183.28750610351562,183.28750610351562,183.28750610351562,78305
2022-02-16-09-53-00 GMT-0500,183.27000427246094,183.4398956298828,182.78219604492188,183.2550048828125,183.2550048828125,87823
2022-02-16-09-54-00 GMT-0500,183.25,184.27999877929688,183.0800018310547,184.25999450683594,184.25999450683594,109270
2022-02-16-09-55-00 GMT-0500,184.2100067138672,184.84800720214844,184.2100067138672,184.52999877929688,184.52999877929688,132380
2022-02-16-09-56-00 GMT-0500,184.44000244140625,184.86810302734375,183.44000244140625,183.80999755859375,183.80999755859375,130240
2022-02-16-09-57-00 GMT-0500,183.8350067138672,184.89999389648438,183.79429626464844,184.8800048828125,184.8800048828125,77148
2022-02-16-09-58-00 GMT-0500,184.85000610351562,185.14999389648438,184.3699951171875,184.5395050048828,184.5395050048828,148988
2022-02-16-09-59-00 GMT-0500,184.60690307617188,184.86000061035156,184.50999450683594,184.6300048828125,184.6300048828125,66399
2022-02-16-10-00-00 GMT-0500,184.5800018310547,184.77999877929688,183.3408966064453,184.37449645996094,184.37449645996094,133696
2022-02-16-10-01-00 GMT-0500,184.41000366210938,184.60000610351562,183.68890380859375,184.41099548339844,184.41099548339844,60656
2022-02-16-10-02-00 GMT-0500,184.29530334472656,184.49000549316406,183.92379760742188,184.4499969482422,184.4499969482422,63027
2022-02-16-10-03-00 GMT-0500,184.3699951171875,184.49000549316406,184.06390380859375,184.14999389648438,184.14999389648438,65722
2022-02-16-10-04-00 GMT-0500,184.16400146484375,185.14999389648438,184.16400146484375,184.61000061035156,184.61000061035156,115824
2022-02-16-10-05-00 GMT-0500,184.67999267578125,184.94000244140625,184.5,184.71859741210938,184.71859741210938,46114
2022-02-16-10-06-00 GMT-0500,184.82650756835938,185.0467987060547,184.67129516601562,184.8699951171875,184.8699951171875,78074
2022-02-16-10-07-00 GMT-0500,184.81900024414062,186.05999755859375,184.81900024414062,185.83999633789062,185.83999633789062,144338
2022-02-16-10-08-00 GMT-0500,185.75999450683594,186.04989624023438,185.16000366210938,185.49000549316406,185.49000549316406,75823
2022-02-16-10-09-00 GMT-0500,185.47999572753906,185.6199951171875,185.0399932861328,185.22000122070312,185.22000122070312,71548
2022-02-16-10-10-00 GMT-0500,185.1833953857422,185.64999389648438,184.69659423828125,184.96180725097656,184.96180725097656,118041
2022-02-16-10-11-00 GMT-0500,184.91000366210938,185.04840087890625,184.7100067138672,184.88999938964844,184.88999938964844,47739
2022-02-16-10-12-00 GMT-0500,184.91000366210938,185.5,184.75,185.38999938964844,185.38999938964844,67814
2022-02-16-10-13-00 GMT-0500,185.3800048828125,185.44619750976562,185.11000061035156,185.14999389648438,185.14999389648438,29243
2022-02-16-10-14-00 GMT-0500,185.13499450683594,185.19369506835938,184.2028045654297,184.48500061035156,184.48500061035156,58509
2022-02-16-10-15-00 GMT-0500,184.46800231933594,184.64999389648438,184.3000030517578,184.4199981689453,184.4199981689453,37616
2022-02-16-10-16-00 GMT-0500,184.50999450683594,184.99000549316406,184.42999267578125,184.87969970703125,184.87969970703125,52560
2022-02-16-10-17-00 GMT-0500,184.9199981689453,185.5,184.8000030517578,185.285400390625,185.285400390625,43419
2022-02-16-10-18-00 GMT-0500,185.32000732421875,185.5,184.92010498046875,184.9550018310547,184.9550018310547,38689
2022-02-16-10-19-00 GMT-0500,184.95889282226562,185.25999450683594,184.57000732421875,185.25070190429688,185.25070190429688,50449
2022-02-16-10-20-00 GMT-0500,185.19000244140625,185.20370483398438,184.548095703125,184.65499877929688,184.65499877929688,23835
2022-02-16-10-21-00 GMT-0500,184.65499877929688,185.13400268554688,184.60000610351562,184.83999633789062,184.83999633789062,25391
2022-02-16-10-22-00 GMT-0500,184.8000030517578,185.17999267578125,184.6199951171875,184.8249969482422,184.8249969482422,52111
2022-02-16-10-23-00 GMT-0500,184.8000030517578,184.9499969482422,184.72000122070312,184.72999572753906,184.72999572753906,33467
2022-02-16-10-24-00 GMT-0500,184.82000732421875,185.02000427246094,184.35000610351562,184.6199951171875,184.6199951171875,69463
2022-02-16-10-25-00 GMT-0500,184.67999267578125,184.75999450683594,184.49000549316406,184.63999938964844,184.63999938964844,16769
2022-02-16-10-26-00 GMT-0500,184.64500427246094,185.0,184.4600067138672,184.56500244140625,184.56500244140625,44793
2022-02-16-10-27-00 GMT-0500,184.53500366210938,184.69000244140625,184.0800018310547,184.20010375976562,184.20010375976562,46466
2022-02-16-10-28-00 GMT-0500,184.2899932861328,185.5,184.1999969482422,185.0301055908203,185.0301055908203,49513
2022-02-16-10-29-00 GMT-0500,185.22000122070312,185.75,185.14999389648438,185.60499572753906,185.60499572753906,59636
2022-02-16-10-30-00 GMT-0500,185.60000610351562,186.0,185.5399932861328,185.97000122070312,185.97000122070312,70674
2022-02-16-10-31-00 GMT-0500,185.89529418945312,186.16000366210938,185.5800018310547,185.9600067138672,185.9600067138672,55232
2022-02-16-10-32-00 GMT-0500,185.9199981689453,185.99989318847656,185.1999969482422,185.4199981689453,185.4199981689453,67439
2022-02-16-10-33-00 GMT-0500,185.44000244140625,186.10000610351562,185.37109375,185.52349853515625,185.52349853515625,71757
2022-02-16-10-34-00 GMT-0500,185.5,186.08999633789062,185.42999267578125,185.72000122070312,185.72000122070312,65451
2022-02-16-10-35-00 GMT-0500,185.7899932861328,186.05999755859375,185.7899932861328,185.97999572753906,185.97999572753906,41409
2022-02-16-10-36-00 GMT-0500,185.99000549316406,186.08999633789062,185.5,185.6396942138672,185.6396942138672,73291
2022-02-16-10-37-00 GMT-0500,185.63650512695312,185.9499969482422,185.60499572753906,185.81179809570312,185.81179809570312,29608
2022-02-16-10-38-00 GMT-0500,185.85159301757812,186.08990478515625,185.7100067138672,186.00999450683594,186.00999450683594,46019
2022-02-16-10-39-00 GMT-0500,186.05999755859375,186.5,186.0,186.29989624023438,186.29989624023438,117638
2022-02-16-10-40-00 GMT-0500,186.26739501953125,186.34620666503906,186.0,186.0,186.0,47962
2022-02-16-10-41-00 GMT-0500,186.01499938964844,186.33990478515625,185.85000610351562,186.1199951171875,186.1199951171875,50407
2022-02-16-10-42-00 GMT-0500,186.07000732421875,186.35000610351562,186.02000427246094,186.28500366210938,186.28500366210938,35336
2022-02-16-10-43-00 GMT-0500,186.33999633789062,187.07000732421875,186.3000030517578,187.02999877929688,187.02999877929688,144315
2022-02-16-10-44-00 GMT-0500,187.0399932861328,187.3699951171875,186.9300994873047,187.35000610351562,187.35000610351562,77012
2022-02-16-10-45-00 GMT-0500,187.34890747070312,187.39999389648438,187.13999938964844,187.3000030517578,187.3000030517578,75618
2022-02-16-10-46-00 GMT-0500,187.30999755859375,187.37969970703125,187.1999969482422,187.25999450683594,187.25999450683594,49747
2022-02-16-10-47-00 GMT-0500,187.25999450683594,187.35940551757812,187.2436065673828,187.29989624023438,187.29989624023438,87610
2022-02-16-10-48-00 GMT-0500,187.2895965576172,187.8699951171875,187.25999450683594,187.7899932861328,187.7899932861328,142103
2022-02-16-10-49-00 GMT-0500,187.75540161132812,188.16000366210938,187.75540161132812,188.1199951171875,188.1199951171875,105531
2022-02-16-10-50-00 GMT-0500,188.11500549316406,188.1999969482422,188.0500030517578,188.12030029296875,188.12030029296875,50151
2022-02-16-10-51-00 GMT-0500,188.6916046142578,188.85000610351562,188.6300048828125,188.7899932861328,188.7899932861328,158659
2022-02-16-10-52-00 GMT-0500,188.83999633789062,189.07000732421875,188.78689575195312,189.0,189.0,127017
2022-02-16-10-53-00 GMT-0500,188.98500061035156,189.55810546875,188.7899932861328,189.4199981689453,189.4199981689453,131057
2022-02-16-10-54-00 GMT-0500,189.3699951171875,189.5500030517578,188.9499969482422,189.00889587402344,189.00889587402344,80482
2022-02-16-10-55-00 GMT-0500,188.9600067138672,189.5731964111328,188.85000610351562,189.4199981689453,189.4199981689453,88729
2022-02-16-10-56-00 GMT-0500,189.3800048828125,189.39999389648438,188.91000366210938,188.91000366210938,188.91000366210938,87998
2022-02-16-10-57-00 GMT-0500,188.9600067138672,189.1999969482422,188.55999755859375,188.7259063720703,188.7259063720703,73815
2022-02-16-10-58-00 GMT-0500,188.7498016357422,189.0,188.625,188.91000366210938,188.91000366210938,72820
2022-02-16-10-59-00 GMT-0500,188.84500122070312,189.306396484375,188.82000732421875,189.1699981689453,189.1699981689453,76652
2022-02-16-11-00-00 GMT-0500,189.1999969482422,189.35000610351562,188.8699951171875,189.06210327148438,189.06210327148438,83425
2022-02-16-11-01-00 GMT-0500,189.11000061035156,189.2100067138672,188.92100524902344,189.06500244140625,189.06500244140625,59174
2022-02-16-11-02-00 GMT-0500,189.00999450683594,189.27000427246094,189.00010681152344,189.27000427246094,189.27000427246094,47448
2022-02-16-11-03-00 GMT-0500,189.25100708007812,189.47000122070312,189.23500061035156,189.4468994140625,189.4468994140625,58192
2022-02-16-11-04-00 GMT-0500,189.4799041748047,189.6999969482422,189.33999633789062,189.6199951171875,189.6199951171875,139019
2022-02-16-11-05-00 GMT-0500,189.6199951171875,189.9499969482422,189.57000732421875,189.94000244140625,189.94000244140625,172745
2022-02-16-11-06-00 GMT-0500,189.94500732421875,190.1699981689453,189.6999969482422,189.82000732421875,189.82000732421875,209391
2022-02-16-11-07-00 GMT-0500,189.82000732421875,190.14999389648438,189.75,189.88999938964844,189.88999938964844,67389
2022-02-16-11-08-00 GMT-0500,189.86000061035156,190.1999969482422,189.29010009765625,190.05520629882812,190.05520629882812,119228
2022-02-16-11-09-00 GMT-0500,190.14999389648438,190.14999389648438,189.83999633789062,189.86000061035156,189.86000061035156,107497
2022-02-16-11-10-00 GMT-0500,189.9550018310547,191.11000061035156,189.8699951171875,190.89999389648438,190.89999389648438,200081
2022-02-16-11-11-00 GMT-0500,191.02000427246094,191.3291015625,190.84339904785156,191.3000030517578,191.3000030517578,132669
2022-02-16-11-12-00 GMT-0500,191.28970336914062,191.35000610351562,190.95399475097656,191.25999450683594,191.25999450683594,85491
2022-02-16-11-13-00 GMT-0500,191.25999450683594,191.3000030517578,190.72999572753906,191.10459899902344,191.10459899902344,89591
2022-02-16-11-14-00 GMT-0500,191.08999633789062,191.25,190.8699951171875,191.13499450683594,191.13499450683594,78564
2022-02-16-11-15-00 GMT-0500,191.17999267578125,191.21139526367188,190.9499969482422,191.00999450683594,191.00999450683594,60840
2022-02-16-11-16-00 GMT-0500,190.97300720214844,191.35000610351562,190.91000366210938,191.31689453125,191.31689453125,86431
2022-02-16-11-17-00 GMT-0500,191.3498992919922,191.69000244140625,191.2899932861328,191.5500030517578,191.5500030517578,99270
2022-02-16-11-18-00 GMT-0500,191.49000549316406,191.72999572753906,191.25169372558594,191.36489868164062,191.36489868164062,70650
2022-02-16-11-19-00 GMT-0500,191.30999755859375,191.50999450683594,191.22000122070312,191.4499969482422,191.4499969482422,53001
2022-02-16-11-20-00 GMT-0500,191.4499969482422,191.63999938964844,190.9199981689453,191.25,191.25,89393
2022-02-16-11-21-00 GMT-0500,191.16009521484375,191.32989501953125,191.10000610351562,191.14500427246094,191.14500427246094,39473
2022-02-16-11-22-00 GMT-0500,191.1457061767578,191.22000122070312,189.8000030517578,190.01510620117188,190.01510620117188,140593
2022-02-16-11-23-00 GMT-0500,190.10000610351562,190.61129760742188,190.02999877929688,190.5399932861328,190.5399932861328,52575
2022-02-16-11-24-00 GMT-0500,190.49000549316406,190.97999572753906,190.3699951171875,190.9550018310547,190.9550018310547,35692
2022-02-16-11-25-00 GMT-0500,191.0,191.2899932861328,190.87429809570312,190.90499877929688,190.90499877929688,69136
2022-02-16-11-26-00 GMT-0500,190.87600708007812,191.16990661621094,190.75999450683594,190.8800048828125,190.8800048828125,37348
2022-02-16-11-27-00 GMT-0500,190.8800048828125,191.6199951171875,190.6699981689453,191.45010375976562,191.45010375976562,82309
2022-02-16-11-28-00 GMT-0500,191.52999877929688,191.5500030517578,191.22999572753906,191.3800048828125,191.3800048828125,52588
2022-02-16-11-29-00 GMT-0500,191.3249969482422,191.47000122070312,191.00010681152344,191.30960083007812,191.30960083007812,50368
2022-02-16-11-30-00 GMT-0500,191.1999969482422,191.1999969482422,190.60000610351562,190.6699981689453,190.6699981689453,39344
2022-02-16-11-31-00 GMT-0500,190.66000366210938,191.1300048828125,190.14999389648438,190.14999389648438,190.14999389648438,60596
2022-02-16-11-32-00 GMT-0500,190.2100067138672,190.38999938964844,189.17999267578125,189.3000030517578,189.3000030517578,96974
2022-02-16-11-33-00 GMT-0500,189.24879455566406,189.42999267578125,188.5500030517578,189.09359741210938,189.09359741210938,124362
2022-02-16-11-34-00 GMT-0500,189.12820434570312,189.60000610351562,189.07000732421875,189.17999267578125,189.17999267578125,73691
2022-02-16-11-35-00 GMT-0500,189.16000366210938,189.35009765625,188.7899932861328,189.0850067138672,189.0850067138672,55970
2022-02-16-11-36-00 GMT-0500,189.0850067138672,189.6300048828125,188.83999633789062,189.5084991455078,189.5084991455078,51451
2022-02-16-11-37-00 GMT-0500,189.5030059814453,189.58999633789062,188.97999572753906,189.4700927734375,189.4700927734375,50182
2022-02-16-11-38-00 GMT-0500,189.5399932861328,189.92990112304688,189.38499450683594,189.4600067138672,189.4600067138672,48045
2022-02-16-11-39-00 GMT-0500,189.44500732421875,189.48989868164062,189.0,189.3000030517578,189.3000030517578,25169
2022-02-16-11-40-00 GMT-0500,189.2720947265625,189.5,189.13079833984375,189.42930603027344,189.42930603027344,42698
2022-02-16-11-41-00 GMT-0500,189.41000366210938,189.49830627441406,189.20010375976562,189.3220977783203,189.3220977783203,35272
2022-02-16-11-42-00 GMT-0500,189.3800048828125,189.86000061035156,189.3800048828125,189.8300018310547,189.8300018310547,80213
2022-02-16-11-43-00 GMT-0500,189.80499267578125,189.82000732421875,189.2899932861328,189.35000610351562,189.35000610351562,41079
2022-02-16-11-44-00 GMT-0500,189.3350067138672,189.69679260253906,189.25999450683594,189.66220092773438,189.66220092773438,31733
2022-02-16-11-45-00 GMT-0500,189.7100067138672,190.1699981689453,189.6280059814453,190.0229949951172,190.0229949951172,46911
2022-02-16-11-46-00 GMT-0500,190.01559448242188,190.01559448242188,189.591796875,189.83999633789062,189.83999633789062,24686
2022-02-16-11-47-00 GMT-0500,189.86000061035156,189.9866943359375,189.58009338378906,189.83999633789062,189.83999633789062,25190
2022-02-16-11-48-00 GMT-0500,189.86500549316406,189.88999938964844,188.90789794921875,188.9499969482422,188.9499969482422,45579
2022-02-16-11-49-00 GMT-0500,188.97999572753906,189.35000610351562,188.8699951171875,189.13999938964844,189.13999938964844,41005
2022-02-16-11-50-00 GMT-0500,189.2100067138672,189.6009063720703,189.17999267578125,189.50579833984375,189.50579833984375,22725
2022-02-16-11-51-00 GMT-0500,189.57989501953125,189.5800018310547,189.28500366210938,189.3800048828125,189.3800048828125,21586
2022-02-16-11-52-00 GMT-0500,189.39999389648438,189.4499969482422,189.1999969482422,189.27000427246094,189.27000427246094,17507
2022-02-16-11-53-00 GMT-0500,189.23500061035156,189.32000732421875,189.07000732421875,189.26499938964844,189.26499938964844,21483
2022-02-16-11-54-00 GMT-0500,189.28500366210938,189.33889770507812,188.66000366210938,189.01100158691406,189.01100158691406,51125
2022-02-16-11-55-00 GMT-0500,188.9949951171875,189.3800048828125,188.9499969482422,189.1999969482422,189.1999969482422,22247
2022-02-16-11-56-00 GMT-0500,189.1699981689453,189.6009979248047,188.97000122070312,189.53509521484375,189.53509521484375,30501
2022-02-16-11-57-00 GMT-0500,189.6074981689453,189.86990356445312,189.4600067138672,189.5,189.5,33379
2022-02-16-11-58-00 GMT-0500,189.5050048828125,189.5950927734375,189.38999938964844,189.58999633789062,189.58999633789062,24660
2022-02-16-11-59-00 GMT-0500,189.52999877929688,189.6898956298828,189.39999389648438,189.5,189.5,25993
2022-02-16-12-00-00 GMT-0500,189.43150329589844,189.76499938964844,189.1800994873047,189.76499938964844,189.76499938964844,29524
2022-02-16-12-01-00 GMT-0500,189.7899932861328,190.1699981689453,189.72000122070312,190.0500030517578,190.0500030517578,93857
2022-02-16-12-02-00 GMT-0500,190.08999633789062,190.58999633789062,190.0500030517578,190.3800048828125,190.3800048828125,72918
2022-02-16-12-03-00 GMT-0500,190.39999389648438,190.4199981689453,189.86000061035156,189.97959899902344,189.97959899902344,50799
2022-02-16-12-04-00 GMT-0500,189.9980926513672,190.10000610351562,189.88499450683594,189.88499450683594,189.88499450683594,29227
2022-02-16-12-05-00 GMT-0500,189.88409423828125,189.88409423828125,189.25999450683594,189.66000366210938,189.66000366210938,40805
2022-02-16-12-06-00 GMT-0500,189.61000061035156,189.72000122070312,189.47500610351562,189.57009887695312,189.57009887695312,25057
2022-02-16-12-07-00 GMT-0500,189.6300048828125,190.1199951171875,189.52000427246094,190.07000732421875,190.07000732421875,37232
2022-02-16-12-08-00 GMT-0500,190.01499938964844,190.17999267578125,189.89999389648438,190.0281982421875,190.0281982421875,33296
2022-02-16-12-09-00 GMT-0500,190.0399932861328,190.07000732421875,189.85000610351562,189.9499969482422,189.9499969482422,22798
2022-02-16-12-10-00 GMT-0500,189.92579650878906,190.0500030517578,189.3000030517578,189.30999755859375,189.30999755859375,41949
2022-02-16-12-11-00 GMT-0500,189.35000610351562,189.6999969482422,189.35000610351562,189.6999969482422,189.6999969482422,30664
2022-02-16-12-12-00 GMT-0500,189.67999267578125,189.7357940673828,189.50999450683594,189.64999389648438,189.64999389648438,20844
2022-02-16-12-13-00 GMT-0500,189.60000610351562,190.25,189.60000610351562,190.25,190.25,36967
2022-02-16-12-14-00 GMT-0500,190.24000549316406,190.24000549316406,189.83819580078125,189.96499633789062,189.96499633789062,34040
2022-02-16-12-15-00 GMT-0500,189.94000244140625,190.02999877929688,189.6719970703125,189.6719970703125,189.6719970703125,29769
2022-02-16-12-16-00 GMT-0500,189.74710083007812,189.8000030517578,189.55999755859375,189.59500122070312,189.59500122070312,26601
2022-02-16-12-17-00 GMT-0500,189.60000610351562,189.70779418945312,189.47000122070312,189.47000122070312,189.47000122070312,23820
2022-02-16-12-18-00 GMT-0500,189.44500732421875,189.54989624023438,189.38999938964844,189.46969604492188,189.46969604492188,75502
2022-02-16-12-19-00 GMT-0500,189.49000549316406,189.49000549316406,188.7310028076172,188.90499877929688,188.90499877929688,61173
2022-02-16-12-20-00 GMT-0500,188.9199981689453,188.94039916992188,187.7100067138672,187.8800048828125,187.8800048828125,97008
2022-02-16-12-21-00 GMT-0500,187.8800048828125,188.25900268554688,187.79010009765625,188.1999969482422,188.1999969482422,41448
2022-02-16-12-22-00 GMT-0500,188.24400329589844,188.75999450683594,188.1999969482422,188.64059448242188,188.64059448242188,36579
2022-02-16-12-23-00 GMT-0500,188.63999938964844,188.8000030517578,188.50010681152344,188.60000610351562,188.60000610351562,34327
2022-02-16-12-24-00 GMT-0500,188.6300048828125,188.7100067138672,188.44000244140625,188.5500030517578,188.5500030517578,28938
2022-02-16-12-25-00 GMT-0500,188.5489959716797,188.8000030517578,188.4199981689453,188.73770141601562,188.73770141601562,31976
2022-02-16-12-26-00 GMT-0500,188.64999389648438,188.64999389648438,188.40159606933594,188.41050720214844,188.41050720214844,26352
2022-02-16-12-27-00 GMT-0500,188.43499755859375,188.78939819335938,188.41000366210938,188.69500732421875,188.69500732421875,22405
2022-02-16-12-28-00 GMT-0500,188.69000244140625,188.99400329589844,188.3300018310547,188.41000366210938,188.41000366210938,59051
2022-02-16-12-29-00 GMT-0500,188.44500732421875,188.64999389648438,188.43130493164062,188.47999572753906,188.47999572753906,21532
2022-02-16-12-30-00 GMT-0500,188.50729370117188,188.55999755859375,187.61000061035156,187.61000061035156,187.61000061035156,48239
2022-02-16-12-31-00 GMT-0500,187.76699829101562,187.7884063720703,187.32009887695312,187.6750030517578,187.6750030517578,52131
2022-02-16-12-32-00 GMT-0500,187.63499450683594,187.63499450683594,187.35000610351562,187.4600067138672,187.4600067138672,25402
2022-02-16-12-33-00 GMT-0500,187.44000244140625,187.55999755859375,187.05299377441406,187.4949951171875,187.4949951171875,63149
2022-02-16-12-34-00 GMT-0500,187.49729919433594,187.52999877929688,187.22000122070312,187.47999572753906,187.47999572753906,31805
2022-02-16-12-35-00 GMT-0500,187.4199981689453,187.72999572753906,187.0800018310547,187.26499938964844,187.26499938964844,53550
2022-02-16-12-36-00 GMT-0500,187.33999633789062,187.35000610351562,187.16000366210938,187.2888946533203,187.2888946533203,34470
2022-02-16-12-37-00 GMT-0500,187.33999633789062,187.47999572753906,187.28770446777344,187.4199981689453,187.4199981689453,21067
2022-02-16-12-38-00 GMT-0500,187.39999389648438,187.47999572753906,187.33999633789062,187.38999938964844,187.38999938964844,14814
2022-02-16-12-39-00 GMT-0500,187.3997039794922,187.8800048828125,187.36000061035156,187.83999633789062,187.83999633789062,35562
2022-02-16-12-40-00 GMT-0500,187.7949981689453,188.37179565429688,187.75999450683594,188.27000427246094,188.27000427246094,41499
2022-02-16-12-41-00 GMT-0500,188.30999755859375,188.35000610351562,187.9499969482422,188.00999450683594,188.00999450683594,29037
2022-02-16-12-42-00 GMT-0500,187.97999572753906,188.19000244140625,187.88780212402344,188.089599609375,188.089599609375,25551
2022-02-16-12-43-00 GMT-0500,188.05999755859375,188.47000122070312,187.9199981689453,188.4199981689453,188.4199981689453,48371
2022-02-16-12-44-00 GMT-0500,188.39999389648438,188.47000122070312,187.875,187.875,187.875,47393
2022-02-16-12-45-00 GMT-0500,187.875,188.1699981689453,187.80999755859375,187.94000244140625,187.94000244140625,32038
2022-02-16-12-46-00 GMT-0500,187.89999389648438,188.05999755859375,187.61000061035156,187.7100067138672,187.7100067138672,34249
2022-02-16-12-47-00 GMT-0500,187.68589782714844,187.72000122070312,187.4008026123047,187.6199951171875,187.6199951171875,35753
2022-02-16-12-48-00 GMT-0500,187.61000061035156,187.81500244140625,187.47999572753906,187.81500244140625,187.81500244140625,26981
2022-02-16-12-49-00 GMT-0500,187.81500244140625,188.0449981689453,187.7899932861328,187.8699951171875,187.8699951171875,28961
2022-02-16-12-50-00 GMT-0500,187.92999267578125,188.0948028564453,187.64999389648438,187.65139770507812,187.65139770507812,24248
2022-02-16-12-51-00 GMT-0500,187.60000610351562,187.64999389648438,187.27999877929688,187.35499572753906,187.35499572753906,29479
2022-02-16-12-52-00 GMT-0500,187.3249969482422,187.3699951171875,186.8300018310547,186.89999389648438,186.89999389648438,73899
2022-02-16-12-53-00 GMT-0500,186.92999267578125,187.05999755859375,186.8699951171875,187.05709838867188,187.05709838867188,54871
2022-02-16-12-54-00 GMT-0500,187.10000610351562,187.25,187.0,187.0050048828125,187.0050048828125,47990
2022-02-16-12-55-00 GMT-0500,187.02000427246094,187.2198944091797,186.7899932861328,187.11000061035156,187.11000061035156,38022
2022-02-16-12-56-00 GMT-0500,187.0800018310547,187.10000610351562,186.8300018310547,187.10000610351562,187.10000610351562,23187
2022-02-16-12-57-00 GMT-0500,187.13499450683594,187.35499572753906,187.1300048828125,187.1875,187.1875,38355
2022-02-16-12-58-00 GMT-0500,187.19500732421875,187.22000122070312,186.8699951171875,186.89999389648438,186.89999389648438,33022
2022-02-16-12-59-00 GMT-0500,186.89999389648438,187.0,186.57000732421875,186.9600067138672,186.9600067138672,49512
2022-02-16-13-00-00 GMT-0500,186.94000244140625,187.3000030517578,186.9250030517578,187.27999877929688,187.27999877929688,24938
2022-02-16-13-01-00 GMT-0500,187.25999450683594,187.2899932861328,187.0749969482422,187.25,187.25,33589
2022-02-16-13-02-00 GMT-0500,187.2449951171875,187.27999877929688,187.09010314941406,187.09010314941406,187.09010314941406,19626
2022-02-16-13-03-00 GMT-0500,187.08999633789062,187.1300048828125,186.83999633789062,186.97999572753906,186.97999572753906,32582
2022-02-16-13-04-00 GMT-0500,187.0,187.08990478515625,186.82000732421875,187.0,187.0,33272
2022-02-16-13-05-00 GMT-0500,187.0699005126953,187.35000610351562,187.02000427246094,187.14999389648438,187.14999389648438,45802
2022-02-16-13-06-00 GMT-0500,187.19000244140625,187.35499572753906,187.1300048828125,187.2906036376953,187.2906036376953,37364
2022-02-16-13-07-00 GMT-0500,187.32000732421875,187.5850067138672,187.32000732421875,187.57000732421875,187.57000732421875,30963
2022-02-16-13-08-00 GMT-0500,187.57960510253906,187.72520446777344,187.35000610351562,187.61000061035156,187.61000061035156,21803
2022-02-16-13-09-00 GMT-0500,187.6199951171875,187.66000366210938,187.22999572753906,187.3094940185547,187.3094940185547,37517
2022-02-16-13-10-00 GMT-0500,187.3090057373047,187.50860595703125,187.110107421875,187.3300018310547,187.3300018310547,22479
2022-02-16-13-11-00 GMT-0500,187.3498992919922,187.4716033935547,187.22999572753906,187.42999267578125,187.42999267578125,16148
2022-02-16-13-12-00 GMT-0500,187.4499969482422,187.63980102539062,187.3800048828125,187.5399932861328,187.5399932861328,21256
2022-02-16-13-13-00 GMT-0500,187.52499389648438,187.58509826660156,187.1300048828125,187.28379821777344,187.28379821777344,31149
2022-02-16-13-14-00 GMT-0500,187.24000549316406,187.32000732421875,187.1199951171875,187.24000549316406,187.24000549316406,16932
2022-02-16-13-15-00 GMT-0500,187.2386016845703,187.48989868164062,187.1699981689453,187.44500732421875,187.44500732421875,13783
2022-02-16-13-16-00 GMT-0500,187.48989868164062,187.52999877929688,187.3300018310547,187.3699951171875,187.3699951171875,17649
2022-02-16-13-17-00 GMT-0500,187.41000366210938,187.41000366210938,187.31500244140625,187.3300018310547,187.3300018310547,10839
2022-02-16-13-18-00 GMT-0500,187.3800048828125,187.94000244140625,187.3699951171875,187.94000244140625,187.94000244140625,25862
2022-02-16-13-19-00 GMT-0500,187.9199981689453,187.9499969482422,187.67999267578125,187.9492950439453,187.9492950439453,24824
2022-02-16-13-20-00 GMT-0500,187.89999389648438,188.10000610351562,187.8000030517578,188.02000427246094,188.02000427246094,33635
2022-02-16-13-21-00 GMT-0500,188.0800018310547,188.3491973876953,188.02999877929688,188.20770263671875,188.20770263671875,30269
2022-02-16-13-22-00 GMT-0500,188.19000244140625,188.2803955078125,188.0200958251953,188.19000244140625,188.19000244140625,33758
2022-02-16-13-23-00 GMT-0500,188.24000549316406,188.3917999267578,188.0,188.3699951171875,188.3699951171875,20782
2022-02-16-13-24-00 GMT-0500,188.3800048828125,188.3800048828125,187.7550048828125,187.77000427246094,187.77000427246094,38950
2022-02-16-13-25-00 GMT-0500,187.8000030517578,187.89390563964844,187.64999389648438,187.872802734375,187.872802734375,18968
2022-02-16-13-26-00 GMT-0500,187.86500549316406,187.8802032470703,187.5399932861328,187.63999938964844,187.63999938964844,20030
2022-02-16-13-27-00 GMT-0500,187.63499450683594,187.63499450683594,187.0399932861328,187.30990600585938,187.30990600585938,23135
2022-02-16-13-28-00 GMT-0500,187.24339294433594,187.5500030517578,187.24339294433594,187.50999450683594,187.50999450683594,16399
2022-02-16-13-29-00 GMT-0500,187.50999450683594,187.54440307617188,187.3699951171875,187.5,187.5,14435
2022-02-16-13-30-00 GMT-0500,187.51499938964844,187.55999755859375,187.36000061035156,187.41209411621094,187.41209411621094,12974
2022-02-16-13-31-00 GMT-0500,187.4149932861328,187.4499969482422,187.09060668945312,187.24000549316406,187.24000549316406,16736
2022-02-16-13-32-00 GMT-0500,187.22500610351562,187.3000030517578,187.125,187.26499938964844,187.26499938964844,15538
2022-02-16-13-33-00 GMT-0500,187.27639770507812,187.5,187.22000122070312,187.42999267578125,187.42999267578125,26991
2022-02-16-13-34-00 GMT-0500,187.4149932861328,187.5,187.35499572753906,187.464599609375,187.464599609375,13946
2022-02-16-13-35-00 GMT-0500,187.4586944580078,187.56790161132812,187.3000030517578,187.52999877929688,187.52999877929688,33216
2022-02-16-13-36-00 GMT-0500,187.52999877929688,187.58999633789062,187.35499572753906,187.5800018310547,187.5800018310547,29963
2022-02-16-13-37-00 GMT-0500,187.60000610351562,187.8249969482422,187.5500030517578,187.77000427246094,187.77000427246094,34072
2022-02-16-13-38-00 GMT-0500,187.7449951171875,187.9091033935547,187.5500946044922,187.86000061035156,187.86000061035156,27919
2022-02-16-13-39-00 GMT-0500,187.83140563964844,188.0,187.66000366210938,187.97000122070312,187.97000122070312,20483
2022-02-16-13-40-00 GMT-0500,187.97000122070312,188.0050048828125,187.64500427246094,187.86000061035156,187.86000061035156,39128
2022-02-16-13-41-00 GMT-0500,187.8350067138672,188.1999053955078,187.8350067138672,188.07000732421875,188.07000732421875,47071
2022-02-16-13-42-00 GMT-0500,188.19000244140625,188.25,187.74000549316406,187.77020263671875,187.77020263671875,35126
2022-02-16-13-43-00 GMT-0500,187.8000030517578,187.8699951171875,187.7100067138672,187.77000427246094,187.77000427246094,14477
2022-02-16-13-44-00 GMT-0500,187.6999969482422,187.89990234375,187.65769958496094,187.8153076171875,187.8153076171875,16163
2022-02-16-13-45-00 GMT-0500,187.8000030517578,188.1999969482422,187.8000030517578,188.1999969482422,188.1999969482422,22539
2022-02-16-13-46-00 GMT-0500,188.22999572753906,188.49989318847656,188.22999572753906,188.27499389648438,188.27499389648438,47615
2022-02-16-13-47-00 GMT-0500,188.24000549316406,188.27999877929688,187.86500549316406,188.10000610351562,188.10000610351562,26170
2022-02-16-13-48-00 GMT-0500,188.07000732421875,188.17999267578125,187.94000244140625,188.12660217285156,188.12660217285156,18300
2022-02-16-13-49-00 GMT-0500,188.1699981689453,188.19000244140625,188.0800018310547,188.13499450683594,188.13499450683594,16662
2022-02-16-13-50-00 GMT-0500,188.1699981689453,188.8800048828125,188.1649932861328,188.71499633789062,188.71499633789062,55186
2022-02-16-13-51-00 GMT-0500,188.75,188.85899353027344,188.67999267578125,188.69479370117188,188.69479370117188,35831
2022-02-16-13-52-00 GMT-0500,188.6699981689453,188.83990478515625,188.6300048828125,188.83990478515625,188.83990478515625,18958
2022-02-16-13-53-00 GMT-0500,188.77999877929688,189.08999633789062,188.7550048828125,188.96009826660156,188.96009826660156,44667
2022-02-16-13-54-00 GMT-0500,188.97999572753906,188.97999572753906,188.7169952392578,188.7949981689453,188.7949981689453,18793
2022-02-16-13-55-00 GMT-0500,188.75,188.75,188.36000061035156,188.39999389648438,188.39999389648438,25318
2022-02-16-13-56-00 GMT-0500,188.39999389648438,188.39999389648438,188.02000427246094,188.18499755859375,188.18499755859375,16909
2022-02-16-13-57-00 GMT-0500,188.25999450683594,188.48989868164062,188.25,188.33999633789062,188.33999633789062,15024
2022-02-16-13-58-00 GMT-0500,188.33999633789062,188.39999389648438,188.16000366210938,188.1699981689453,188.1699981689453,15260
2022-02-16-13-59-00 GMT-0500,188.2100067138672,188.74000549316406,188.0399932861328,188.42999267578125,188.42999267578125,25616
2022-02-16-14-00-00 GMT-0500,188.4250030517578,189.72000122070312,188.3000030517578,189.3699951171875,189.3699951171875,46145
2022-02-16-14-01-00 GMT-0500,189.52000427246094,189.52000427246094,188.6999969482422,189.00599670410156,189.00599670410156,40716
2022-02-16-14-02-00 GMT-0500,189.15780639648438,189.16000366210938,187.44790649414062,187.88999938964844,187.88999938964844,47291
2022-02-16-14-03-00 GMT-0500,187.9199981689453,188.4951934814453,187.72999572753906,188.33050537109375,188.33050537109375,30289
2022-02-16-14-04-00 GMT-0500,188.302001953125,188.97999572753906,188.302001953125,188.5749969482422,188.5749969482422,27059
2022-02-16-14-05-00 GMT-0500,188.5800018310547,188.9499053955078,188.36000061035156,188.81500244140625,188.81500244140625,23259
2022-02-16-14-06-00 GMT-0500,188.7252960205078,188.83999633789062,188.5,188.71009826660156,188.71009826660156,17811
2022-02-16-14-07-00 GMT-0500,188.72500610351562,189.3800048828125,188.72500610351562,189.30999755859375,189.30999755859375,34265
2022-02-16-14-08-00 GMT-0500,189.27000427246094,189.94000244140625,189.17520141601562,189.70069885253906,189.70069885253906,53363
2022-02-16-14-09-00 GMT-0500,189.72999572753906,189.88999938964844,189.32000732421875,189.34500122070312,189.34500122070312,49550
2022-02-16-14-10-00 GMT-0500,189.281494140625,189.77999877929688,188.8699951171875,188.8975067138672,188.8975067138672,59490
2022-02-16-14-11-00 GMT-0500,188.97999572753906,189.25,188.88999938964844,189.22000122070312,189.22000122070312,17649
2022-02-16-14-12-00 GMT-0500,189.16000366210938,189.16000366210938,188.2899932861328,188.40069580078125,188.40069580078125,29129
2022-02-16-14-13-00 GMT-0500,188.3488006591797,188.53500366210938,188.00999450683594,188.4698944091797,188.4698944091797,35936
2022-02-16-14-14-00 GMT-0500,188.3249969482422,188.67999267578125,188.0800018310547,188.1999969482422,188.1999969482422,20844
2022-02-16-14-15-00 GMT-0500,188.1750030517578,188.99989318847656,188.11000061035156,188.8000030517578,188.8000030517578,33884
2022-02-16-14-16-00 GMT-0500,188.74000549316406,188.89999389648438,188.55999755859375,188.5865936279297,188.5865936279297,17654
2022-02-16-14-17-00 GMT-0500,188.50999450683594,188.8000030517578,188.3618927001953,188.8000030517578,188.8000030517578,17265
2022-02-16-14-18-00 GMT-0500,188.82000732421875,189.10000610351562,188.38999938964844,188.7100067138672,188.7100067138672,30323
2022-02-16-14-19-00 GMT-0500,188.78199768066406,189.04190063476562,188.72940063476562,189.0399932861328,189.0399932861328,21324
2022-02-16-14-20-00 GMT-0500,189.03680419921875,189.24949645996094,188.83999633789062,189.2100067138672,189.2100067138672,31042
2022-02-16-14-21-00 GMT-0500,189.1999969482422,189.99989318847656,189.1999969482422,189.81500244140625,189.81500244140625,43441
2022-02-16-14-22-00 GMT-0500,189.93499755859375,190.0,189.7100067138672,189.85499572753906,189.85499572753906,75096
2022-02-16-14-23-00 GMT-0500,189.83529663085938,190.07000732421875,189.67730712890625,189.97000122070312,189.97000122070312,46427
2022-02-16-14-24-00 GMT-0500,190.02000427246094,190.02000427246094,189.64999389648438,189.87570190429688,189.87570190429688,29168
2022-02-16-14-25-00 GMT-0500,189.85000610351562,189.92999267578125,189.79010009765625,189.85020446777344,189.85020446777344,17432
2022-02-16-14-26-00 GMT-0500,189.85000610351562,189.89999389648438,189.75,189.89999389648438,189.89999389648438,16569
2022-02-16-14-27-00 GMT-0500,189.8603057861328,190.1999969482422,189.82000732421875,190.0570068359375,190.0570068359375,30754
2022-02-16-14-28-00 GMT-0500,190.05999755859375,190.11000061035156,189.85000610351562,189.92999267578125,189.92999267578125,23955
2022-02-16-14-29-00 GMT-0500,189.94459533691406,189.94810485839844,189.63999938964844,189.89500427246094,189.89500427246094,21704
2022-02-16-14-30-00 GMT-0500,189.8300018310547,190.25999450683594,189.82000732421875,190.21609497070312,190.21609497070312,47081
2022-02-16-14-31-00 GMT-0500,190.2100067138672,190.30709838867188,189.9499969482422,190.0800018310547,190.0800018310547,47440
2022-02-16-14-32-00 GMT-0500,190.09759521484375,190.19869995117188,189.87109375,190.0449981689453,190.0449981689453,31353
2022-02-16-14-33-00 GMT-0500,190.0399932861328,190.05999755859375,189.6999969482422,189.94000244140625,189.94000244140625,29082
2022-02-16-14-34-00 GMT-0500,189.97000122070312,190.01019287109375,189.82000732421875,189.8800048828125,189.8800048828125,28723
2022-02-16-14-35-00 GMT-0500,189.8800048828125,189.9600067138672,189.72000122070312,189.83999633789062,189.83999633789062,27901
2022-02-16-14-36-00 GMT-0500,189.80999755859375,189.80999755859375,189.5399932861328,189.55369567871094,189.55369567871094,42238
2022-02-16-14-37-00 GMT-0500,189.55369567871094,189.6999969482422,189.1999969482422,189.50010681152344,189.50010681152344,42563
2022-02-16-14-38-00 GMT-0500,189.56069946289062,189.77000427246094,189.27999877929688,189.6699981689453,189.6699981689453,35163
2022-02-16-14-39-00 GMT-0500,189.69000244140625,189.75,189.39999389648438,189.39999389648438,189.39999389648438,28738
2022-02-16-14-40-00 GMT-0500,189.3000030517578,189.32000732421875,188.22999572753906,188.52999877929688,188.52999877929688,68260
2022-02-16-14-41-00 GMT-0500,188.56500244140625,188.77999877929688,188.2100067138672,188.55189514160156,188.55189514160156,17651
2022-02-16-14-42-00 GMT-0500,188.6699981689453,188.9600067138672,188.55999755859375,188.8170928955078,188.8170928955078,21526
2022-02-16-14-43-00 GMT-0500,188.86000061035156,189.24000549316406,188.80999755859375,188.92999267578125,188.92999267578125,17743
2022-02-16-14-44-00 GMT-0500,188.80999755859375,188.92999267578125,188.6300048828125,188.84500122070312,188.84500122070312,17587
2022-02-16-14-45-00 GMT-0500,188.83489990234375,188.9490966796875,188.72000122070312,188.94500732421875,188.94500732421875,8656
2022-02-16-14-46-00 GMT-0500,189.10000610351562,189.26119995117188,189.10000610351562,189.19790649414062,189.19790649414062,31048
2022-02-16-14-47-00 GMT-0500,189.18099975585938,189.19500732421875,188.9459991455078,188.9459991455078,188.9459991455078,17462
2022-02-16-14-48-00 GMT-0500,188.9499969482422,188.9499969482422,188.1199951171875,188.56979370117188,188.56979370117188,37560
2022-02-16-14-49-00 GMT-0500,188.48880004882812,188.55999755859375,188.09010314941406,188.14500427246094,188.14500427246094,21030
2022-02-16-14-50-00 GMT-0500,188.14500427246094,188.14999389648438,187.83360290527344,188.0,188.0,29823
2022-02-16-14-51-00 GMT-0500,188.02999877929688,188.1999969482422,187.88999938964844,188.02999877929688,188.02999877929688,20193
2022-02-16-14-52-00 GMT-0500,188.0800018310547,188.17999267578125,187.52999877929688,187.72999572753906,187.72999572753906,23456
2022-02-16-14-53-00 GMT-0500,187.69920349121094,188.17999267578125,187.69920349121094,188.0449981689453,188.0449981689453,24317
2022-02-16-14-54-00 GMT-0500,187.99000549316406,188.02999877929688,187.8000030517578,187.99009704589844,187.99009704589844,18951
2022-02-16-14-55-00 GMT-0500,188.0294952392578,188.4499969482422,188.0294952392578,188.33999633789062,188.33999633789062,17758
2022-02-16-14-56-00 GMT-0500,188.39999389648438,188.77999877929688,188.27999877929688,188.77999877929688,188.77999877929688,17494
2022-02-16-14-57-00 GMT-0500,188.7458953857422,188.87989807128906,188.50999450683594,188.77000427246094,188.77000427246094,31480
2022-02-16-14-58-00 GMT-0500,188.85000610351562,189.2003936767578,188.77999877929688,189.13600158691406,189.13600158691406,19553
2022-02-16-14-59-00 GMT-0500,189.12319946289062,189.1699981689453,188.88870239257812,189.10369873046875,189.10369873046875,24154
2022-02-16-15-00-00 GMT-0500,189.17999267578125,189.43080139160156,189.07029724121094,189.07029724121094,189.07029724121094,33041
2022-02-16-15-01-00 GMT-0500,189.07000732421875,189.2100067138672,188.98519897460938,189.08580017089844,189.08580017089844,31070
2022-02-16-15-02-00 GMT-0500,189.1300048828125,189.6199951171875,189.11500549316406,189.5800018310547,189.5800018310547,33068
2022-02-16-15-03-00 GMT-0500,189.56739807128906,189.7100067138672,189.4810028076172,189.6999969482422,189.6999969482422,28789
2022-02-16-15-04-00 GMT-0500,189.7100067138672,190.10000610351562,189.60009765625,189.92999267578125,189.92999267578125,63932
2022-02-16-15-05-00 GMT-0500,189.97999572753906,190.0,189.6699981689453,189.77499389648438,189.77499389648438,31533
2022-02-16-15-06-00 GMT-0500,189.8000030517578,189.81500244140625,189.46499633789062,189.5800018310547,189.5800018310547,31806
2022-02-16-15-07-00 GMT-0500,189.52000427246094,189.75,189.41000366210938,189.6699981689453,189.6699981689453,17199
2022-02-16-15-08-00 GMT-0500,189.6999969482422,189.8699951171875,189.5800018310547,189.75999450683594,189.75999450683594,17766
2022-02-16-15-09-00 GMT-0500,189.75,189.8699951171875,189.72000122070312,189.8177032470703,189.8177032470703,17637
2022-02-16-15-10-00 GMT-0500,189.8300018310547,189.9600067138672,189.7899932861328,189.8800048828125,189.8800048828125,27082
2022-02-16-15-11-00 GMT-0500,189.85499572753906,189.85499572753906,189.52999877929688,189.74859619140625,189.74859619140625,46420
2022-02-16-15-12-00 GMT-0500,189.58999633789062,189.74000549316406,189.1999969482422,189.21009826660156,189.21009826660156,49458
2022-02-16-15-13-00 GMT-0500,189.22999572753906,189.3791961669922,188.94949340820312,188.97999572753906,188.97999572753906,28144
2022-02-16-15-14-00 GMT-0500,188.99000549316406,189.24000549316406,188.89999389648438,189.24000549316406,189.24000549316406,35835
2022-02-16-15-15-00 GMT-0500,189.1199951171875,189.24989318847656,188.9781951904297,189.13999938964844,189.13999938964844,12739
2022-02-16-15-16-00 GMT-0500,189.10499572753906,189.36900329589844,189.0399932861328,189.35499572753906,189.35499572753906,18784
2022-02-16-15-17-00 GMT-0500,189.3800048828125,189.3800048828125,188.9499969482422,189.0,189.0,23484
2022-02-16-15-18-00 GMT-0500,189.02499389648438,189.02499389648438,188.68499755859375,188.8437042236328,188.8437042236328,18840
2022-02-16-15-19-00 GMT-0500,188.7899932861328,189.08999633789062,188.7615966796875,189.08999633789062,189.08999633789062,18258
2022-02-16-15-20-00 GMT-0500,188.97999572753906,188.99000549316406,188.66000366210938,188.6750030517578,188.6750030517578,23848
2022-02-16-15-21-00 GMT-0500,188.64999389648438,188.90499877929688,188.55999755859375,188.90499877929688,188.90499877929688,16811
2022-02-16-15-22-00 GMT-0500,188.8699951171875,188.93919372558594,188.30999755859375,188.39999389648438,188.39999389648438,22384
2022-02-16-15-23-00 GMT-0500,188.50999450683594,188.6300048828125,188.3175048828125,188.6147003173828,188.6147003173828,20548
2022-02-16-15-24-00 GMT-0500,188.61000061035156,188.85989379882812,188.5500030517578,188.75999450683594,188.75999450683594,19304
2022-02-16-15-25-00 GMT-0500,188.77999877929688,188.8000030517578,188.6407012939453,188.8000030517578,188.8000030517578,22495
2022-02-16-15-26-00 GMT-0500,188.8000030517578,188.9573974609375,188.77999877929688,188.86500549316406,188.86500549316406,21013
2022-02-16-15-27-00 GMT-0500,188.91000366210938,189.05990600585938,188.85000610351562,189.05990600585938,189.05990600585938,25631
2022-02-16-15-28-00 GMT-0500,189.00999450683594,189.02000427246094,188.8000030517578,188.88499450683594,188.88499450683594,18307
2022-02-16-15-29-00 GMT-0500,188.91000366210938,189.1199951171875,188.82000732421875,189.1199951171875,189.1199951171875,19777
2022-02-16-15-30-00 GMT-0500,189.1300048828125,189.14999389648438,188.8000030517578,188.85000610351562,188.85000610351562,40375
2022-02-16-15-31-00 GMT-0500,188.85000610351562,188.93499755859375,188.7899932861328,188.91000366210938,188.91000366210938,25083
2022-02-16-15-32-00 GMT-0500,188.88999938964844,188.88999938964844,188.0,188.0500030517578,188.0500030517578,56179
2022-02-16-15-33-00 GMT-0500,188.0500030517578,188.2989959716797,187.86000061035156,187.9199981689453,187.9199981689453,48089
2022-02-16-15-34-00 GMT-0500,187.97500610351562,188.19500732421875,187.80999755859375,188.19500732421875,188.19500732421875,32674
2022-02-16-15-35-00 GMT-0500,188.24989318847656,188.24989318847656,188.02999877929688,188.0749969482422,188.0749969482422,28619
2022-02-16-15-36-00 GMT-0500,188.06100463867188,188.16000366210938,187.97999572753906,188.11000061035156,188.11000061035156,26381
2022-02-16-15-37-00 GMT-0500,188.08999633789062,188.3000030517578,187.82000732421875,187.84500122070312,187.84500122070312,43239
2022-02-16-15-38-00 GMT-0500,187.85000610351562,188.02999877929688,187.27999877929688,187.32009887695312,187.32009887695312,67526
2022-02-16-15-39-00 GMT-0500,187.35000610351562,187.62820434570312,187.35000610351562,187.5850067138672,187.5850067138672,44733
2022-02-16-15-40-00 GMT-0500,187.5399932861328,187.87899780273438,187.49000549316406,187.6999969482422,187.6999969482422,26996
2022-02-16-15-41-00 GMT-0500,187.72999572753906,187.8800048828125,187.5399932861328,187.61000061035156,187.61000061035156,34765
2022-02-16-15-42-00 GMT-0500,187.57000732421875,187.75230407714844,187.46499633789062,187.6999969482422,187.6999969482422,38697
2022-02-16-15-43-00 GMT-0500,187.66000366210938,187.6699981689453,187.07899475097656,187.11000061035156,187.11000061035156,46583
2022-02-16-15-44-00 GMT-0500,187.08590698242188,187.24899291992188,187.0800018310547,187.16690063476562,187.16690063476562,32702
2022-02-16-15-45-00 GMT-0500,187.1199951171875,187.31790161132812,186.6699981689453,187.22000122070312,187.22000122070312,66585
2022-02-16-15-46-00 GMT-0500,187.16000366210938,187.57989501953125,187.13999938964844,187.39999389648438,187.39999389648438,45701
2022-02-16-15-47-00 GMT-0500,187.41000366210938,187.52999877929688,187.33999633789062,187.41000366210938,187.41000366210938,29945
2022-02-16-15-48-00 GMT-0500,187.4199981689453,187.6699981689453,187.27000427246094,187.5800018310547,187.5800018310547,35816
2022-02-16-15-49-00 GMT-0500,187.63999938964844,187.73800659179688,187.4600067138672,187.7100067138672,187.7100067138672,38794
2022-02-16-15-50-00 GMT-0500,187.8000030517578,187.8000030517578,187.11000061035156,187.2899932861328,187.2899932861328,57347
2022-02-16-15-51-00 GMT-0500,187.3300018310547,187.55999755859375,187.10000610351562,187.1699981689453,187.1699981689453,74921
2022-02-16-15-52-00 GMT-0500,187.16000366210938,187.3489990234375,186.82000732421875,186.88900756835938,186.88900756835938,61689
2022-02-16-15-53-00 GMT-0500,186.8800048828125,187.22000122070312,186.80999755859375,186.85000610351562,186.85000610351562,70397
2022-02-16-15-54-00 GMT-0500,186.86000061035156,187.02999877929688,186.5399932861328,186.67999267578125,186.67999267578125,86946
2022-02-16-15-55-00 GMT-0500,186.6750030517578,187.0,186.63999938964844,186.86000061035156,186.86000061035156,87087
2022-02-16-15-56-00 GMT-0500,186.89500427246094,186.89500427246094,186.64999389648438,186.72999572753906,186.72999572753906,95057
2022-02-16-15-57-00 GMT-0500,186.74000549316406,186.78829956054688,186.4261016845703,186.44000244140625,186.44000244140625,94342
2022-02-16-15-58-00 GMT-0500,186.4293975830078,186.83999633789062,186.33999633789062,186.80999755859375,186.80999755859375,123061
2022-02-16-15-59-00 GMT-0500,186.8000030517578,186.80999755859375,186.52000427246094,186.52000427246094,186.52000427246094,166034
2022-02-16-16-00-00 GMT-0500,186.64,188.1582,186.55,186.55,186.55,238745
2022-02-16-16-01-00 GMT-0500,186.64,186.64,186.5,186.53,186.53,0
2022-02-16-16-02-00 GMT-0500,186.63,188.1207,186.03,186.44,186.44,0
2022-02-16-16-03-00 GMT-0500,186.11,186.35,186.03,186.03,186.03,0
2022-02-16-16-04-00 GMT-0500,186.06,186.06,186.0,186.0,186.0,0
2022-02-16-16-05-00 GMT-0500,186.22,186.3,186.04,186.29,186.29,0
2022-02-16-16-06-00 GMT-0500,186.0,186.6,186.0,186.0,186.0,0
2022-02-16-16-07-00 GMT-0500,186.0,186.01,186.0,186.01,186.01,0
2022-02-16-16-08-00 GMT-0500,186.28,186.28,185.3,186.15,186.15,0
2022-02-16-16-09-00 GMT-0500,185.77,186.58,185.52,186.58,186.58,0
2022-02-16-16-10-00 GMT-0500,185.2,186.58,185.2,186.58,186.58,0
2022-02-16-16-11-00 GMT-0500,186.41,186.41,185.7,185.7,185.7,0
2022-02-16-16-12-00 GMT-0500,186.0,186.58,186.0,186.1,186.1,0
2022-02-16-16-13-00 GMT-0500,186.33,186.58,186.01,186.01,186.01,0
2022-02-16-16-14-00 GMT-0500,186.58,186.58,185.99,186.01,186.01,0
2022-02-16-16-15-00 GMT-0500,186.21,186.58,186.01,186.03,186.03,0
2022-02-16-16-16-00 GMT-0500,186.01,186.28,186.01,186.28,186.28,0
2022-02-16-16-17-00 GMT-0500,186.5,186.5,186.28,186.28,186.28,0
2022-02-16-16-18-00 GMT-0500,186.05,186.3401,185.8,185.8,185.8,0
2022-02-16-16-19-00 GMT-0500,185.8001,186.03,185.5,186.03,186.03,0
2022-02-16-16-20-00 GMT-0500,185.76,186.64,185.7,185.99,185.99,0
2022-02-16-16-21-00 GMT-0500,185.75,186.28,185.75,186.21,186.21,0
2022-02-16-16-22-00 GMT-0500,186.14,186.1401,186.14,186.1401,186.1401,0
2022-02-16-16-23-00 GMT-0500,186.16,186.16,186.16,186.16,186.16,0
2022-02-16-16-24-00 GMT-0500,186.16,186.17,186.14,186.14,186.14,0
2022-02-16-16-25-00 GMT-0500,186.14,186.26,186.14,186.15,186.15,0
2022-02-16-16-26-00 GMT-0500,186.16,186.59,186.14,186.14,186.14,0
2022-02-16-16-27-00 GMT-0500,186.3,186.59,186.14,186.14,186.14,0
2022-02-16-16-29-00 GMT-0500,186.14,186.39,186.14,186.34,186.34,0
2022-02-16-16-30-00 GMT-0500,186.15,186.31,186.02,186.02,186.02,0
2022-02-16-16-31-00 GMT-0500,186.02,186.44,186.0,186.44,186.44,0
2022-02-16-16-32-00 GMT-0500,186.1,186.1,185.91,186.0,186.0,0
2022-02-16-16-33-00 GMT-0500,186.0,186.15,186.0,186.0,186.0,0
2022-02-16-16-34-00 GMT-0500,186.0,186.5,186.0,186.5,186.5,0
2022-02-16-16-35-00 GMT-0500,186.5,186.5,186.0,186.0,186.0,0
2022-02-16-16-36-00 GMT-0500,186.24,186.5,186.24,186.5,186.5,0
2022-02-16-16-37-00 GMT-0500,186.01,186.01,186.01,186.01,186.01,0
2022-02-16-16-38-00 GMT-0500,186.01,186.1,186.01,186.1,186.1,0
2022-02-16-16-39-00 GMT-0500,186.42,186.42,186.42,186.42,186.42,0
2022-02-16-16-41-00 GMT-0500,186.5,186.5,186.5,186.5,186.5,0
2022-02-16-16-42-00 GMT-0500,186.27,186.31,186.27,186.28,186.28,0
2022-02-16-16-43-00 GMT-0500,186.28,186.5,186.28,186.5,186.5,0
2022-02-16-16-44-00 GMT-0500,186.5,186.5,186.35,186.35,186.35,0
2022-02-16-16-45-00 GMT-0500,186.35,186.35,186.35,186.35,186.35,0
2022-02-16-16-47-00 GMT-0500,186.4,186.45,186.4,186.4,186.4,0
2022-02-16-16-48-00 GMT-0500,186.4,186.5,186.4,186.4,186.4,0
2022-02-16-16-49-00 GMT-0500,186.4,186.55,186.27,186.55,186.55,0
2022-02-16-16-50-00 GMT-0500,186.4,186.41,186.4,186.4,186.4,0
2022-02-16-16-51-00 GMT-0500,186.4,186.4,186.38,186.4,186.4,0
2022-02-16-16-52-00 GMT-0500,186.42,186.48,186.28,186.4,186.4,0
2022-02-16-16-53-00 GMT-0500,186.44,186.44,186.44,186.44,186.44,0
2022-02-16-16-54-00 GMT-0500,186.28,186.5,186.28,186.39,186.39,0
2022-02-16-16-55-00 GMT-0500,186.5,186.5,186.44,186.5,186.5,0
2022-02-16-16-56-00 GMT-0500,186.43,186.5,186.02,186.43,186.43,0
2022-02-16-16-58-00 GMT-0500,186.3,186.3,186.02,186.02,186.02,0
2022-02-16-16-59-00 GMT-0500,186.35,186.35,186.28,186.28,186.28,0
2022-02-16-17-00-00 GMT-0500,186.28,186.48,186.28,186.28,186.28,0
2022-02-16-17-02-00 GMT-0500,186.35,186.5,186.28,186.28,186.28,0
2022-02-16-17-03-00 GMT-0500,186.45,186.45,186.29,186.29,186.29,0
2022-02-16-17-05-00 GMT-0500,186.64,186.64,186.64,186.64,186.64,0
2022-02-16-17-06-00 GMT-0500,186.28,186.45,186.28,186.45,186.45,0
2022-02-16-17-07-00 GMT-0500,186.4,186.45,186.4,186.45,186.45,0
2022-02-16-17-08-00 GMT-0500,186.4,186.4,186.06,186.06,186.06,0
2022-02-16-17-09-00 GMT-0500,186.45,186.45,186.45,186.45,186.45,0
2022-02-16-17-11-00 GMT-0500,186.29,186.5,186.29,186.5,186.5,0
2022-02-16-17-12-00 GMT-0500,186.06,186.45,186.01,186.45,186.45,0
2022-02-16-17-13-00 GMT-0500,186.32,186.5,186.32,186.5,186.5,0
2022-02-16-17-14-00 GMT-0500,186.35,186.38,186.3,186.3,186.3,0
2022-02-16-17-18-00 GMT-0500,186.38,186.38,186.38,186.38,186.38,0
2022-02-16-17-21-00 GMT-0500,186.3,186.3,186.2,186.2,186.2,0
2022-02-16-17-24-00 GMT-0500,186.37,186.38,186.37,186.38,186.38,0
2022-02-16-17-25-00 GMT-0500,186.21,186.38,186.21,186.21,186.21,0
2022-02-16-17-27-00 GMT-0500,186.2,186.22,186.2,186.22,186.22,0
2022-02-16-17-28-00 GMT-0500,186.23,186.49,186.23,186.38,186.38,0
2022-02-16-17-30-00 GMT-0500,186.34,186.4,186.34,186.4,186.4,0
2022-02-16-17-31-00 GMT-0500,186.4,186.4,186.21,186.21,186.21,0
2022-02-16-17-32-00 GMT-0500,186.21,186.21,186.21,186.21,186.21,0
2022-02-16-17-34-00 GMT-0500,186.38,186.38,186.24,186.24,186.24,0
2022-02-16-17-35-00 GMT-0500,186.37,186.37,186.37,186.37,186.37,0
2022-02-16-17-38-00 GMT-0500,186.31,186.31,186.3,186.3,186.3,0
2022-02-16-17-39-00 GMT-0500,186.3,186.37,186.3,186.37,186.37,0
2022-02-16-17-41-00 GMT-0500,186.31,186.32,186.3,186.3,186.3,0
2022-02-16-17-42-00 GMT-0500,186.26,186.27,186.26,186.27,186.27,0
2022-02-16-17-46-00 GMT-0500,186.26,186.26,186.23,186.23,186.23,0
2022-02-16-17-48-00 GMT-0500,186.26,186.27,186.21,186.21,186.21,0
2022-02-16-17-50-00 GMT-0500,186.27,186.27,186.27,186.27,186.27,0
2022-02-16-17-51-00 GMT-0500,186.2601,186.2601,186.2601,186.2601,186.2601,0
2022-02-16-17-52-00 GMT-0500,186.26,186.26,186.26,186.26,186.26,0
2022-02-16-17-58-00 GMT-0500,186.26,186.26,186.2,186.2,186.2,0
2022-02-16-17-59-00 GMT-0500,186.1,186.1,185.97,186.0,186.0,0
2022-02-16-18-00-00 GMT-0500,185.95,186.18,185.95,186.18,186.18,0
2022-02-16-18-01-00 GMT-0500,186.0,186.18,185.95,186.18,186.18,0
2022-02-16-18-04-00 GMT-0500,186.0,186.0,186.0,186.0,186.0,0
2022-02-16-18-06-00 GMT-0500,185.95,186.2,185.95,186.2,186.2,0
2022-02-16-18-08-00 GMT-0500,186.19,186.2,186.19,186.2,186.2,0
2022-02-16-18-10-00 GMT-0500,186.1,186.2,186.1,186.1,186.1,0
2022-02-16-18-13-00 GMT-0500,186.01,186.12,186.01,186.12,186.12,0
2022-02-16-18-14-00 GMT-0500,186.01,186.12,186.0,186.0,186.0,0
2022-02-16-18-15-00 GMT-0500,185.95,185.97,185.95,185.97,185.97,0
2022-02-16-18-19-00 GMT-0500,186.2,186.2,186.18,186.18,186.18,0
2022-02-16-18-20-00 GMT-0500,186.1,186.2,186.1,186.2,186.2,0
2022-02-16-18-22-00 GMT-0500,186.1,186.1,186.02,186.02,186.02,0
2022-02-16-18-23-00 GMT-0500,186.02,186.02,185.95,185.97,185.97,0
2022-02-16-18-24-00 GMT-0500,186.18,186.23,186.18,186.23,186.23,0
2022-02-16-18-26-00 GMT-0500,186.03,186.03,186.03,186.03,186.03,0
2022-02-16-18-28-00 GMT-0500,186.08,186.08,186.0,186.0,186.0,0
2022-02-16-18-30-00 GMT-0500,186.04,186.2,186.04,186.2,186.2,0
2022-02-16-18-32-00 GMT-0500,185.96,186.0,185.96,186.0,186.0,0
2022-02-16-18-36-00 GMT-0500,186.0,186.0,185.96,186.0,186.0,0
2022-02-16-18-37-00 GMT-0500,186.0,186.0,185.95,185.95,185.95,0
2022-02-16-18-38-00 GMT-0500,185.96,185.96,185.9,185.95,185.95,0
2022-02-16-18-44-00 GMT-0500,186.0,186.25,185.9,186.25,186.25,0
2022-02-16-18-48-00 GMT-0500,185.9,186.0,185.9,185.99,185.99,0
2022-02-16-18-49-00 GMT-0500,185.96,185.96,185.96,185.96,185.96,0
2022-02-16-18-50-00 GMT-0500,185.9,185.9,185.9,185.9,185.9,0
2022-02-16-18-51-00 GMT-0500,185.9,186.0,185.89,185.89,185.89,0
2022-02-16-18-52-00 GMT-0500,186.15,186.15,185.89,186.15,186.15,0
2022-02-16-18-53-00 GMT-0500,186.15,186.25,186.15,186.25,186.25,0
2022-02-16-18-55-00 GMT-0500,186.2,186.21,185.83,185.83,185.83,0
2022-02-16-18-56-00 GMT-0500,186.0,186.13,185.69,185.69,185.69,0
2022-02-16-18-57-00 GMT-0500,185.83,185.83,185.64,185.64,185.64,0
2022-02-16-18-58-00 GMT-0500,185.5,185.5,185.5,185.5,185.5,0
2022-02-16-18-59-00 GMT-0500,185.69,186.0,185.55,185.83,185.83,0
2022-02-16-19-00-00 GMT-0500,185.69,185.82,185.58,185.82,185.82,0
2022-02-16-19-03-00 GMT-0500,185.8,185.8,185.5,185.69,185.69,0
2022-02-16-19-04-00 GMT-0500,185.79,185.79,185.55,185.55,185.55,0
2022-02-16-19-07-00 GMT-0500,185.55,185.69,185.55,185.69,185.69,0
2022-02-16-19-09-00 GMT-0500,185.55,185.7,185.55,185.7,185.7,0
2022-02-16-19-12-00 GMT-0500,185.5,185.7,185.5,185.7,185.7,0
2022-02-16-19-16-00 GMT-0500,185.59,185.8,185.56,185.8,185.8,0
2022-02-16-19-19-00 GMT-0500,185.83,185.83,185.55,185.55,185.55,0
2022-02-16-19-22-00 GMT-0500,185.83,185.83,185.75,185.75,185.75,0
2022-02-16-19-23-00 GMT-0500,185.7,185.75,185.7,185.75,185.75,0
2022-02-16-19-26-00 GMT-0500,185.6,185.6,185.5001,185.5001,185.5001,0
2022-02-16-19-28-00 GMT-0500,185.665,185.8,185.665,185.8,185.8,0
2022-02-16-19-29-00 GMT-0500,185.66,185.77,185.66,185.66,185.66,0
2022-02-16-19-30-00 GMT-0500,185.66,185.66,185.66,185.66,185.66,0
2022-02-16-19-37-00 GMT-0500,185.83,185.83,185.75,185.8,185.8,0
2022-02-16-19-40-00 GMT-0500,185.7,185.73,185.6,185.73,185.73,0
2022-02-16-19-41-00 GMT-0500,185.8,185.88,185.75,185.83,185.83,0
2022-02-16-19-42-00 GMT-0500,185.83,185.88,185.83,185.88,185.88,0
2022-02-16-19-43-00 GMT-0500,186.25,186.25,186.0,186.0,186.0,0
2022-02-16-19-48-00 GMT-0500,185.5,185.66,185.5,185.55,185.55,0
2022-02-16-19-50-00 GMT-0500,186.25,186.25,185.99,185.99,185.99,0
2022-02-16-19-51-00 GMT-0500,185.99,185.99,185.99,185.99,185.99,0
2022-02-16-19-52-00 GMT-0500,186.2,186.2,185.99,186.2,186.2,0
2022-02-16-19-53-00 GMT-0500,186.0,186.0,185.66,185.66,185.66,0
2022-02-16-19-55-00 GMT-0500,185.66,185.71,185.66,185.66,185.66,0
2022-02-16-19-56-00 GMT-0500,185.67,185.75,185.6,185.75,185.75,0
2022-02-16-19-58-00 GMT-0500,185.5,185.65,185.5,185.5,185.5,0
2022-02-16-19-59-00 GMT-0500,185.34,185.5,185.34,185.34,185.34,0
