Datetime,Open,High,Low,Close,Adj Close,Volume
2022-01-06-04-00-00 GMT-0500,123.15,123.99,123.05,123.3,123.3,0
2022-01-06-04-01-00 GMT-0500,123.3,123.39,123.2,123.2,123.2,0
2022-01-06-04-02-00 GMT-0500,123.2,123.5,123.2,123.43,123.43,0
2022-01-06-04-03-00 GMT-0500,123.4,123.67,123.4,123.4,123.4,0
2022-01-06-04-04-00 GMT-0500,123.4,123.58,123.33,123.39,123.39,0
2022-01-06-04-05-00 GMT-0500,123.39,123.54,123.3,123.5,123.5,0
2022-01-06-04-06-00 GMT-0500,123.5,123.54,123.46,123.53,123.53,0
2022-01-06-04-07-00 GMT-0500,123.53,123.67,123.53,123.67,123.67,0
2022-01-06-04-08-00 GMT-0500,123.62,123.8,123.57,123.8,123.8,0
2022-01-06-04-09-00 GMT-0500,123.67,123.8,123.63,123.66,123.66,0
2022-01-06-04-10-00 GMT-0500,123.69,123.73,123.6,123.68,123.68,0
2022-01-06-04-11-00 GMT-0500,123.68,123.75,123.6,123.64,123.64,0
2022-01-06-04-12-00 GMT-0500,123.64,123.7,123.62,123.62,123.62,0
2022-01-06-04-13-00 GMT-0500,123.61,123.65,123.61,123.61,123.61,0
2022-01-06-04-14-00 GMT-0500,123.65,123.71,123.65,123.65,123.65,0
2022-01-06-04-15-00 GMT-0500,123.63,123.71,123.63,123.71,123.71,0
2022-01-06-04-16-00 GMT-0500,123.69,123.71,123.6,123.6,123.6,0
2022-01-06-04-17-00 GMT-0500,123.61,123.71,123.61,123.66,123.66,0
2022-01-06-04-18-00 GMT-0500,123.66,123.71,123.66,123.69,123.69,0
2022-01-06-04-19-00 GMT-0500,123.69,123.69,123.61,123.61,123.61,0
2022-01-06-04-20-00 GMT-0500,123.61,123.65,123.6,123.61,123.61,0
2022-01-06-04-21-00 GMT-0500,123.62,123.69,123.6,123.6,123.6,0
2022-01-06-04-22-00 GMT-0500,123.6,123.65,123.6,123.63,123.63,0
2022-01-06-04-23-00 GMT-0500,123.68,123.73,123.62,123.67,123.67,0
2022-01-06-04-24-00 GMT-0500,123.67,123.67,123.62,123.65,123.65,0
2022-01-06-04-25-00 GMT-0500,123.72,123.75,123.7,123.72,123.72,0
2022-01-06-04-26-00 GMT-0500,123.7,123.71,123.63,123.63,123.63,0
2022-01-06-04-27-00 GMT-0500,123.63,123.69,123.62,123.62,123.62,0
2022-01-06-04-28-00 GMT-0500,123.69,123.69,123.62,123.63,123.63,0
2022-01-06-04-29-00 GMT-0500,123.63,123.69,123.63,123.64,123.64,0
2022-01-06-04-30-00 GMT-0500,123.64,123.75,123.64,123.75,123.75,0
2022-01-06-04-31-00 GMT-0500,123.74,123.78,123.63,123.72,123.72,0
2022-01-06-04-32-00 GMT-0500,123.7,123.7,123.6,123.6,123.6,0
2022-01-06-04-33-00 GMT-0500,123.56,123.56,123.3,123.3,123.3,0
2022-01-06-04-34-00 GMT-0500,123.31,123.38,123.3,123.38,123.38,0
2022-01-06-04-35-00 GMT-0500,123.49,123.5,123.38,123.38,123.38,0
2022-01-06-04-36-00 GMT-0500,123.38,123.42,123.32,123.38,123.38,0
2022-01-06-04-37-00 GMT-0500,123.38,123.44,123.32,123.44,123.44,0
2022-01-06-04-38-00 GMT-0500,123.48,123.48,123.44,123.47,123.47,0
2022-01-06-04-39-00 GMT-0500,123.48,123.51,123.48,123.51,123.51,0
2022-01-06-04-40-00 GMT-0500,123.5,123.5,123.37,123.5,123.5,0
2022-01-06-04-41-00 GMT-0500,123.45,123.5,123.4,123.47,123.47,0
2022-01-06-04-42-00 GMT-0500,123.4,123.46,123.36,123.41,123.41,0
2022-01-06-04-43-00 GMT-0500,123.4,123.41,123.4,123.41,123.41,0
2022-01-06-04-44-00 GMT-0500,123.4,123.41,123.4,123.4,123.4,0
2022-01-06-04-45-00 GMT-0500,123.4,123.46,123.4,123.44,123.44,0
2022-01-06-04-47-00 GMT-0500,123.48,123.48,123.4,123.47,123.47,0
2022-01-06-04-48-00 GMT-0500,123.45,123.5,123.45,123.45,123.45,0
2022-01-06-04-49-00 GMT-0500,123.48,123.5,123.45,123.46,123.46,0
2022-01-06-04-50-00 GMT-0500,123.52,123.52,123.46,123.5,123.5,0
2022-01-06-04-51-00 GMT-0500,123.5,123.5,123.5,123.5,123.5,0
2022-01-06-04-54-00 GMT-0500,123.52,123.55,123.52,123.55,123.55,0
2022-01-06-04-55-00 GMT-0500,123.58,123.58,123.5,123.5,123.5,0
2022-01-06-04-56-00 GMT-0500,123.57,123.59,123.36,123.36,123.36,0
2022-01-06-04-57-00 GMT-0500,123.38,123.4,123.36,123.39,123.39,0
2022-01-06-04-58-00 GMT-0500,123.4,123.4,123.36,123.4,123.4,0
2022-01-06-04-59-00 GMT-0500,123.36,123.38,123.34,123.37,123.37,0
2022-01-06-05-00-00 GMT-0500,123.37,123.39,123.36,123.39,123.39,0
2022-01-06-05-01-00 GMT-0500,123.39,123.39,123.39,123.39,123.39,0
2022-01-06-05-02-00 GMT-0500,123.39,123.4,123.39,123.4,123.4,0
2022-01-06-05-03-00 GMT-0500,123.39,123.39,123.37,123.37,123.37,0
2022-01-06-05-06-00 GMT-0500,123.55,123.55,123.39,123.39,123.39,0
2022-01-06-05-07-00 GMT-0500,123.45,123.45,123.39,123.39,123.39,0
2022-01-06-05-08-00 GMT-0500,123.44,123.44,123.39,123.39,123.39,0
2022-01-06-05-09-00 GMT-0500,123.44,123.45,123.39,123.45,123.45,0
2022-01-06-05-10-00 GMT-0500,123.42,123.42,123.42,123.42,123.42,0
2022-01-06-05-11-00 GMT-0500,123.42,123.45,123.38,123.39,123.39,0
2022-01-06-05-13-00 GMT-0500,123.39,123.4,123.37,123.37,123.37,0
2022-01-06-05-14-00 GMT-0500,123.4,123.45,123.4,123.43,123.43,0
2022-01-06-05-15-00 GMT-0500,123.38,123.38,123.38,123.38,123.38,0
2022-01-06-05-17-00 GMT-0500,123.43,123.43,123.38,123.43,123.43,0
2022-01-06-05-18-00 GMT-0500,123.37,123.39,123.32,123.39,123.39,0
2022-01-06-05-19-00 GMT-0500,123.42,123.43,123.42,123.43,123.43,0
2022-01-06-05-21-00 GMT-0500,123.33,123.33,123.33,123.33,123.33,0
2022-01-06-05-22-00 GMT-0500,123.43,123.62,123.43,123.62,123.62,0
2022-01-06-05-23-00 GMT-0500,123.68,123.68,123.62,123.62,123.62,0
2022-01-06-05-24-00 GMT-0500,123.62,123.68,123.53,123.63,123.63,0
2022-01-06-05-25-00 GMT-0500,123.53,123.61,123.53,123.61,123.61,0
2022-01-06-05-26-00 GMT-0500,123.55,123.55,123.51,123.51,123.51,0
2022-01-06-05-27-00 GMT-0500,123.5,123.6,123.5,123.55,123.55,0
2022-01-06-05-28-00 GMT-0500,123.67,123.73,123.67,123.73,123.73,0
2022-01-06-05-29-00 GMT-0500,123.75,123.8,123.6,123.77,123.77,0
2022-01-06-05-31-00 GMT-0500,123.77,123.77,123.77,123.77,123.77,0
2022-01-06-05-32-00 GMT-0500,123.78,123.78,123.75,123.75,123.75,0
2022-01-06-05-33-00 GMT-0500,123.7,123.77,123.7,123.77,123.77,0
2022-01-06-05-34-00 GMT-0500,123.77,123.78,123.7,123.7,123.7,0
2022-01-06-05-35-00 GMT-0500,123.78,123.78,123.77,123.78,123.78,0
2022-01-06-05-37-00 GMT-0500,123.76,123.77,123.63,123.63,123.63,0
2022-01-06-05-38-00 GMT-0500,123.66,123.67,123.66,123.66,123.66,0
2022-01-06-05-39-00 GMT-0500,123.75,123.77,123.75,123.77,123.77,0
2022-01-06-05-40-00 GMT-0500,123.76,123.8,123.76,123.8,123.8,0
2022-01-06-05-41-00 GMT-0500,123.77,123.79,123.77,123.79,123.79,0
2022-01-06-05-42-00 GMT-0500,123.72,123.83,123.68,123.8,123.8,0
2022-01-06-05-43-00 GMT-0500,123.79,123.79,123.73,123.78,123.78,0
2022-01-06-05-44-00 GMT-0500,123.67,123.7,123.67,123.7,123.7,0
2022-01-06-05-45-00 GMT-0500,123.72,123.72,123.68,123.68,123.68,0
2022-01-06-05-46-00 GMT-0500,123.8,123.8,123.78,123.78,123.78,0
2022-01-06-05-48-00 GMT-0500,123.78,123.79,123.71,123.79,123.79,0
2022-01-06-05-49-00 GMT-0500,123.69,123.8,123.68,123.8,123.8,0
2022-01-06-05-50-00 GMT-0500,123.69,123.8,123.69,123.8,123.8,0
2022-01-06-05-52-00 GMT-0500,123.68,123.8,123.68,123.8,123.8,0
2022-01-06-05-53-00 GMT-0500,123.79,123.79,123.79,123.79,123.79,0
2022-01-06-05-54-00 GMT-0500,123.75,123.79,123.67,123.75,123.75,0
2022-01-06-05-55-00 GMT-0500,123.73,123.76,123.73,123.73,123.73,0
2022-01-06-05-56-00 GMT-0500,123.73,123.76,123.73,123.75,123.75,0
2022-01-06-05-57-00 GMT-0500,123.76,123.76,123.76,123.76,123.76,0
2022-01-06-05-58-00 GMT-0500,123.73,123.75,123.64,123.75,123.75,0
2022-01-06-05-59-00 GMT-0500,123.7,123.7,123.7,123.7,123.7,0
2022-01-06-06-01-00 GMT-0500,123.7,123.71,123.6,123.68,123.68,0
2022-01-06-06-02-00 GMT-0500,123.67,123.67,123.65,123.65,123.65,0
2022-01-06-06-05-00 GMT-0500,123.74,124.0,123.74,123.8,123.8,0
2022-01-06-06-06-00 GMT-0500,123.8,123.8,123.77,123.8,123.8,0
2022-01-06-06-07-00 GMT-0500,123.8,123.8,123.8,123.8,123.8,0
2022-01-06-06-09-00 GMT-0500,123.89,124.0,123.81,124.0,124.0,0
2022-01-06-06-10-00 GMT-0500,124.0,124.0,123.9,123.99,123.99,0
2022-01-06-06-11-00 GMT-0500,123.82,123.9,123.8,123.9,123.9,0
2022-01-06-06-12-00 GMT-0500,123.88,123.92,123.88,123.9,123.9,0
2022-01-06-06-13-00 GMT-0500,123.9,123.96,123.8,123.88,123.88,0
2022-01-06-06-14-00 GMT-0500,123.88,123.88,123.77,123.88,123.88,0
2022-01-06-06-15-00 GMT-0500,123.91,123.93,123.89,123.91,123.91,0
2022-01-06-06-16-00 GMT-0500,123.89,123.89,123.89,123.89,123.89,0
2022-01-06-06-17-00 GMT-0500,123.87,123.87,123.7,123.72,123.72,0
2022-01-06-06-18-00 GMT-0500,123.84,123.84,123.84,123.84,123.84,0
2022-01-06-06-20-00 GMT-0500,123.8,123.89,123.73,123.89,123.89,0
2022-01-06-06-21-00 GMT-0500,123.86,123.89,123.86,123.89,123.89,0
2022-01-06-06-22-00 GMT-0500,123.88,123.9,123.62,123.69,123.69,0
2022-01-06-06-24-00 GMT-0500,123.65,123.67,123.65,123.66,123.66,0
2022-01-06-06-25-00 GMT-0500,123.7,123.71,123.7,123.71,123.71,0
2022-01-06-06-26-00 GMT-0500,123.83,123.83,123.83,123.83,123.83,0
2022-01-06-06-27-00 GMT-0500,123.8,123.8,123.69,123.7,123.7,0
2022-01-06-06-29-00 GMT-0500,123.72,123.74,123.71,123.74,123.74,0
2022-01-06-06-30-00 GMT-0500,123.81,123.83,123.73,123.73,123.73,0
2022-01-06-06-31-00 GMT-0500,123.72,123.75,123.68,123.68,123.68,0
2022-01-06-06-33-00 GMT-0500,123.73,123.73,123.7,123.7,123.7,0
2022-01-06-06-35-00 GMT-0500,123.75,123.76,123.75,123.75,123.75,0
2022-01-06-06-36-00 GMT-0500,123.75,123.75,123.75,123.75,123.75,0
2022-01-06-06-37-00 GMT-0500,123.75,123.75,123.69,123.69,123.69,0
2022-01-06-06-38-00 GMT-0500,123.7,123.74,123.68,123.68,123.68,0
2022-01-06-06-39-00 GMT-0500,123.73,123.74,123.69,123.69,123.69,0
2022-01-06-06-40-00 GMT-0500,123.69,123.69,123.6,123.62,123.62,0
2022-01-06-06-41-00 GMT-0500,123.72,123.74,123.72,123.74,123.74,0
2022-01-06-06-42-00 GMT-0500,123.74,123.74,123.7,123.7,123.7,0
2022-01-06-06-44-00 GMT-0500,123.7,123.7,123.61,123.61,123.61,0
2022-01-06-06-47-00 GMT-0500,123.69,123.69,123.69,123.69,123.69,0
2022-01-06-06-48-00 GMT-0500,123.69,123.7,123.69,123.7,123.7,0
2022-01-06-06-50-00 GMT-0500,123.63,123.63,123.56,123.56,123.56,0
2022-01-06-06-51-00 GMT-0500,123.56,123.58,123.56,123.58,123.58,0
2022-01-06-06-54-00 GMT-0500,123.7,123.76,123.69,123.75,123.75,0
2022-01-06-06-55-00 GMT-0500,123.75,123.75,123.65,123.75,123.75,0
2022-01-06-06-57-00 GMT-0500,123.7,123.72,123.65,123.72,123.72,0
2022-01-06-06-58-00 GMT-0500,123.73,123.74,123.73,123.74,123.74,0
2022-01-06-06-59-00 GMT-0500,123.72,123.72,123.72,123.72,123.72,0
2022-01-06-07-00-00 GMT-0500,123.62,123.72,123.58,123.72,123.72,0
2022-01-06-07-01-00 GMT-0500,123.7,123.7,123.67,123.69,123.69,0
2022-01-06-07-02-00 GMT-0500,123.61,123.68,123.61,123.68,123.68,0
2022-01-06-07-03-00 GMT-0500,123.69,123.72,123.62,123.63,123.63,0
2022-01-06-07-04-00 GMT-0500,123.63,123.68,123.63,123.68,123.68,0
2022-01-06-07-05-00 GMT-0500,123.68,123.7,123.63,123.7,123.7,0
2022-01-06-07-06-00 GMT-0500,123.68,123.68,123.68,123.68,123.68,0
2022-01-06-07-07-00 GMT-0500,123.68,123.74,123.61,123.61,123.61,0
2022-01-06-07-08-00 GMT-0500,123.61,123.63,123.61,123.63,123.63,0
2022-01-06-07-09-00 GMT-0500,123.65,123.65,123.65,123.65,123.65,0
2022-01-06-07-10-00 GMT-0500,123.68,123.68,123.67,123.67,123.67,0
2022-01-06-07-11-00 GMT-0500,123.68,123.68,123.66,123.66,123.66,0
2022-01-06-07-12-00 GMT-0500,123.67,123.88,123.67,123.77,123.77,0
2022-01-06-07-13-00 GMT-0500,123.75,123.88,123.7,123.77,123.77,0
2022-01-06-07-14-00 GMT-0500,123.87,123.88,123.87,123.88,123.88,0
2022-01-06-07-15-00 GMT-0500,123.83,124.01,123.83,124.0,124.0,0
2022-01-06-07-16-00 GMT-0500,124.18,124.2,124.18,124.2,124.2,0
2022-01-06-07-17-00 GMT-0500,124.28,124.3,124.16,124.26,124.26,0
2022-01-06-07-18-00 GMT-0500,124.19,124.19,124.14,124.14,124.14,0
2022-01-06-07-19-00 GMT-0500,124.16,124.2,124.15,124.2,124.2,0
2022-01-06-07-20-00 GMT-0500,124.2,124.3,124.17,124.29,124.29,0
2022-01-06-07-21-00 GMT-0500,124.3,124.5,124.26,124.4,124.4,0
2022-01-06-07-22-00 GMT-0500,124.4,124.4,124.26,124.27,124.27,0
2022-01-06-07-23-00 GMT-0500,124.36,124.38,124.25,124.25,124.25,0
2022-01-06-07-24-00 GMT-0500,124.25,124.39,124.25,124.39,124.39,0
2022-01-06-07-25-00 GMT-0500,124.34,124.39,124.22,124.28,124.28,0
2022-01-06-07-26-00 GMT-0500,124.37,124.37,124.2,124.2,124.2,0
2022-01-06-07-27-00 GMT-0500,124.09,124.17,124.06,124.1,124.1,0
2022-01-06-07-28-00 GMT-0500,124.24,124.45,124.23,124.34,124.34,0
2022-01-06-07-29-00 GMT-0500,124.36,124.36,124.33,124.33,124.33,0
2022-01-06-07-30-00 GMT-0500,124.33,124.33,124.16,124.17,124.17,0
2022-01-06-07-31-00 GMT-0500,124.17,124.3,124.16,124.16,124.16,0
2022-01-06-07-32-00 GMT-0500,124.17,124.36,124.17,124.36,124.36,0
2022-01-06-07-33-00 GMT-0500,124.29,124.33,124.22,124.29,124.29,0
2022-01-06-07-34-00 GMT-0500,124.22,124.29,124.22,124.29,124.29,0
2022-01-06-07-35-00 GMT-0500,124.25,124.63,124.22,124.47,124.47,0
2022-01-06-07-36-00 GMT-0500,124.48,124.58,124.45,124.45,124.45,0
2022-01-06-07-37-00 GMT-0500,124.48,124.57,124.45,124.45,124.45,0
2022-01-06-07-38-00 GMT-0500,124.5,124.53,124.45,124.45,124.45,0
2022-01-06-07-39-00 GMT-0500,124.5,124.5,124.45,124.45,124.45,0
2022-01-06-07-40-00 GMT-0500,124.45,124.5,124.43,124.43,124.43,0
2022-01-06-07-41-00 GMT-0500,124.44,124.44,124.31,124.44,124.44,0
2022-01-06-07-42-00 GMT-0500,124.4,124.42,124.35,124.41,124.41,0
2022-01-06-07-43-00 GMT-0500,124.34,124.48,124.34,124.4,124.4,0
2022-01-06-07-44-00 GMT-0500,124.46,124.46,124.38,124.4,124.4,0
2022-01-06-07-45-00 GMT-0500,124.36,124.36,124.15,124.18,124.18,0
2022-01-06-07-46-00 GMT-0500,124.2,124.33,124.18,124.33,124.33,0
2022-01-06-07-47-00 GMT-0500,124.24,124.28,124.11,124.28,124.28,0
2022-01-06-07-48-00 GMT-0500,124.25,124.27,124.16,124.26,124.26,0
2022-01-06-07-49-00 GMT-0500,124.17,124.17,124.15,124.15,124.15,0
2022-01-06-07-50-00 GMT-0500,124.16,124.25,124.16,124.25,124.25,0
2022-01-06-07-51-00 GMT-0500,124.25,124.31,124.25,124.31,124.31,0
2022-01-06-07-52-00 GMT-0500,124.25,124.34,124.25,124.25,124.25,0
2022-01-06-07-53-00 GMT-0500,124.28,124.34,124.25,124.34,124.34,0
2022-01-06-07-54-00 GMT-0500,124.34,124.34,124.21,124.25,124.25,0
2022-01-06-07-55-00 GMT-0500,124.2,124.25,124.17,124.17,124.17,0
2022-01-06-07-56-00 GMT-0500,124.16,124.22,124.15,124.2,124.2,0
2022-01-06-07-57-00 GMT-0500,124.2,124.2,124.16,124.19,124.19,0
2022-01-06-07-58-00 GMT-0500,124.17,124.21,124.16,124.16,124.16,0
2022-01-06-07-59-00 GMT-0500,124.16,124.16,124.16,124.16,124.16,0
2022-01-06-08-00-00 GMT-0500,124.16,124.63,121.8444,124.1,124.1,0
2022-01-06-08-01-00 GMT-0500,124.02,124.06,124.0,124.0,124.0,0
2022-01-06-08-02-00 GMT-0500,124.0,124.19,123.76,123.95,123.95,0
2022-01-06-08-03-00 GMT-0500,123.96,123.99,123.7701,123.99,123.99,0
2022-01-06-08-04-00 GMT-0500,123.95,123.99,123.91,123.98,123.98,0
2022-01-06-08-05-00 GMT-0500,123.91,123.977,123.81,123.85,123.85,0
2022-01-06-08-06-00 GMT-0500,123.85,123.85,123.77,123.77,123.77,0
2022-01-06-08-07-00 GMT-0500,123.8,123.9,123.8,123.89,123.89,0
2022-01-06-08-08-00 GMT-0500,123.9,123.9,123.8201,123.9,123.9,0
2022-01-06-08-09-00 GMT-0500,123.86,123.97,123.86,123.97,123.97,0
2022-01-06-08-10-00 GMT-0500,123.97,123.98,123.88,123.88,123.88,0
2022-01-06-08-11-00 GMT-0500,123.97,124.0,123.85,123.85,123.85,0
2022-01-06-08-12-00 GMT-0500,123.9,123.97,123.85,123.93,123.93,0
2022-01-06-08-13-00 GMT-0500,123.93,124.0,123.87,124.0,124.0,0
2022-01-06-08-14-00 GMT-0500,124.0,124.19,123.85,124.06,124.06,0
2022-01-06-08-15-00 GMT-0500,124.2,124.2,124.0,124.0,124.0,0
2022-01-06-08-16-00 GMT-0500,123.99,124.15,123.99,124.05,124.05,0
2022-01-06-08-17-00 GMT-0500,124.0,124.15,123.97,124.06,124.06,0
2022-01-06-08-18-00 GMT-0500,124.06,124.1,123.96,124.0,124.0,0
2022-01-06-08-19-00 GMT-0500,124.0,124.2,124.0,124.19,124.19,0
2022-01-06-08-20-00 GMT-0500,124.19,124.2,124.1,124.17,124.17,0
2022-01-06-08-21-00 GMT-0500,124.1,124.13,124.0,124.03,124.03,0
2022-01-06-08-22-00 GMT-0500,124.03,124.0407,124.0,124.04,124.04,0
2022-01-06-08-23-00 GMT-0500,124.05,124.05,123.9,123.91,123.91,0
2022-01-06-08-24-00 GMT-0500,123.9,124.0,123.85,123.9999,123.9999,0
2022-01-06-08-25-00 GMT-0500,123.95,124.0,123.9,124.0,124.0,0
2022-01-06-08-26-00 GMT-0500,123.91,123.98,123.91,123.98,123.98,0
2022-01-06-08-27-00 GMT-0500,123.92,123.97,123.92,123.95,123.95,0
2022-01-06-08-28-00 GMT-0500,123.95,123.9999,123.9,123.96,123.96,0
2022-01-06-08-29-00 GMT-0500,123.91,124.0,123.91,124.0,124.0,0
2022-01-06-08-30-00 GMT-0500,123.98,124.0,123.96,124.0,124.0,0
2022-01-06-08-31-00 GMT-0500,124.1,124.28,123.96,123.96,123.96,0
2022-01-06-08-32-00 GMT-0500,123.96,124.02,123.94,124.02,124.02,0
2022-01-06-08-33-00 GMT-0500,124.04,124.08,123.9001,123.9001,123.9001,0
2022-01-06-08-34-00 GMT-0500,124.0,124.03,124.0,124.03,124.03,0
2022-01-06-08-35-00 GMT-0500,124.09,124.09,124.0,124.04,124.04,0
2022-01-06-08-36-00 GMT-0500,124.0,124.04,123.92,124.0,124.0,0
2022-01-06-08-37-00 GMT-0500,124.0,124.17,124.0,124.17,124.17,0
2022-01-06-08-38-00 GMT-0500,124.17,124.18,124.17,124.17,124.17,0
2022-01-06-08-39-00 GMT-0500,124.11,124.17,124.1,124.17,124.17,0
2022-01-06-08-40-00 GMT-0500,124.15,124.15,124.1,124.14,124.14,0
2022-01-06-08-41-00 GMT-0500,124.15,124.22,124.06,124.17,124.17,0
2022-01-06-08-42-00 GMT-0500,124.17,124.17,124.08,124.08,124.08,0
2022-01-06-08-43-00 GMT-0500,124.1,124.1966,124.05,124.1966,124.1966,0
2022-01-06-08-44-00 GMT-0500,124.06,124.21,124.02,124.2,124.2,0
2022-01-06-08-45-00 GMT-0500,124.1,124.21,124.1,124.15,124.15,0
2022-01-06-08-46-00 GMT-0500,124.19,124.19,124.05,124.05,124.05,0
2022-01-06-08-47-00 GMT-0500,124.08,124.13,124.05,124.12,124.12,0
2022-01-06-08-48-00 GMT-0500,124.13,124.27,124.13,124.24,124.24,0
2022-01-06-08-49-00 GMT-0500,124.22,124.28,124.2,124.24,124.24,0
2022-01-06-08-50-00 GMT-0500,124.33,124.33,124.2,124.2,124.2,0
2022-01-06-08-51-00 GMT-0500,124.2001,124.25,124.13,124.13,124.13,0
2022-01-06-08-52-00 GMT-0500,124.15,124.33,124.13,124.19,124.19,0
2022-01-06-08-53-00 GMT-0500,124.19,124.28,124.1001,124.2,124.2,0
2022-01-06-08-54-00 GMT-0500,124.18,124.23,124.11,124.2,124.2,0
2022-01-06-08-55-00 GMT-0500,124.16,124.2,124.16,124.16,124.16,0
2022-01-06-08-56-00 GMT-0500,124.16,124.33,124.16,124.19,124.19,0
2022-01-06-08-57-00 GMT-0500,124.19,124.22,124.15,124.19,124.19,0
2022-01-06-08-58-00 GMT-0500,124.17,124.17,124.1,124.17,124.17,0
2022-01-06-08-59-00 GMT-0500,124.16,124.33,124.1507,124.3263,124.3263,0
2022-01-06-09-00-00 GMT-0500,124.2,124.23,124.1,124.12,124.12,0
2022-01-06-09-01-00 GMT-0500,124.2,124.27,124.1,124.15,124.15,0
2022-01-06-09-02-00 GMT-0500,124.15,124.27,124.1,124.1,124.1,0
2022-01-06-09-03-00 GMT-0500,124.1799,124.18,124.1,124.13,124.13,0
2022-01-06-09-04-00 GMT-0500,124.1,124.18,124.1,124.1,124.1,0
2022-01-06-09-05-00 GMT-0500,124.14,124.29,124.13,124.15,124.15,0
2022-01-06-09-06-00 GMT-0500,124.205,124.33,124.14,124.29,124.29,0
2022-01-06-09-07-00 GMT-0500,124.29,124.3,124.2,124.2,124.2,0
2022-01-06-09-08-00 GMT-0500,124.19,124.23,124.1,124.1,124.1,0
2022-01-06-09-09-00 GMT-0500,124.3,124.33,124.1,124.2,124.2,0
2022-01-06-09-10-00 GMT-0500,124.1,124.33,124.1,124.21,124.21,0
2022-01-06-09-11-00 GMT-0500,124.14,124.25,124.1,124.24,124.24,0
2022-01-06-09-12-00 GMT-0500,124.1305,124.25,124.1305,124.15,124.15,0
2022-01-06-09-13-00 GMT-0500,124.2,124.33,124.16,124.3,124.3,0
2022-01-06-09-14-00 GMT-0500,124.33,124.4,124.21,124.31,124.31,0
2022-01-06-09-30-00 GMT-0500,125.0,125.10350036621094,124.98999786376953,125.05999755859375,125.05999755859375,483922
2022-01-06-09-31-00 GMT-0500,124.91999816894531,125.12999725341797,124.5999984741211,124.9000015258789,124.9000015258789,492642
2022-01-06-09-32-00 GMT-0500,124.88999938964844,125.0199966430664,124.22879791259766,124.5999984741211,124.5999984741211,230575
2022-01-06-09-33-00 GMT-0500,124.61000061035156,126.18000030517578,124.30000305175781,126.05000305175781,126.05000305175781,337080
2022-01-06-09-34-00 GMT-0500,126.08999633789062,127.0199966430664,125.86000061035156,126.87999725341797,126.87999725341797,452934
2022-01-06-09-35-00 GMT-0500,126.88999938964844,127.0199966430664,125.95980072021484,126.54499816894531,126.54499816894531,338440
2022-01-06-09-36-00 GMT-0500,126.58000183105469,127.5,126.58000183105469,127.45999908447266,127.45999908447266,434945
2022-01-06-09-37-00 GMT-0500,127.44999694824219,128.2100067138672,127.13009643554688,128.2100067138672,128.2100067138672,370523
2022-01-06-09-38-00 GMT-0500,128.22000122070312,128.22999572753906,127.02999877929688,127.16120147705078,127.16120147705078,296282
2022-01-06-09-39-00 GMT-0500,127.16500091552734,127.59989929199219,126.94000244140625,127.18499755859375,127.18499755859375,179249
2022-01-06-09-40-00 GMT-0500,127.2699966430664,128.15139770507812,127.05760192871094,127.79000091552734,127.79000091552734,282956
2022-01-06-09-41-00 GMT-0500,127.7699966430664,127.8499984741211,126.93000030517578,126.9999008178711,126.9999008178711,266623
2022-01-06-09-42-00 GMT-0500,126.91999816894531,127.36990356445312,126.61000061035156,127.36000061035156,127.36000061035156,205606
2022-01-06-09-43-00 GMT-0500,127.36000061035156,127.58000183105469,127.11000061035156,127.16999816894531,127.16999816894531,279163
2022-01-06-09-44-00 GMT-0500,127.23190307617188,128.0749969482422,127.08000183105469,127.81069946289062,127.81069946289062,322439
2022-01-06-09-45-00 GMT-0500,127.77999877929688,127.87989807128906,127.25,127.27999877929688,127.27999877929688,184471
2022-01-06-09-46-00 GMT-0500,127.2300033569336,127.31950378417969,126.38009643554688,126.51000213623047,126.51000213623047,194558
2022-01-06-09-47-00 GMT-0500,126.54000091552734,126.69000244140625,126.1500015258789,126.4000015258789,126.4000015258789,238324
2022-01-06-09-48-00 GMT-0500,126.4800033569336,126.97000122070312,126.42520141601562,126.88999938964844,126.88999938964844,169142
2022-01-06-09-49-00 GMT-0500,126.91999816894531,127.16000366210938,126.51000213623047,126.7300033569336,126.7300033569336,205193
2022-01-06-09-50-00 GMT-0500,126.69999694824219,126.77999877929688,126.1500015258789,126.31500244140625,126.31500244140625,196059
2022-01-06-09-51-00 GMT-0500,126.34500122070312,126.34500122070312,125.83999633789062,125.93000030517578,125.93000030517578,204672
2022-01-06-09-52-00 GMT-0500,125.98999786376953,126.3917007446289,125.66000366210938,126.3550033569336,126.3550033569336,192536
2022-01-06-09-53-00 GMT-0500,126.33000183105469,126.5,126.0199966430664,126.22309875488281,126.22309875488281,120751
2022-01-06-09-54-00 GMT-0500,126.20999908447266,126.37000274658203,125.62000274658203,125.68000030517578,125.68000030517578,141910
2022-01-06-09-55-00 GMT-0500,125.71499633789062,126.54000091552734,125.71499633789062,126.2300033569336,126.2300033569336,179660
2022-01-06-09-56-00 GMT-0500,126.30000305175781,126.55000305175781,125.37000274658203,125.77999877929688,125.77999877929688,247555
2022-01-06-09-57-00 GMT-0500,125.83999633789062,126.20999908447266,125.79350280761719,125.81999969482422,125.81999969482422,153939
2022-01-06-09-58-00 GMT-0500,125.79000091552734,125.79000091552734,124.83100128173828,125.02999877929688,125.02999877929688,256743
2022-01-06-09-59-00 GMT-0500,125.07990264892578,125.48999786376953,124.8499984741211,125.43000030517578,125.43000030517578,113088
2022-01-06-10-00-00 GMT-0500,125.4800033569336,125.79000091552734,125.16000366210938,125.16000366210938,125.16000366210938,129450
2022-01-06-10-01-00 GMT-0500,125.12999725341797,125.7300033569336,125.12999725341797,125.69999694824219,125.69999694824219,104825
2022-01-06-10-02-00 GMT-0500,125.69000244140625,126.05000305175781,125.58889770507812,125.95999908447266,125.95999908447266,145691
2022-01-06-10-03-00 GMT-0500,125.96499633789062,126.09989929199219,125.52999877929688,125.73500061035156,125.73500061035156,122771
2022-01-06-10-04-00 GMT-0500,125.69999694824219,125.80000305175781,125.27999877929688,125.27999877929688,125.27999877929688,95519
2022-01-06-10-05-00 GMT-0500,125.2699966430664,125.368896484375,124.62999725341797,124.63999938964844,124.63999938964844,285900
2022-01-06-10-06-00 GMT-0500,124.6500015258789,124.69999694824219,124.11750030517578,124.1500015258789,124.1500015258789,127235
2022-01-06-10-07-00 GMT-0500,124.15499877929688,124.19000244140625,123.46499633789062,123.66999816894531,123.66999816894531,223511
2022-01-06-10-08-00 GMT-0500,123.69999694824219,124.37999725341797,123.68000030517578,124.15499877929688,124.15499877929688,182790
2022-01-06-10-09-00 GMT-0500,124.23999786376953,124.23999786376953,123.84010314941406,123.95999908447266,123.95999908447266,97645
2022-01-06-10-10-00 GMT-0500,123.94499969482422,124.0250015258789,123.7699966430664,123.89990234375,123.89990234375,67136
2022-01-06-10-11-00 GMT-0500,123.84010314941406,123.9800033569336,123.5199966430664,123.91999816894531,123.91999816894531,84717
2022-01-06-10-12-00 GMT-0500,123.94999694824219,124.18990325927734,123.66999816894531,123.84149932861328,123.84149932861328,107346
2022-01-06-10-13-00 GMT-0500,123.80999755859375,124.11000061035156,123.62000274658203,124.0199966430664,124.0199966430664,95003
2022-01-06-10-14-00 GMT-0500,124.08000183105469,124.2300033569336,123.81999969482422,124.0999984741211,124.0999984741211,75499
2022-01-06-10-15-00 GMT-0500,124.02999877929688,124.54000091552734,123.9000015258789,124.24510192871094,124.24510192871094,192370
2022-01-06-10-16-00 GMT-0500,124.18000030517578,124.58000183105469,123.91000366210938,124.46499633789062,124.46499633789062,143504
2022-01-06-10-17-00 GMT-0500,124.48999786376953,125.0,124.4000015258789,124.69000244140625,124.69000244140625,190262
2022-01-06-10-18-00 GMT-0500,124.6500015258789,124.79000091552734,124.4800033569336,124.62000274658203,124.62000274658203,79031
2022-01-06-10-19-00 GMT-0500,124.6095962524414,124.6095962524414,124.1500015258789,124.1500015258789,124.1500015258789,79963
2022-01-06-10-20-00 GMT-0500,124.19999694824219,124.68000030517578,124.10009765625,124.58209991455078,124.58209991455078,86065
2022-01-06-10-21-00 GMT-0500,124.59500122070312,124.81999969482422,123.52999877929688,123.80000305175781,123.80000305175781,201766
2022-01-06-10-22-00 GMT-0500,123.72000122070312,124.43000030517578,123.69999694824219,124.2970962524414,124.2970962524414,98086
2022-01-06-10-23-00 GMT-0500,124.2699966430664,124.66999816894531,124.2300033569336,124.5199966430664,124.5199966430664,95198
2022-01-06-10-24-00 GMT-0500,124.50499725341797,124.7699966430664,124.30999755859375,124.66999816894531,124.66999816894531,101058
2022-01-06-10-25-00 GMT-0500,124.69999694824219,125.0,124.5199966430664,124.98999786376953,124.98999786376953,144981
2022-01-06-10-26-00 GMT-0500,124.94999694824219,125.01000213623047,124.80999755859375,125.0,125.0,173905
2022-01-06-10-27-00 GMT-0500,124.98999786376953,125.48999786376953,124.91999816894531,125.30999755859375,125.30999755859375,153606
2022-01-06-10-28-00 GMT-0500,125.32499694824219,125.3499984741211,124.93000030517578,124.95500183105469,124.95500183105469,112133
2022-01-06-10-29-00 GMT-0500,124.97000122070312,125.39990234375,124.97000122070312,125.12000274658203,125.12000274658203,81968
2022-01-06-10-30-00 GMT-0500,125.2300033569336,125.63999938964844,125.0999984741211,125.44499969482422,125.44499969482422,92127
2022-01-06-10-31-00 GMT-0500,125.44499969482422,125.56710052490234,125.3499984741211,125.5199966430664,125.5199966430664,74341
2022-01-06-10-32-00 GMT-0500,125.45999908447266,125.48999786376953,125.16999816894531,125.39579772949219,125.39579772949219,60239
2022-01-06-10-33-00 GMT-0500,125.33000183105469,125.63999938964844,125.28009796142578,125.61000061035156,125.61000061035156,72081
2022-01-06-10-34-00 GMT-0500,125.55010223388672,125.81999969482422,125.55010223388672,125.69999694824219,125.69999694824219,69867
2022-01-06-10-35-00 GMT-0500,125.7300033569336,125.95999908447266,125.58000183105469,125.84110260009766,125.84110260009766,108359
2022-01-06-10-36-00 GMT-0500,125.87899780273438,125.93370056152344,125.55000305175781,125.61000061035156,125.61000061035156,161756
2022-01-06-10-37-00 GMT-0500,125.66000366210938,125.87000274658203,125.5801010131836,125.73500061035156,125.73500061035156,47888
2022-01-06-10-38-00 GMT-0500,125.7300033569336,125.83889770507812,125.66000366210938,125.72000122070312,125.72000122070312,50165
2022-01-06-10-39-00 GMT-0500,125.76319885253906,125.8499984741211,125.66000366210938,125.72010040283203,125.72010040283203,92212
2022-01-06-10-40-00 GMT-0500,125.7300033569336,125.9800033569336,125.67440032958984,125.80999755859375,125.80999755859375,79380
2022-01-06-10-41-00 GMT-0500,125.76000213623047,125.84989929199219,125.63999938964844,125.66999816894531,125.66999816894531,73148
2022-01-06-10-42-00 GMT-0500,125.64830017089844,125.68000030517578,125.22000122070312,125.44999694824219,125.44999694824219,81179
2022-01-06-10-43-00 GMT-0500,125.5,125.68000030517578,125.33999633789062,125.5199966430664,125.5199966430664,46053
2022-01-06-10-44-00 GMT-0500,125.55500030517578,126.4000015258789,125.5199966430664,126.38970184326172,126.38970184326172,130526
2022-01-06-10-45-00 GMT-0500,126.37999725341797,126.56999969482422,126.12000274658203,126.38500213623047,126.38500213623047,178461
2022-01-06-10-46-00 GMT-0500,126.41000366210938,126.8279037475586,126.38999938964844,126.80999755859375,126.80999755859375,98824
2022-01-06-10-47-00 GMT-0500,126.77999877929688,127.1500015258789,126.77999877929688,127.08499908447266,127.08499908447266,168880
2022-01-06-10-48-00 GMT-0500,127.06999969482422,127.12999725341797,126.80999755859375,127.05000305175781,127.05000305175781,97843
2022-01-06-10-49-00 GMT-0500,127.02999877929688,127.31999969482422,126.93000030517578,127.22989654541016,127.22989654541016,122012
2022-01-06-10-50-00 GMT-0500,127.22000122070312,127.2300033569336,126.86000061035156,126.87999725341797,126.87999725341797,224409
2022-01-06-10-51-00 GMT-0500,126.87000274658203,127.0,126.70999908447266,126.94000244140625,126.94000244140625,82785
2022-01-06-10-52-00 GMT-0500,126.93000030517578,127.31089782714844,126.93000030517578,127.22799682617188,127.22799682617188,119969
2022-01-06-10-53-00 GMT-0500,127.2300033569336,127.5999984741211,127.1500015258789,127.31739807128906,127.31739807128906,126985
2022-01-06-10-54-00 GMT-0500,127.33000183105469,127.3499984741211,127.01000213623047,127.05000305175781,127.05000305175781,82342
2022-01-06-10-55-00 GMT-0500,127.06999969482422,127.18350219726562,126.89089965820312,126.91999816894531,126.91999816894531,55327
2022-01-06-10-58-00 GMT-0500,127.16000366210938,127.29000091552734,127.13919830322266,127.29000091552734,127.29000091552734,253584
2022-01-06-10-59-00 GMT-0500,127.2500991821289,127.31999969482422,126.94999694824219,126.94999694824219,126.94999694824219,68150
2022-01-06-11-00-00 GMT-0500,126.98500061035156,127.0999984741211,126.77999877929688,127.08000183105469,127.08000183105469,90942
2022-01-06-11-01-00 GMT-0500,127.0999984741211,127.19999694824219,126.94000244140625,127.19000244140625,127.19000244140625,83006
2022-01-06-11-02-00 GMT-0500,127.19999694824219,127.25,126.80999755859375,126.83999633789062,126.83999633789062,91393
2022-01-06-11-03-00 GMT-0500,126.86000061035156,127.05000305175781,126.69999694824219,127.01499938964844,127.01499938964844,58909
2022-01-06-11-04-00 GMT-0500,127.01499938964844,127.05950164794922,126.77999877929688,126.9800033569336,126.9800033569336,49975
2022-01-06-11-05-00 GMT-0500,127.0,127.62999725341797,126.94999694824219,127.6156997680664,127.6156997680664,137553
2022-01-06-11-06-00 GMT-0500,127.58999633789062,127.73999786376953,127.44999694824219,127.69999694824219,127.69999694824219,118503
2022-01-06-11-07-00 GMT-0500,127.69000244140625,127.87000274658203,127.61000061035156,127.62000274658203,127.62000274658203,129983
2022-01-06-11-08-00 GMT-0500,127.61000061035156,127.77999877929688,127.55000305175781,127.69000244140625,127.69000244140625,62171
2022-01-06-11-09-00 GMT-0500,127.73999786376953,127.86000061035156,127.66000366210938,127.8550033569336,127.8550033569336,92563
2022-01-06-11-10-00 GMT-0500,127.87989807128906,127.98999786376953,127.76000213623047,127.90049743652344,127.90049743652344,97724
2022-01-06-11-11-00 GMT-0500,127.87999725341797,128.17999267578125,127.83049774169922,127.87999725341797,127.87999725341797,248766
2022-01-06-11-12-00 GMT-0500,127.8550033569336,127.94999694824219,127.70999908447266,127.83499908447266,127.83499908447266,81713
2022-01-06-11-13-00 GMT-0500,127.83999633789062,127.83999633789062,127.54000091552734,127.58999633789062,127.58999633789062,110610
2022-01-06-11-14-00 GMT-0500,127.61000061035156,127.6500015258789,127.44999694824219,127.4999008178711,127.4999008178711,79359
2022-01-06-11-15-00 GMT-0500,127.48500061035156,128.10000610351562,127.48500061035156,128.07000732421875,128.07000732421875,200325
2022-01-06-11-16-00 GMT-0500,128.0800018310547,128.17990112304688,127.70999908447266,128.0399932861328,128.0399932861328,126329
2022-01-06-11-17-00 GMT-0500,128.05999755859375,128.3699951171875,127.99919891357422,128.3699951171875,128.3699951171875,218128
2022-01-06-11-18-00 GMT-0500,128.36000061035156,128.3800048828125,128.0500030517578,128.17999267578125,128.17999267578125,123843
2022-01-06-11-19-00 GMT-0500,128.20989990234375,128.39990234375,128.0800018310547,128.3300018310547,128.3300018310547,103082
2022-01-06-11-20-00 GMT-0500,128.33999633789062,128.33999633789062,128.0,128.2967071533203,128.2967071533203,114568
2022-01-06-11-21-00 GMT-0500,128.27499389648438,128.3800048828125,128.05999755859375,128.05999755859375,128.05999755859375,73998
2022-01-06-11-22-00 GMT-0500,128.10000610351562,128.22999572753906,127.81999969482422,127.83999633789062,127.83999633789062,89293
2022-01-06-11-23-00 GMT-0500,127.83999633789062,127.88990020751953,127.66000366210938,127.70760345458984,127.70760345458984,81185
2022-01-06-11-24-00 GMT-0500,127.7249984741211,127.80999755859375,127.5199966430664,127.66000366210938,127.66000366210938,65898
2022-01-06-11-25-00 GMT-0500,127.6500015258789,127.66999816894531,127.1500015258789,127.20999908447266,127.20999908447266,100816
2022-01-06-11-26-00 GMT-0500,127.21499633789062,127.5,127.16010284423828,127.25,127.25,103648
2022-01-06-11-27-00 GMT-0500,127.26129913330078,127.31999969482422,126.86000061035156,126.91500091552734,126.91500091552734,116859
2022-01-06-11-28-00 GMT-0500,126.9000015258789,127.20999908447266,126.71009826660156,127.1500015258789,127.1500015258789,107682
2022-01-06-11-29-00 GMT-0500,127.14009857177734,127.37999725341797,127.04010009765625,127.26000213623047,127.26000213623047,68699
2022-01-06-11-30-00 GMT-0500,127.26000213623047,127.30999755859375,126.83000183105469,126.9000015258789,126.9000015258789,41998
2022-01-06-11-31-00 GMT-0500,126.85890197753906,126.87999725341797,126.61000061035156,126.70999908447266,126.70999908447266,78152
2022-01-06-11-32-00 GMT-0500,126.75,126.81999969482422,126.5,126.63999938964844,126.63999938964844,74237
2022-01-06-11-33-00 GMT-0500,126.69000244140625,126.73999786376953,126.41000366210938,126.55999755859375,126.55999755859375,72484
2022-01-06-11-34-00 GMT-0500,126.55999755859375,126.66999816894531,126.38999938964844,126.66000366210938,126.66000366210938,85310
2022-01-06-11-35-00 GMT-0500,126.66000366210938,126.75,126.39009857177734,126.46499633789062,126.46499633789062,66621
2022-01-06-11-36-00 GMT-0500,126.48999786376953,126.94850158691406,126.47000122070312,126.88880157470703,126.88880157470703,72357
2022-01-06-11-37-00 GMT-0500,126.86000061035156,127.1500015258789,126.86000061035156,127.12000274658203,127.12000274658203,55678
2022-01-06-11-38-00 GMT-0500,127.12000274658203,127.47000122070312,127.08000183105469,127.12999725341797,127.12999725341797,113560
2022-01-06-11-39-00 GMT-0500,127.13999938964844,127.25,127.0199966430664,127.23999786376953,127.23999786376953,59476
2022-01-06-11-40-00 GMT-0500,127.25,127.33000183105469,126.62010192871094,126.66500091552734,126.66500091552734,66939
2022-01-06-11-41-00 GMT-0500,126.68890380859375,127.13999938964844,126.66010284423828,127.08000183105469,127.08000183105469,49089
2022-01-06-11-42-00 GMT-0500,127.06999969482422,127.23999786376953,126.88999938964844,126.91999816894531,126.91999816894531,63193
2022-01-06-11-43-00 GMT-0500,126.94000244140625,127.05999755859375,126.7927017211914,126.96499633789062,126.96499633789062,60272
2022-01-06-11-44-00 GMT-0500,126.95999908447266,127.33000183105469,126.9000015258789,127.28919982910156,127.28919982910156,62481
2022-01-06-11-45-00 GMT-0500,127.25,127.37999725341797,127.11000061035156,127.16999816894531,127.16999816894531,47970
2022-01-06-11-46-00 GMT-0500,127.1500015258789,127.18900299072266,127.0,127.08049774169922,127.08049774169922,56219
2022-01-06-11-47-00 GMT-0500,127.08999633789062,127.1395034790039,127.0,127.02999877929688,127.02999877929688,199019
2022-01-06-11-48-00 GMT-0500,127.02050018310547,127.13999938964844,127.0,127.0,127.0,133781
2022-01-06-11-49-00 GMT-0500,126.97000122070312,127.11000061035156,126.6500015258789,127.0199966430664,127.0199966430664,150631
2022-01-06-11-50-00 GMT-0500,127.0,127.05000305175781,126.72000122070312,126.87000274658203,126.87000274658203,65554
2022-01-06-11-51-00 GMT-0500,126.86470031738281,126.97000122070312,126.72000122070312,126.94499969482422,126.94499969482422,45984
2022-01-06-11-52-00 GMT-0500,126.94000244140625,127.0,126.55999755859375,126.66000366210938,126.66000366210938,59291
2022-01-06-11-53-00 GMT-0500,126.68499755859375,126.9198989868164,126.62999725341797,126.86000061035156,126.86000061035156,43821
2022-01-06-11-54-00 GMT-0500,126.86000061035156,127.12000274658203,126.86000061035156,127.0801010131836,127.0801010131836,51804
2022-01-06-11-55-00 GMT-0500,127.1050033569336,127.19999694824219,126.86000061035156,126.87000274658203,126.87000274658203,53874
2022-01-06-11-56-00 GMT-0500,126.87000274658203,127.0,126.80000305175781,126.80000305175781,126.80000305175781,51822
2022-01-06-11-57-00 GMT-0500,126.80989837646484,127.0,126.80989837646484,126.94999694824219,126.94999694824219,30842
2022-01-06-11-58-00 GMT-0500,126.98999786376953,127.11000061035156,126.83999633789062,126.98999786376953,126.98999786376953,79770
2022-01-06-11-59-00 GMT-0500,127.0,127.0,126.70999908447266,126.8499984741211,126.8499984741211,48021
2022-01-06-12-00-00 GMT-0500,126.93000030517578,126.93170166015625,126.70010375976562,126.70010375976562,126.70010375976562,22245
2022-01-06-12-01-00 GMT-0500,126.69999694824219,126.94999694824219,126.69999694824219,126.93890380859375,126.93890380859375,32442
2022-01-06-12-02-00 GMT-0500,126.91999816894531,126.94999694824219,126.7300033569336,126.79000091552734,126.79000091552734,35933
2022-01-06-12-03-00 GMT-0500,126.80000305175781,126.83000183105469,126.5999984741211,126.63999938964844,126.63999938964844,84030
2022-01-06-12-04-00 GMT-0500,126.66000366210938,126.72000122070312,126.44000244140625,126.46499633789062,126.46499633789062,48098
2022-01-06-12-05-00 GMT-0500,126.44000244140625,126.71990203857422,126.33999633789062,126.7020034790039,126.7020034790039,50916
2022-01-06-12-06-00 GMT-0500,126.66000366210938,126.81500244140625,126.5999984741211,126.81500244140625,126.81500244140625,30415
2022-01-06-12-07-00 GMT-0500,126.83999633789062,126.91999816894531,126.75,126.91999816894531,126.91999816894531,42580
2022-01-06-12-08-00 GMT-0500,126.93000030517578,127.27999877929688,126.93000030517578,127.27999877929688,127.27999877929688,124005
2022-01-06-12-09-00 GMT-0500,127.27999877929688,127.27999877929688,127.15010070800781,127.15010070800781,127.15010070800781,37694
2022-01-06-12-10-00 GMT-0500,127.16000366210938,127.27940368652344,127.11000061035156,127.2300033569336,127.2300033569336,86681
2022-01-06-12-11-00 GMT-0500,127.16000366210938,127.16500091552734,126.79000091552734,126.82479858398438,126.82479858398438,88566
2022-01-06-12-12-00 GMT-0500,126.8499984741211,126.9800033569336,126.80999755859375,126.86969757080078,126.86969757080078,46131
2022-01-06-12-13-00 GMT-0500,126.87000274658203,126.91000366210938,126.75679779052734,126.83999633789062,126.83999633789062,37397
2022-01-06-12-14-00 GMT-0500,126.80000305175781,126.9198989868164,126.75,126.76499938964844,126.76499938964844,19757
2022-01-06-12-15-00 GMT-0500,126.75650024414062,126.94999694824219,126.47000122070312,126.94499969482422,126.94499969482422,65935
2022-01-06-12-16-00 GMT-0500,126.9531021118164,127.12000274658203,126.88999938964844,127.0199966430664,127.0199966430664,71807
2022-01-06-12-17-00 GMT-0500,127.0199966430664,127.11990356445312,126.94010162353516,126.9800033569336,126.9800033569336,62748
2022-01-06-12-18-00 GMT-0500,127.01000213623047,127.19999694824219,126.94000244140625,127.07499694824219,127.07499694824219,61838
2022-01-06-12-19-00 GMT-0500,127.05000305175781,127.0999984741211,126.87010192871094,127.0999984741211,127.0999984741211,65328
2022-01-06-12-20-00 GMT-0500,127.12660217285156,127.16999816894531,127.05000305175781,127.16999816894531,127.16999816894531,35649
2022-01-06-12-21-00 GMT-0500,127.1500015258789,127.19999694824219,126.94999694824219,126.9749984741211,126.9749984741211,49790
2022-01-06-12-22-00 GMT-0500,127.0,127.08999633789062,126.94999694824219,126.9800033569336,126.9800033569336,16878
2022-01-06-12-23-00 GMT-0500,127.0,127.19989776611328,126.99500274658203,127.05500030517578,127.05500030517578,31835
2022-01-06-12-24-00 GMT-0500,127.08000183105469,127.08000183105469,126.88999938964844,126.94999694824219,126.94999694824219,52744
2022-01-06-12-25-00 GMT-0500,126.94999694824219,127.04000091552734,126.91100311279297,126.95989990234375,126.95989990234375,31165
2022-01-06-12-26-00 GMT-0500,126.91000366210938,127.0,126.88999938964844,126.93000030517578,126.93000030517578,28527
2022-01-06-12-27-00 GMT-0500,126.88760375976562,126.9000015258789,126.88760375976562,126.88999938964844,126.88999938964844,34739
2022-01-06-12-28-00 GMT-0500,126.8759994506836,127.1500015258789,126.8501968383789,127.07879638671875,127.07879638671875,41787
2022-01-06-12-29-00 GMT-0500,127.04000091552734,127.37999725341797,126.94999694824219,127.37950134277344,127.37950134277344,59897
2022-01-06-12-30-00 GMT-0500,127.375,127.43000030517578,127.19000244140625,127.33000183105469,127.33000183105469,81766
2022-01-06-12-31-00 GMT-0500,127.33000183105469,127.36000061035156,127.16000366210938,127.26010131835938,127.26010131835938,29030
2022-01-06-12-32-00 GMT-0500,127.25769805908203,127.30000305175781,127.08999633789062,127.11710357666016,127.11710357666016,35252
2022-01-06-12-33-00 GMT-0500,127.13169860839844,127.41999816894531,127.04000091552734,127.41000366210938,127.41000366210938,51708
2022-01-06-12-34-00 GMT-0500,127.38999938964844,127.5199966430664,127.3499984741211,127.45999908447266,127.45999908447266,55183
2022-01-06-12-35-00 GMT-0500,127.44819641113281,127.4729995727539,127.41000366210938,127.45999908447266,127.45999908447266,18287
2022-01-06-12-36-00 GMT-0500,127.4542007446289,127.72000122070312,127.4000015258789,127.6449966430664,127.6449966430664,81204
2022-01-06-12-37-00 GMT-0500,127.6698989868164,127.75,127.41000366210938,127.54000091552734,127.54000091552734,63867
2022-01-06-12-38-00 GMT-0500,127.54000091552734,127.77999877929688,127.54000091552734,127.7572021484375,127.7572021484375,43175
2022-01-06-12-39-00 GMT-0500,127.77999877929688,127.86000061035156,127.75,127.79000091552734,127.79000091552734,70304
2022-01-06-12-40-00 GMT-0500,127.79000091552734,128.0,127.79000091552734,127.98970031738281,127.98970031738281,41087
2022-01-06-12-41-00 GMT-0500,128.0,128.17739868164062,127.93000030517578,127.94000244140625,127.94000244140625,93502
2022-01-06-12-42-00 GMT-0500,127.91999816894531,128.0800018310547,127.88009643554688,128.04409790039062,128.04409790039062,75169
2022-01-06-12-43-00 GMT-0500,128.02000427246094,128.02000427246094,127.93000030517578,127.93000030517578,127.93000030517578,53165
2022-01-06-12-44-00 GMT-0500,127.96150207519531,128.0800018310547,127.93009948730469,128.04010009765625,128.04010009765625,41476
2022-01-06-12-45-00 GMT-0500,128.0717010498047,128.13999938964844,127.87999725341797,127.92160034179688,127.92160034179688,76753
2022-01-06-12-46-00 GMT-0500,127.88999938964844,127.93000030517578,127.80999755859375,127.86000061035156,127.86000061035156,29417
2022-01-06-12-47-00 GMT-0500,127.8302993774414,127.86000061035156,127.69999694824219,127.77999877929688,127.77999877929688,45293
2022-01-06-12-48-00 GMT-0500,127.80000305175781,127.86000061035156,127.67050170898438,127.86000061035156,127.86000061035156,45539
2022-01-06-12-49-00 GMT-0500,127.86000061035156,127.9000015258789,127.78179931640625,127.83999633789062,127.83999633789062,29446
2022-01-06-12-50-00 GMT-0500,127.80000305175781,127.83000183105469,127.71499633789062,127.75,127.75,25563
2022-01-06-12-51-00 GMT-0500,127.77899932861328,127.8499984741211,127.75,127.7699966430664,127.7699966430664,25323
2022-01-06-12-52-00 GMT-0500,127.76000213623047,127.87999725341797,127.70999908447266,127.86000061035156,127.86000061035156,42642
2022-01-06-12-53-00 GMT-0500,127.86000061035156,127.90850067138672,127.76000213623047,127.88500213623047,127.88500213623047,30463
2022-01-06-12-54-00 GMT-0500,127.86009979248047,127.94999694824219,127.8499984741211,127.93949890136719,127.93949890136719,36724
2022-01-06-12-55-00 GMT-0500,127.94000244140625,127.98999786376953,127.83000183105469,127.94000244140625,127.94000244140625,64203
2022-01-06-12-56-00 GMT-0500,127.94000244140625,127.9800033569336,127.9000015258789,127.92680358886719,127.92680358886719,40748
2022-01-06-12-57-00 GMT-0500,127.91999816894531,127.94999694824219,127.83000183105469,127.87049865722656,127.87049865722656,30973
2022-01-06-12-58-00 GMT-0500,127.87000274658203,127.87000274658203,127.70999908447266,127.83999633789062,127.83999633789062,37294
2022-01-06-12-59-00 GMT-0500,127.72000122070312,127.75,127.43000030517578,127.43000030517578,127.43000030517578,97757
2022-01-06-13-00-00 GMT-0500,127.41999816894531,127.52999877929688,127.19000244140625,127.27890014648438,127.27890014648438,68206
2022-01-06-13-01-00 GMT-0500,127.24700164794922,127.63919830322266,127.2300033569336,127.63919830322266,127.63919830322266,55064
2022-01-06-13-02-00 GMT-0500,127.62000274658203,127.70999908447266,127.54000091552734,127.68000030517578,127.68000030517578,50325
2022-01-06-13-03-00 GMT-0500,127.68000030517578,127.75499725341797,127.58999633789062,127.73650360107422,127.73650360107422,50651
2022-01-06-13-04-00 GMT-0500,127.70999908447266,127.83999633789062,127.70999908447266,127.80000305175781,127.80000305175781,49523
2022-01-06-13-05-00 GMT-0500,127.79000091552734,127.87999725341797,127.68000030517578,127.69000244140625,127.69000244140625,32320
2022-01-06-13-06-00 GMT-0500,127.68000030517578,127.75,127.57099914550781,127.61000061035156,127.61000061035156,34454
2022-01-06-13-07-00 GMT-0500,127.6050033569336,127.62989807128906,127.30000305175781,127.30000305175781,127.30000305175781,44930
2022-01-06-13-08-00 GMT-0500,127.29000091552734,127.43379974365234,127.18000030517578,127.43379974365234,127.43379974365234,59011
2022-01-06-13-09-00 GMT-0500,127.44499969482422,127.55999755859375,127.38999938964844,127.4749984741211,127.4749984741211,38693
2022-01-06-13-10-00 GMT-0500,127.45999908447266,127.52999877929688,127.4209976196289,127.5198974609375,127.5198974609375,16128
2022-01-06-13-11-00 GMT-0500,127.5199966430664,127.63990020751953,127.31999969482422,127.375,127.375,29591
2022-01-06-13-12-00 GMT-0500,127.3499984741211,127.48190307617188,127.30989837646484,127.46700286865234,127.46700286865234,24763
2022-01-06-13-13-00 GMT-0500,127.47000122070312,127.54920196533203,127.37930297851562,127.41999816894531,127.41999816894531,18102
2022-01-06-13-14-00 GMT-0500,127.41999816894531,127.45999908447266,127.26000213623047,127.27010345458984,127.27010345458984,46056
2022-01-06-13-15-00 GMT-0500,127.29000091552734,127.35060119628906,127.1500015258789,127.25,127.25,32772
2022-01-06-13-16-00 GMT-0500,127.24400329589844,127.25199890136719,127.08000183105469,127.08000183105469,127.08000183105469,59592
2022-01-06-13-17-00 GMT-0500,127.0999984741211,127.26000213623047,127.05000305175781,127.16000366210938,127.16000366210938,53597
2022-01-06-13-18-00 GMT-0500,127.18000030517578,127.30000305175781,127.13999938964844,127.16000366210938,127.16000366210938,84545
2022-01-06-13-19-00 GMT-0500,127.11000061035156,127.12999725341797,126.94000244140625,127.05999755859375,127.05999755859375,59728
2022-01-06-13-20-00 GMT-0500,127.06500244140625,127.13999938964844,126.81999969482422,126.9375,126.9375,70911
2022-01-06-13-21-00 GMT-0500,126.95500183105469,127.12000274658203,126.94999694824219,127.04000091552734,127.04000091552734,50214
2022-01-06-13-22-00 GMT-0500,127.03489685058594,127.2499008178711,127.00199890136719,127.18499755859375,127.18499755859375,36551
2022-01-06-13-23-00 GMT-0500,127.18000030517578,127.20999908447266,127.08000183105469,127.12999725341797,127.12999725341797,26210
2022-01-06-13-24-00 GMT-0500,127.08350372314453,127.22000122070312,127.03630065917969,127.05999755859375,127.05999755859375,20973
2022-01-06-13-25-00 GMT-0500,127.06999969482422,127.06999969482422,126.79440307617188,126.9000015258789,126.9000015258789,45719
2022-01-06-13-26-00 GMT-0500,126.8949966430664,126.94000244140625,126.85009765625,126.91500091552734,126.91500091552734,20796
2022-01-06-13-27-00 GMT-0500,126.91500091552734,126.97989654541016,126.87999725341797,126.91999816894531,126.91999816894531,28531
2022-01-06-13-28-00 GMT-0500,126.9406967163086,127.02999877929688,126.80000305175781,126.9000015258789,126.9000015258789,45050
2022-01-06-13-29-00 GMT-0500,126.92960357666016,126.93000030517578,126.79100036621094,126.83999633789062,126.83999633789062,24875
2022-01-06-13-30-00 GMT-0500,126.8499984741211,127.01000213623047,126.8499984741211,126.9800033569336,126.9800033569336,19803
2022-01-06-13-31-00 GMT-0500,126.98500061035156,126.9999008178711,126.9000015258789,126.91239929199219,126.91239929199219,18861
2022-01-06-13-32-00 GMT-0500,126.91500091552734,126.91999816894531,126.77999877929688,126.91999816894531,126.91999816894531,29163
2022-01-06-13-33-00 GMT-0500,126.88999938964844,126.9000015258789,126.80000305175781,126.88999938964844,126.88999938964844,8002
2022-01-06-13-34-00 GMT-0500,126.9000015258789,126.96820068359375,126.83180236816406,126.91999816894531,126.91999816894531,40555
2022-01-06-13-35-00 GMT-0500,126.90010070800781,127.12000274658203,126.9000015258789,127.08499908447266,127.08499908447266,24969
2022-01-06-13-36-00 GMT-0500,127.0999984741211,127.43990325927734,127.0999984741211,127.41999816894531,127.41999816894531,77957
2022-01-06-13-37-00 GMT-0500,127.43209838867188,127.45899963378906,127.25,127.26000213623047,127.26000213623047,28946
2022-01-06-13-38-00 GMT-0500,127.23999786376953,127.24500274658203,127.05000305175781,127.12999725341797,127.12999725341797,30714
2022-01-06-13-39-00 GMT-0500,127.10880279541016,127.23999786376953,127.0199966430664,127.23500061035156,127.23500061035156,20513
2022-01-06-13-40-00 GMT-0500,127.23999786376953,127.24500274658203,126.98100280761719,126.98999786376953,126.98999786376953,24224
2022-01-06-13-41-00 GMT-0500,126.9800033569336,127.018798828125,126.91059875488281,127.018798828125,127.018798828125,18014
2022-01-06-13-42-00 GMT-0500,127.01000213623047,127.05999755859375,126.87999725341797,126.94010162353516,126.94010162353516,27589
2022-01-06-13-43-00 GMT-0500,126.9800033569336,127.09490203857422,126.97989654541016,127.01000213623047,127.01000213623047,24837
2022-01-06-13-44-00 GMT-0500,127.01000213623047,127.06999969482422,127.0,127.0374984741211,127.0374984741211,15213
2022-01-06-13-45-00 GMT-0500,127.0199966430664,127.15499877929688,126.91999816894531,127.13999938964844,127.13999938964844,26828
2022-01-06-13-46-00 GMT-0500,127.11000061035156,127.41999816894531,126.98819732666016,127.4000015258789,127.4000015258789,40978
2022-01-06-13-47-00 GMT-0500,127.41000366210938,127.41000366210938,127.25,127.3772964477539,127.3772964477539,45995
2022-01-06-13-48-00 GMT-0500,127.35489654541016,127.57350158691406,127.33000183105469,127.56999969482422,127.56999969482422,43062
2022-01-06-13-49-00 GMT-0500,127.54000091552734,127.62999725341797,127.4800033569336,127.48500061035156,127.48500061035156,34078
2022-01-06-13-50-00 GMT-0500,127.50309753417969,127.50309753417969,127.2699966430664,127.27010345458984,127.27010345458984,39612
2022-01-06-13-51-00 GMT-0500,127.31999969482422,127.36000061035156,127.2300033569336,127.33499908447266,127.33499908447266,36979
2022-01-06-13-52-00 GMT-0500,127.32630157470703,127.4000015258789,127.26000213623047,127.4000015258789,127.4000015258789,22921
2022-01-06-13-53-00 GMT-0500,127.37999725341797,127.4800033569336,127.30000305175781,127.34500122070312,127.34500122070312,20121
2022-01-06-13-54-00 GMT-0500,127.30999755859375,127.5,127.30999755859375,127.43000030517578,127.43000030517578,17029
2022-01-06-13-55-00 GMT-0500,127.44000244140625,127.44000244140625,127.30000305175781,127.3550033569336,127.3550033569336,35110
2022-01-06-13-56-00 GMT-0500,127.33999633789062,127.58000183105469,127.33399963378906,127.58000183105469,127.58000183105469,22020
2022-01-06-13-57-00 GMT-0500,127.58999633789062,127.6698989868164,127.37999725341797,127.41000366210938,127.41000366210938,78433
2022-01-06-13-58-00 GMT-0500,127.41000366210938,127.47000122070312,127.30000305175781,127.30249786376953,127.30249786376953,24826
2022-01-06-13-59-00 GMT-0500,127.29280090332031,127.39990234375,127.25,127.36830139160156,127.36830139160156,21218
2022-01-06-14-00-00 GMT-0500,127.36000061035156,127.4000015258789,127.18000030517578,127.18499755859375,127.18499755859375,28843
2022-01-06-14-01-00 GMT-0500,127.1719970703125,127.33000183105469,127.16999816894531,127.2300033569336,127.2300033569336,23637
2022-01-06-14-02-00 GMT-0500,127.23380279541016,127.23380279541016,126.9800033569336,127.04000091552734,127.04000091552734,30999
2022-01-06-14-03-00 GMT-0500,127.04000091552734,127.08000183105469,126.93000030517578,127.02999877929688,127.02999877929688,20909
2022-01-06-14-04-00 GMT-0500,127.05000305175781,127.08000183105469,126.80999755859375,126.83499908447266,126.83499908447266,24617
2022-01-06-14-05-00 GMT-0500,126.85990142822266,127.0,126.80059814453125,126.88500213623047,126.88500213623047,27265
2022-01-06-14-06-00 GMT-0500,126.87049865722656,126.88999938964844,126.7300033569336,126.80000305175781,126.80000305175781,19346
2022-01-06-14-07-00 GMT-0500,126.77510070800781,126.95999908447266,126.77510070800781,126.95999908447266,126.95999908447266,13898
2022-01-06-14-08-00 GMT-0500,126.93000030517578,126.95999908447266,126.9000015258789,126.93000030517578,126.93000030517578,15195
2022-01-06-14-09-00 GMT-0500,126.9800033569336,127.0999984741211,126.94000244140625,127.0,127.0,35472
2022-01-06-14-10-00 GMT-0500,127.0,127.18000030517578,126.9800033569336,127.06999969482422,127.06999969482422,35759
2022-01-06-14-11-00 GMT-0500,127.05999755859375,127.0999984741211,126.87999725341797,126.90499877929688,126.90499877929688,42242
2022-01-06-14-12-00 GMT-0500,126.87000274658203,126.92990112304688,126.7699966430664,126.85199737548828,126.85199737548828,42287
2022-01-06-14-13-00 GMT-0500,126.8499984741211,126.94000244140625,126.81999969482422,126.94000244140625,126.94000244140625,23161
2022-01-06-14-14-00 GMT-0500,126.94000244140625,126.9894027709961,126.7300033569336,126.76000213623047,126.76000213623047,26430
2022-01-06-14-15-00 GMT-0500,126.7699966430664,126.97000122070312,126.76499938964844,126.96690368652344,126.96690368652344,21689
2022-01-06-14-16-00 GMT-0500,126.97000122070312,127.05000305175781,126.91999816894531,127.01519775390625,127.01519775390625,43899
2022-01-06-14-17-00 GMT-0500,127.04000091552734,127.05000305175781,126.91999816894531,126.94210052490234,126.94210052490234,13973
2022-01-06-14-18-00 GMT-0500,126.92500305175781,126.94999694824219,126.88999938964844,126.8949966430664,126.8949966430664,13322
2022-01-06-14-19-00 GMT-0500,126.88999938964844,126.94999694824219,126.83999633789062,126.86000061035156,126.86000061035156,12449
2022-01-06-14-20-00 GMT-0500,126.9000015258789,127.08000183105469,126.9000015258789,126.9749984741211,126.9749984741211,18316
2022-01-06-14-21-00 GMT-0500,126.94000244140625,127.05000305175781,126.86000061035156,126.91000366210938,126.91000366210938,23574
2022-01-06-14-22-00 GMT-0500,126.8949966430664,126.90979766845703,126.81999969482422,126.8550033569336,126.8550033569336,12233
2022-01-06-14-23-00 GMT-0500,126.83000183105469,126.84989929199219,126.61000061035156,126.69999694824219,126.69999694824219,40491
2022-01-06-14-24-00 GMT-0500,126.69499969482422,126.82849884033203,126.66999816894531,126.79000091552734,126.79000091552734,28666
2022-01-06-14-25-00 GMT-0500,126.74500274658203,126.9000015258789,126.69000244140625,126.86000061035156,126.86000061035156,31364
2022-01-06-14-26-00 GMT-0500,126.88999938964844,127.0,126.88999938964844,126.91999816894531,126.91999816894531,29921
2022-01-06-14-27-00 GMT-0500,126.94999694824219,127.0,126.83999633789062,126.86000061035156,126.86000061035156,13994
2022-01-06-14-28-00 GMT-0500,126.8499984741211,126.87000274658203,126.75,126.84480285644531,126.84480285644531,21418
2022-01-06-14-29-00 GMT-0500,126.81999969482422,126.83499908447266,126.70999908447266,126.76000213623047,126.76000213623047,15405
2022-01-06-14-30-00 GMT-0500,126.75859832763672,126.87999725341797,126.7300033569336,126.81990051269531,126.81990051269531,31241
2022-01-06-14-31-00 GMT-0500,126.7699966430664,126.7699966430664,126.66000366210938,126.71759796142578,126.71759796142578,23949
2022-01-06-14-32-00 GMT-0500,126.73989868164062,126.76499938964844,126.5,126.61289978027344,126.61289978027344,64945
2022-01-06-14-33-00 GMT-0500,126.56999969482422,126.6500015258789,126.5199966430664,126.56999969482422,126.56999969482422,29325
2022-01-06-14-34-00 GMT-0500,126.51000213623047,126.51000213623047,126.27999877929688,126.32499694824219,126.32499694824219,56149
2022-01-06-14-35-00 GMT-0500,126.32499694824219,126.4749984741211,126.16000366210938,126.30999755859375,126.30999755859375,35846
2022-01-06-14-36-00 GMT-0500,126.31999969482422,126.36000061035156,126.19999694824219,126.31500244140625,126.31500244140625,29803
2022-01-06-14-37-00 GMT-0500,126.33999633789062,126.41000366210938,126.23999786376953,126.34010314941406,126.34010314941406,29047
2022-01-06-14-38-00 GMT-0500,126.37000274658203,126.38999938964844,126.27999877929688,126.3052978515625,126.3052978515625,26352
2022-01-06-14-39-00 GMT-0500,126.3135986328125,126.48999786376953,126.2699966430664,126.4800033569336,126.4800033569336,22772
2022-01-06-14-40-00 GMT-0500,126.5,126.81999969482422,126.48999786376953,126.59040069580078,126.59040069580078,54370
2022-01-06-14-41-00 GMT-0500,126.5999984741211,126.61119842529297,126.5199966430664,126.53500366210938,126.53500366210938,15495
2022-01-06-14-42-00 GMT-0500,126.55999755859375,126.64969635009766,126.38999938964844,126.48999786376953,126.48999786376953,35919
2022-01-06-14-43-00 GMT-0500,126.52999877929688,126.54000091552734,126.20999908447266,126.27999877929688,126.27999877929688,32234
2022-01-06-14-44-00 GMT-0500,126.30999755859375,126.37000274658203,126.23999786376953,126.2750015258789,126.2750015258789,30098
2022-01-06-14-45-00 GMT-0500,126.28500366210938,126.31999969482422,126.19999694824219,126.19999694824219,126.19999694824219,19289
2022-01-06-14-46-00 GMT-0500,126.18009948730469,126.3499984741211,126.15740203857422,126.30500030517578,126.30500030517578,20004
2022-01-06-14-47-00 GMT-0500,126.33000183105469,126.69999694824219,126.33000183105469,126.6050033569336,126.6050033569336,93280
2022-01-06-14-48-00 GMT-0500,126.6050033569336,126.643798828125,126.44000244140625,126.55999755859375,126.55999755859375,37810
2022-01-06-14-49-00 GMT-0500,126.52999877929688,126.62999725341797,126.47000122070312,126.5988998413086,126.5988998413086,10294
2022-01-06-14-50-00 GMT-0500,126.62999725341797,126.7384033203125,126.56999969482422,126.7384033203125,126.7384033203125,28531
2022-01-06-14-51-00 GMT-0500,126.72000122070312,126.83989715576172,126.66000366210938,126.79669952392578,126.79669952392578,43362
2022-01-06-14-52-00 GMT-0500,126.7699966430664,126.83999633789062,126.6449966430664,126.70999908447266,126.70999908447266,23358
2022-01-06-14-53-00 GMT-0500,126.70999908447266,126.80000305175781,126.62999725341797,126.67500305175781,126.67500305175781,27365
2022-01-06-14-54-00 GMT-0500,126.68000030517578,126.79000091552734,126.63999938964844,126.76000213623047,126.76000213623047,19172
2022-01-06-14-55-00 GMT-0500,126.73999786376953,126.79000091552734,126.52999877929688,126.54989624023438,126.54989624023438,35663
2022-01-06-14-56-00 GMT-0500,126.5250015258789,126.5999984741211,126.45010375976562,126.52999877929688,126.52999877929688,30879
2022-01-06-14-57-00 GMT-0500,126.55999755859375,126.56999969482422,126.38179779052734,126.45800018310547,126.45800018310547,29463
2022-01-06-14-58-00 GMT-0500,126.41999816894531,126.44999694824219,126.33999633789062,126.36000061035156,126.36000061035156,27886
2022-01-06-14-59-00 GMT-0500,126.35160064697266,126.35160064697266,126.20999908447266,126.25499725341797,126.25499725341797,26380
2022-01-06-15-00-00 GMT-0500,126.27999877929688,126.41999816894531,126.27999877929688,126.41500091552734,126.41500091552734,28738
2022-01-06-15-01-00 GMT-0500,126.41999816894531,126.55000305175781,126.37999725341797,126.51000213623047,126.51000213623047,14872
2022-01-06-15-02-00 GMT-0500,126.52999877929688,126.58999633789062,126.4800033569336,126.58000183105469,126.58000183105469,29226
2022-01-06-15-03-00 GMT-0500,126.56999969482422,126.63999938964844,126.5,126.63999938964844,126.63999938964844,36744
2022-01-06-15-04-00 GMT-0500,126.62010192871094,126.66000366210938,126.54000091552734,126.63909912109375,126.63909912109375,55874
2022-01-06-15-05-00 GMT-0500,126.62999725341797,126.6500015258789,126.51000213623047,126.55000305175781,126.55000305175781,38393
2022-01-06-15-06-00 GMT-0500,126.56999969482422,126.63999938964844,126.55500030517578,126.58999633789062,126.58999633789062,11064
2022-01-06-15-07-00 GMT-0500,126.58999633789062,126.62999725341797,126.4800033569336,126.54000091552734,126.54000091552734,33039
2022-01-06-15-08-00 GMT-0500,126.5250015258789,126.55999755859375,126.41000366210938,126.43000030517578,126.43000030517578,35003
2022-01-06-15-09-00 GMT-0500,126.41999816894531,126.41999816894531,126.27999877929688,126.4000015258789,126.4000015258789,30635
2022-01-06-15-10-00 GMT-0500,126.41999816894531,126.41999816894531,126.01000213623047,126.02999877929688,126.02999877929688,59490
2022-01-06-15-11-00 GMT-0500,126.02999877929688,126.06990051269531,125.87000274658203,125.94999694824219,125.94999694824219,101938
2022-01-06-15-12-00 GMT-0500,125.9301986694336,126.33989715576172,125.9301986694336,126.31449890136719,126.31449890136719,62472
2022-01-06-15-13-00 GMT-0500,126.27999877929688,126.44999694824219,126.25,126.33499908447266,126.33499908447266,39579
2022-01-06-15-14-00 GMT-0500,126.33000183105469,126.35990142822266,126.02999877929688,126.13500213623047,126.13500213623047,39957
2022-01-06-15-15-00 GMT-0500,126.13999938964844,126.29000091552734,126.13999938964844,126.22000122070312,126.22000122070312,39446
2022-01-06-15-16-00 GMT-0500,126.2698974609375,126.41000366210938,126.25499725341797,126.37000274658203,126.37000274658203,37017
2022-01-06-15-17-00 GMT-0500,126.38999938964844,126.5,126.27999877929688,126.27999877929688,126.27999877929688,39441
2022-01-06-15-18-00 GMT-0500,126.28500366210938,126.5,126.28500366210938,126.48999786376953,126.48999786376953,32501
2022-01-06-15-19-00 GMT-0500,126.48500061035156,126.62999725341797,126.45999908447266,126.52999877929688,126.52999877929688,31166
2022-01-06-15-20-00 GMT-0500,126.5199966430664,126.8499984741211,126.5199966430664,126.7300033569336,126.7300033569336,71798
2022-01-06-15-21-00 GMT-0500,126.69999694824219,126.81990051269531,126.69999694824219,126.72000122070312,126.72000122070312,34711
2022-01-06-15-22-00 GMT-0500,126.72000122070312,126.83000183105469,126.5999984741211,126.62000274658203,126.62000274658203,35765
2022-01-06-15-23-00 GMT-0500,126.6500015258789,126.68000030517578,126.55999755859375,126.67960357666016,126.67960357666016,29648
2022-01-06-15-24-00 GMT-0500,126.63999938964844,126.75,126.5801010131836,126.65499877929688,126.65499877929688,30867
2022-01-06-15-25-00 GMT-0500,126.66999816894531,126.80000305175781,126.54000091552734,126.80000305175781,126.80000305175781,27423
2022-01-06-15-26-00 GMT-0500,126.79000091552734,126.93000030517578,126.79000091552734,126.87000274658203,126.87000274658203,54709
2022-01-06-15-27-00 GMT-0500,126.8499984741211,126.94999694824219,126.77999877929688,126.94999694824219,126.94999694824219,39844
2022-01-06-15-28-00 GMT-0500,126.93000030517578,126.97000122070312,126.86000061035156,126.87000274658203,126.87000274658203,73149
2022-01-06-15-29-00 GMT-0500,126.88999938964844,127.2300033569336,126.87000274658203,127.19000244140625,127.19000244140625,95541
2022-01-06-15-30-00 GMT-0500,127.20999908447266,127.6500015258789,127.19000244140625,127.5999984741211,127.5999984741211,113662
2022-01-06-15-31-00 GMT-0500,127.625,127.6500015258789,127.38800048828125,127.45999908447266,127.45999908447266,98577
2022-01-06-15-32-00 GMT-0500,127.43000030517578,127.44000244140625,127.12999725341797,127.13459777832031,127.13459777832031,99562
2022-01-06-15-33-00 GMT-0500,127.12999725341797,127.15499877929688,126.79000091552734,126.80999755859375,126.80999755859375,77727
2022-01-06-15-34-00 GMT-0500,126.80999755859375,126.86000061035156,126.70010375976562,126.76000213623047,126.76000213623047,79077
2022-01-06-15-35-00 GMT-0500,126.79000091552734,127.0,126.6802978515625,126.83999633789062,126.83999633789062,50913
2022-01-06-15-36-00 GMT-0500,126.82009887695312,126.95800018310547,126.81999969482422,126.90380096435547,126.90380096435547,29375
2022-01-06-15-37-00 GMT-0500,126.9000015258789,126.91000366210938,126.62999725341797,126.67500305175781,126.67500305175781,51129
2022-01-06-15-38-00 GMT-0500,126.69000244140625,126.70999908447266,126.552001953125,126.5999984741211,126.5999984741211,31725
2022-01-06-15-39-00 GMT-0500,126.62000274658203,126.7593002319336,126.5999984741211,126.75,126.75,37736
2022-01-06-15-40-00 GMT-0500,126.73999786376953,126.75,126.38999938964844,126.44000244140625,126.44000244140625,60198
2022-01-06-15-41-00 GMT-0500,126.44000244140625,126.55000305175781,126.41999816894531,126.4800033569336,126.4800033569336,59377
2022-01-06-15-42-00 GMT-0500,126.47000122070312,126.47000122070312,126.30999755859375,126.41999816894531,126.41999816894531,37436
2022-01-06-15-43-00 GMT-0500,126.44000244140625,126.6500015258789,126.38999938964844,126.5999984741211,126.5999984741211,44651
2022-01-06-15-44-00 GMT-0500,126.6500015258789,126.76000213623047,126.6449966430664,126.66999816894531,126.66999816894531,61082
2022-01-06-15-45-00 GMT-0500,126.68000030517578,126.98999786376953,126.66999816894531,126.83999633789062,126.83999633789062,108680
2022-01-06-15-46-00 GMT-0500,126.83499908447266,126.98999786376953,126.79499816894531,126.97200012207031,126.97200012207031,46067
2022-01-06-15-47-00 GMT-0500,126.97000122070312,127.04000091552734,126.81999969482422,127.01229858398438,127.01229858398438,63478
2022-01-06-15-48-00 GMT-0500,127.02510070800781,127.02510070800781,126.8949966430664,126.94999694824219,126.94999694824219,60215
2022-01-06-15-49-00 GMT-0500,126.95999908447266,127.13089752197266,126.91780090332031,126.93000030517578,126.93000030517578,57904
2022-01-06-15-50-00 GMT-0500,126.94000244140625,127.05000305175781,126.91000366210938,126.98999786376953,126.98999786376953,72276
2022-01-06-15-51-00 GMT-0500,126.95999908447266,126.98999786376953,126.80000305175781,126.8550033569336,126.8550033569336,78414
2022-01-06-15-52-00 GMT-0500,126.87999725341797,126.98999786376953,126.79000091552734,126.91999816894531,126.91999816894531,111445
2022-01-06-15-53-00 GMT-0500,126.91000366210938,126.91000366210938,126.7699966430664,126.80000305175781,126.80000305175781,75850
2022-01-06-15-54-00 GMT-0500,126.80000305175781,126.80999755859375,126.6500015258789,126.73999786376953,126.73999786376953,93862
2022-01-06-15-55-00 GMT-0500,126.75,126.79000091552734,126.45999908447266,126.46170043945312,126.46170043945312,119704
2022-01-06-15-56-00 GMT-0500,126.47000122070312,126.55999755859375,126.43000030517578,126.5447006225586,126.5447006225586,109043
2022-01-06-15-57-00 GMT-0500,126.55000305175781,126.87000274658203,126.55000305175781,126.85299682617188,126.85299682617188,123815
2022-01-06-15-58-00 GMT-0500,126.86000061035156,126.87999725341797,126.66999816894531,126.68000030517578,126.68000030517578,171811
2022-01-06-15-59-00 GMT-0500,126.69000244140625,126.88999938964844,126.58000183105469,126.58000183105469,126.58000183105469,263926
2022-01-06-16-00-00 GMT-0500,126.6,126.62,126.4,126.48,126.48,942
2022-01-06-16-01-00 GMT-0500,126.58,126.8664,126.45,126.63,126.63,412438
2022-01-06-16-02-00 GMT-0500,126.59,126.6,126.53,126.55,126.55,0
2022-01-06-16-03-00 GMT-0500,126.59,126.59,126.51,126.56,126.56,0
2022-01-06-16-04-00 GMT-0500,126.55,126.62,126.54,126.56,126.56,0
2022-01-06-16-05-00 GMT-0500,126.61,126.62,126.56,126.57,126.57,0
2022-01-06-16-06-00 GMT-0500,126.57,126.62,126.52,126.62,126.62,0
2022-01-06-16-07-00 GMT-0500,126.53,126.62,126.53,126.62,126.62,0
2022-01-06-16-08-00 GMT-0500,126.62,126.62,126.53,126.57,126.57,0
2022-01-06-16-09-00 GMT-0500,126.57,126.59,126.52,126.52,126.52,0
2022-01-06-16-10-00 GMT-0500,126.59,126.62,126.52,126.57,126.57,0
2022-01-06-16-11-00 GMT-0500,126.61,126.62,126.52,126.62,126.62,0
2022-01-06-16-12-00 GMT-0500,126.62,126.62,126.52,126.57,126.57,0
2022-01-06-16-13-00 GMT-0500,126.52,126.62,126.52,126.62,126.62,0
2022-01-06-16-14-00 GMT-0500,126.52,126.62,126.52,126.56,126.56,0
2022-01-06-16-15-00 GMT-0500,126.6,126.62,126.52,126.62,126.62,0
2022-01-06-16-16-00 GMT-0500,126.585,126.62,126.55,126.55,126.55,0
2022-01-06-16-17-00 GMT-0500,126.57,126.71,126.55,126.71,126.71,0
2022-01-06-16-18-00 GMT-0500,126.71,126.79,126.63,126.63,126.63,0
2022-01-06-16-19-00 GMT-0500,126.75,126.79,126.55,126.675,126.675,0
2022-01-06-16-20-00 GMT-0500,126.67,126.79,126.64,126.695,126.695,0
2022-01-06-16-21-00 GMT-0500,126.7,126.84,126.63,126.775,126.775,0
2022-01-06-16-22-00 GMT-0500,126.71,126.72,126.63,126.63,126.63,0
2022-01-06-16-23-00 GMT-0500,126.745,126.84,126.65,126.72,126.72,0
2022-01-06-16-24-00 GMT-0500,126.81,126.84,126.7,126.7,126.7,0
2022-01-06-16-25-00 GMT-0500,126.74,126.84,126.6401,126.79,126.79,0
2022-01-06-16-26-00 GMT-0500,126.77,126.82,126.65,126.74,126.74,0
2022-01-06-16-27-00 GMT-0500,126.65,126.81,126.64,126.64,126.64,0
2022-01-06-16-28-00 GMT-0500,126.725,126.81,126.64,126.8099,126.8099,0
2022-01-06-16-29-00 GMT-0500,126.8,126.825,126.75,126.81,126.81,0
2022-01-06-16-30-00 GMT-0500,126.81,126.82,126.76,126.82,126.82,0
2022-01-06-16-31-00 GMT-0500,126.795,126.8399,126.76,126.81,126.81,0
2022-01-06-16-32-00 GMT-0500,126.81,126.84,126.63,126.8,126.8,0
2022-01-06-16-33-00 GMT-0500,126.84,126.84,126.63,126.63,126.63,0
2022-01-06-16-34-00 GMT-0500,126.84,126.84,126.8,126.8,126.8,0
2022-01-06-16-35-00 GMT-0500,126.8,126.84,126.76,126.84,126.84,0
2022-01-06-16-36-00 GMT-0500,126.8,126.84,126.8,126.8,126.8,0
2022-01-06-16-37-00 GMT-0500,126.76,126.84,126.76,126.8,126.8,0
2022-01-06-16-38-00 GMT-0500,126.8,126.8,126.78,126.78,126.78,0
2022-01-06-16-39-00 GMT-0500,126.8,126.8,126.65,126.65,126.65,0
2022-01-06-16-40-00 GMT-0500,126.8,126.8,126.64,126.75,126.75,0
2022-01-06-16-41-00 GMT-0500,126.8,126.8,126.63,126.8,126.8,0
2022-01-06-16-42-00 GMT-0500,126.73,126.8,126.63,126.63,126.63,0
2022-01-06-16-43-00 GMT-0500,126.775,126.84,126.63,126.83,126.83,0
2022-01-06-16-44-00 GMT-0500,126.83,126.84,126.66,126.84,126.84,0
2022-01-06-16-45-00 GMT-0500,126.76,126.84,126.66,126.755,126.755,0
2022-01-06-16-46-00 GMT-0500,126.74,126.8,126.72,126.8,126.8,0
2022-01-06-16-47-00 GMT-0500,126.84,126.84,126.67,126.83,126.83,0
2022-01-06-16-48-00 GMT-0500,126.83,126.84,126.67,126.67,126.67,0
2022-01-06-16-50-00 GMT-0500,126.67,126.84,126.67,126.84,126.84,0
2022-01-06-16-52-00 GMT-0500,126.82,126.83,126.79,126.815,126.815,0
2022-01-06-16-53-00 GMT-0500,126.83,126.84,126.79,126.83,126.83,0
2022-01-06-16-55-00 GMT-0500,126.84,126.84,126.815,126.84,126.84,0
2022-01-06-16-56-00 GMT-0500,126.83,126.84,126.79,126.84,126.84,0
2022-01-06-16-57-00 GMT-0500,126.84,126.84,126.72,126.78,126.78,0
2022-01-06-16-58-00 GMT-0500,126.84,126.84,126.8,126.84,126.84,0
2022-01-06-16-59-00 GMT-0500,126.84,126.84,126.63,126.84,126.84,0
2022-01-06-17-00-00 GMT-0500,126.77,126.84,126.7,126.84,126.84,0
2022-01-06-17-01-00 GMT-0500,126.84,126.84,126.83,126.83,126.83,0
2022-01-06-17-02-00 GMT-0500,126.83,126.83,126.755,126.755,126.755,0
2022-01-06-17-03-00 GMT-0500,126.83,126.84,126.75,126.84,126.84,0
2022-01-06-17-04-00 GMT-0500,126.67,126.84,126.67,126.73,126.73,0
2022-01-06-17-05-00 GMT-0500,126.77,126.8,126.7,126.77,126.77,0
2022-01-06-17-06-00 GMT-0500,126.77,126.84,126.7,126.8,126.8,0
2022-01-06-17-08-00 GMT-0500,126.77,126.84,126.74,126.84,126.84,0
2022-01-06-17-09-00 GMT-0500,126.77,126.83,126.7,126.8,126.8,0
2022-01-06-17-10-00 GMT-0500,126.81,126.84,126.72,126.83,126.83,0
2022-01-06-17-11-00 GMT-0500,126.77,126.84,126.77,126.83,126.83,0
2022-01-06-17-12-00 GMT-0500,126.81,126.83,126.78,126.83,126.83,0
2022-01-06-17-13-00 GMT-0500,126.78,126.83,126.72,126.83,126.83,0
2022-01-06-17-14-00 GMT-0500,126.81,126.84,126.77,126.84,126.84,0
2022-01-06-17-15-00 GMT-0500,126.84,126.84,126.77,126.805,126.805,0
2022-01-06-17-17-00 GMT-0500,126.84,126.86,126.78,126.845,126.845,0
2022-01-06-17-18-00 GMT-0500,126.845,126.91,126.78,126.9,126.9,0
2022-01-06-17-19-00 GMT-0500,126.78,126.91,126.78,126.845,126.845,0
2022-01-06-17-20-00 GMT-0500,126.78,126.91,126.78,126.86,126.86,0
2022-01-06-17-21-00 GMT-0500,126.86,126.91,126.845,126.91,126.91,0
2022-01-06-17-22-00 GMT-0500,126.88,126.91,126.845,126.845,126.845,0
2022-01-06-17-23-00 GMT-0500,126.78,126.91,126.78,126.91,126.91,0
2022-01-06-17-24-00 GMT-0500,126.845,126.88,126.845,126.845,126.845,0
2022-01-06-17-25-00 GMT-0500,126.845,126.91,126.78,126.78,126.78,0
2022-01-06-17-26-00 GMT-0500,126.89,126.91,126.845,126.91,126.91,0
2022-01-06-17-27-00 GMT-0500,126.91,126.91,126.875,126.875,126.875,0
2022-01-06-17-28-00 GMT-0500,126.875,126.91,126.875,126.91,126.91,0
2022-01-06-17-29-00 GMT-0500,126.9,126.91,126.9,126.905,126.905,0
2022-01-06-17-30-00 GMT-0500,126.9,126.91,126.9,126.91,126.91,0
2022-01-06-17-32-00 GMT-0500,126.9,126.9,126.78,126.845,126.845,0
2022-01-06-17-33-00 GMT-0500,126.9,126.9,126.78,126.84,126.84,0
2022-01-06-17-34-00 GMT-0500,126.9,126.9,126.84,126.84,126.84,0
2022-01-06-17-35-00 GMT-0500,126.9,126.91,126.845,126.91,126.91,0
2022-01-06-17-36-00 GMT-0500,126.91,126.91,126.79,126.84,126.84,0
2022-01-06-17-37-00 GMT-0500,126.84,126.9,126.78,126.78,126.78,0
2022-01-06-17-38-00 GMT-0500,126.9,126.9,126.89,126.9,126.9,0
2022-01-06-17-39-00 GMT-0500,126.91,127.0,126.88,127.0,127.0,0
2022-01-06-17-40-00 GMT-0500,126.63,127.1,126.63,127.1,127.1,0
2022-01-06-17-41-00 GMT-0500,127.38,127.38,127.02,127.27,127.27,0
2022-01-06-17-42-00 GMT-0500,127.16,127.38,127.16,127.36,127.36,0
2022-01-06-17-43-00 GMT-0500,127.38,127.38,127.01,127.27,127.27,0
2022-01-06-17-44-00 GMT-0500,127.32,127.38,127.01,127.195,127.195,0
2022-01-06-17-45-00 GMT-0500,127.27,127.27,127.1,127.1,127.1,0
2022-01-06-17-46-00 GMT-0500,127.35,127.35,127.15,127.18,127.18,0
2022-01-06-17-47-00 GMT-0500,127.18,127.35,127.18,127.18,127.18,0
2022-01-06-17-48-00 GMT-0500,127.225,127.225,127.2,127.2,127.2,0
2022-01-06-17-49-00 GMT-0500,127.2,127.3,127.2,127.25,127.25,0
2022-01-06-17-50-00 GMT-0500,127.2,127.3,127.1,127.1,127.1,0
2022-01-06-17-51-00 GMT-0500,127.075,127.15,127.075,127.075,127.075,0
2022-01-06-17-52-00 GMT-0500,127.075,127.15,127.0,127.1,127.1,0
2022-01-06-17-53-00 GMT-0500,127.1,127.2,127.0,127.04,127.04,0
2022-01-06-17-54-00 GMT-0500,127.05,127.2,127.0,127.17,127.17,0
2022-01-06-17-55-00 GMT-0500,127.17,127.34,127.1,127.175,127.175,0
2022-01-06-17-56-00 GMT-0500,127.1,127.34,127.06,127.34,127.34,0
2022-01-06-17-57-00 GMT-0500,127.34,127.34,127.06,127.34,127.34,0
2022-01-06-17-58-00 GMT-0500,127.17,127.34,127.01,127.195,127.195,0
2022-01-06-17-59-00 GMT-0500,127.125,127.2,126.63,127.095,127.095,0
2022-01-06-18-00-00 GMT-0500,127.17,127.17,127.03,127.03,127.03,0
2022-01-06-18-01-00 GMT-0500,127.04,127.2,127.04,127.05,127.05,0
2022-01-06-18-02-00 GMT-0500,127.1,127.34,127.1,127.34,127.34,0
2022-01-06-18-03-00 GMT-0500,127.2,127.33,127.2,127.3,127.3,0
2022-01-06-18-06-00 GMT-0500,127.25,127.31,127.25,127.31,127.31,0
2022-01-06-18-08-00 GMT-0500,127.31,127.33,127.3,127.33,127.33,0
2022-01-06-18-09-00 GMT-0500,127.32,127.32,127.32,127.32,127.32,0
2022-01-06-18-10-00 GMT-0500,127.33,127.33,127.22,127.22,127.22,0
2022-01-06-18-11-00 GMT-0500,127.32,127.32,127.3,127.3,127.3,0
2022-01-06-18-12-00 GMT-0500,127.3,127.3299,127.3,127.3299,127.3299,0
2022-01-06-18-14-00 GMT-0500,127.21,127.3,127.11,127.11,127.11,0
2022-01-06-18-15-00 GMT-0500,127.29,127.3,127.29,127.3,127.3,0
2022-01-06-18-16-00 GMT-0500,127.33,127.34,127.33,127.34,127.34,0
2022-01-06-18-17-00 GMT-0500,127.34,127.34,127.34,127.34,127.34,0
2022-01-06-18-18-00 GMT-0500,127.3,127.3,127.3,127.3,127.3,0
2022-01-06-18-19-00 GMT-0500,127.11,127.11,127.11,127.11,127.11,0
2022-01-06-18-20-00 GMT-0500,127.34,127.34,127.11,127.33,127.33,0
2022-01-06-18-23-00 GMT-0500,127.33,127.34,127.3,127.34,127.34,0
2022-01-06-18-24-00 GMT-0500,127.27,127.38,127.27,127.38,127.38,0
2022-01-06-18-25-00 GMT-0500,127.35,127.35,127.11,127.11,127.11,0
2022-01-06-18-26-00 GMT-0500,127.2,127.2,127.2,127.2,127.2,0
2022-01-06-18-27-00 GMT-0500,127.11,127.11,127.1,127.1,127.1,0
2022-01-06-18-28-00 GMT-0500,127.1,127.25,127.1,127.11,127.11,0
2022-01-06-18-30-00 GMT-0500,127.16,127.29,127.16,127.29,127.29,0
2022-01-06-18-31-00 GMT-0500,127.16,127.16,127.16,127.16,127.16,0
2022-01-06-18-33-00 GMT-0500,127.3,127.3,127.2,127.2,127.2,0
2022-01-06-18-34-00 GMT-0500,127.2,127.3,127.2,127.3,127.3,0
2022-01-06-18-35-00 GMT-0500,127.23,127.3,127.2,127.27,127.27,0
2022-01-06-18-36-00 GMT-0500,127.27,127.29,127.2,127.29,127.29,0
2022-01-06-18-37-00 GMT-0500,127.27,127.3,127.21,127.21,127.21,0
2022-01-06-18-38-00 GMT-0500,127.3,127.3,127.27,127.27,127.27,0
2022-01-06-18-39-00 GMT-0500,127.27,127.7,127.27,127.65,127.65,0
2022-01-06-18-40-00 GMT-0500,127.72,127.72,127.65,127.65,127.65,0
2022-01-06-18-41-00 GMT-0500,127.65,127.75,127.65,127.72,127.72,0
2022-01-06-18-42-00 GMT-0500,127.65,127.72,127.65,127.71,127.71,0
2022-01-06-18-43-00 GMT-0500,127.7,127.7,127.6,127.6,127.6,0
2022-01-06-18-44-00 GMT-0500,127.59,127.6,127.53,127.53,127.53,0
2022-01-06-18-45-00 GMT-0500,127.53,127.6,127.5,127.6,127.6,0
2022-01-06-18-46-00 GMT-0500,127.63,127.63,127.22,127.22,127.22,0
2022-01-06-18-47-00 GMT-0500,127.44,127.63,127.3,127.63,127.63,0
2022-01-06-18-48-00 GMT-0500,127.43,127.43,127.22,127.22,127.22,0
2022-01-06-18-50-00 GMT-0500,127.35,127.35,127.22,127.22,127.22,0
2022-01-06-18-51-00 GMT-0500,127.56,127.56,127.33,127.33,127.33,0
2022-01-06-18-52-00 GMT-0500,127.22,127.22,127.22,127.22,127.22,0
2022-01-06-18-53-00 GMT-0500,127.37,127.37,127.37,127.37,127.37,0
2022-01-06-18-54-00 GMT-0500,127.4,127.4,127.4,127.4,127.4,0
2022-01-06-18-56-00 GMT-0500,127.57,127.57,127.35,127.5,127.5,0
2022-01-06-18-57-00 GMT-0500,127.57,127.57,127.57,127.57,127.57,0
2022-01-06-18-58-00 GMT-0500,127.57,127.57,127.52,127.54,127.54,0
2022-01-06-18-59-00 GMT-0500,127.56,127.63,127.56,127.63,127.63,0
2022-01-06-19-00-00 GMT-0500,127.57,127.63,127.56,127.63,127.63,0
2022-01-06-19-01-00 GMT-0500,127.65,127.77,127.65,127.7699,127.7699,0
2022-01-06-19-02-00 GMT-0500,127.71,127.75,127.71,127.71,127.71,0
2022-01-06-19-03-00 GMT-0500,127.71,127.74,127.71,127.74,127.74,0
2022-01-06-19-04-00 GMT-0500,127.63,127.63,127.6,127.6,127.6,0
2022-01-06-19-05-00 GMT-0500,127.63,127.74,127.56,127.74,127.74,0
2022-01-06-19-06-00 GMT-0500,127.74,127.74,127.7,127.7,127.7,0
2022-01-06-19-07-00 GMT-0500,127.71,127.75,127.71,127.75,127.75,0
2022-01-06-19-08-00 GMT-0500,127.8,127.8,127.77,127.8,127.8,0
2022-01-06-19-09-00 GMT-0500,127.93,127.93,127.74,127.77,127.77,0
2022-01-06-19-10-00 GMT-0500,127.77,127.77,127.77,127.77,127.77,0
2022-01-06-19-11-00 GMT-0500,127.74,127.74,127.58,127.58,127.58,0
2022-01-06-19-13-00 GMT-0500,127.85,127.89,127.85,127.89,127.89,0
2022-01-06-19-14-00 GMT-0500,127.91,127.91,127.85,127.85,127.85,0
2022-01-06-19-15-00 GMT-0500,127.91,127.93,127.86,127.93,127.93,0
2022-01-06-19-17-00 GMT-0500,127.89,127.89,127.89,127.89,127.89,0
2022-01-06-19-18-00 GMT-0500,127.89,127.9,127.89,127.9,127.9,0
2022-01-06-19-19-00 GMT-0500,127.9,127.9,127.85,127.85,127.85,0
2022-01-06-19-20-00 GMT-0500,127.89,127.9,127.85,127.85,127.85,0
2022-01-06-19-21-00 GMT-0500,127.8,127.89,127.8,127.89,127.89,0
2022-01-06-19-22-00 GMT-0500,127.85,127.9,127.8,127.8,127.8,0
2022-01-06-19-23-00 GMT-0500,127.8,127.88,127.8,127.8,127.8,0
2022-01-06-19-24-00 GMT-0500,127.85,127.88,127.85,127.88,127.88,0
2022-01-06-19-25-00 GMT-0500,127.87,127.88,127.87,127.88,127.88,0
2022-01-06-19-26-00 GMT-0500,127.7,127.88,127.7,127.8,127.8,0
2022-01-06-19-27-00 GMT-0500,127.85,127.85,127.85,127.85,127.85,0
2022-01-06-19-28-00 GMT-0500,127.8,127.85,127.75,127.85,127.85,0
2022-01-06-19-30-00 GMT-0500,127.8,127.84,127.8,127.84,127.84,0
2022-01-06-19-33-00 GMT-0500,127.83,127.83,127.83,127.83,127.83,0
2022-01-06-19-34-00 GMT-0500,127.88,127.88,127.88,127.88,127.88,0
2022-01-06-19-35-00 GMT-0500,127.88,127.92,127.8,127.92,127.92,0
2022-01-06-19-36-00 GMT-0500,127.8,127.92,127.8,127.8,127.8,0
2022-01-06-19-37-00 GMT-0500,127.82,127.93,127.82,127.9,127.9,0
2022-01-06-19-38-00 GMT-0500,127.87,127.95,127.8,127.8,127.8,0
2022-01-06-19-39-00 GMT-0500,127.83,127.83,127.7,127.83,127.83,0
2022-01-06-19-40-00 GMT-0500,127.7,127.84,127.7,127.72,127.72,0
2022-01-06-19-41-00 GMT-0500,127.7,127.95,127.7,127.7,127.7,0
2022-01-06-19-42-00 GMT-0500,127.75,127.92,127.72,127.83,127.83,0
2022-01-06-19-43-00 GMT-0500,127.83,127.95,127.83,127.95,127.95,0
2022-01-06-19-44-00 GMT-0500,127.75,128.0,127.75,128.0,128.0,0
2022-01-06-19-45-00 GMT-0500,127.93,128.0,127.85,128.0,128.0,0
2022-01-06-19-46-00 GMT-0500,127.99,128.0,127.96,128.0,128.0,0
2022-01-06-19-47-00 GMT-0500,128.0,128.0,128.0,128.0,128.0,0
2022-01-06-19-48-00 GMT-0500,128.0,128.0,127.9,127.93,127.93,0
2022-01-06-19-49-00 GMT-0500,127.9,127.99,127.9,127.95,127.95,0
2022-01-06-19-50-00 GMT-0500,128.0,128.02,127.95,128.01,128.01,0
2022-01-06-19-51-00 GMT-0500,128.0,128.0,127.95,127.95,127.95,0
2022-01-06-19-52-00 GMT-0500,128.0,128.0,127.85,127.9999,127.9999,0
2022-01-06-19-53-00 GMT-0500,128.0,128.0,127.99,127.99,127.99,0
2022-01-06-19-54-00 GMT-0500,127.95,128.0,127.9,127.9,127.9,0
2022-01-06-19-55-00 GMT-0500,128.0,128.0,127.91,128.0,128.0,0
2022-01-06-19-56-00 GMT-0500,128.0,128.0,127.86,127.95,127.95,0
2022-01-06-19-57-00 GMT-0500,127.96,128.0,127.88,127.98,127.98,0
2022-01-06-19-58-00 GMT-0500,127.91,127.97,127.9,127.97,127.97,0
2022-01-06-19-59-00 GMT-0500,127.95,127.95,127.91,127.91,127.91,0
