Datetime,Open,High,Low,Close,Adj Close,Volume
2022-01-03-04-00-00 GMT-0500,171.25,171.25,171.25,171.25,171.25,0
2022-01-03-04-01-00 GMT-0500,171.25,171.7,171.14,171.67,171.67,0
2022-01-03-04-02-00 GMT-0500,171.01,171.3,171.01,171.3,171.3,0
2022-01-03-04-04-00 GMT-0500,171.58,171.58,171.58,171.58,171.58,0
2022-01-03-04-07-00 GMT-0500,171.57,171.57,171.57,171.57,171.57,0
2022-01-03-04-12-00 GMT-0500,171.58,171.6,171.58,171.6,171.6,0
2022-01-03-04-17-00 GMT-0500,171.67,171.67,171.67,171.67,171.67,0
2022-01-03-05-11-00 GMT-0500,171.49,171.5,171.49,171.5,171.5,0
2022-01-03-05-16-00 GMT-0500,171.52,171.52,171.5,171.5,171.5,0
2022-01-03-05-18-00 GMT-0500,171.5,171.5,171.32,171.32,171.32,0
2022-01-03-06-04-00 GMT-0500,171.3,171.31,171.3,171.3,171.3,0
2022-01-03-06-05-00 GMT-0500,171.3,171.3,171.14,171.14,171.14,0
2022-01-03-06-08-00 GMT-0500,171.15,171.15,171.1,171.1,171.1,0
2022-01-03-06-09-00 GMT-0500,171.1,171.1,171.1,171.1,171.1,0
2022-01-03-06-17-00 GMT-0500,171.13,171.13,171.11,171.11,171.11,0
2022-01-03-06-27-00 GMT-0500,171.11,171.11,171.11,171.11,171.11,0
2022-01-03-07-00-00 GMT-0500,171.25,171.25,171.1,171.11,171.11,0
2022-01-03-07-02-00 GMT-0500,171.13,171.13,171.13,171.13,171.13,0
2022-01-03-07-13-00 GMT-0500,171.13,171.14,171.13,171.14,171.14,0
2022-01-03-07-18-00 GMT-0500,171.17,171.17,171.17,171.17,171.17,0
2022-01-03-07-26-00 GMT-0500,171.14,171.14,171.12,171.14,171.14,0
2022-01-03-07-27-00 GMT-0500,171.14,171.14,171.12,171.12,171.12,0
2022-01-03-07-28-00 GMT-0500,171.11,171.11,171.1,171.11,171.11,0
2022-01-03-07-29-00 GMT-0500,171.11,171.11,171.1,171.1,171.1,0
2022-01-03-07-34-00 GMT-0500,171.11,171.11,171.07,171.07,171.07,0
2022-01-03-07-36-00 GMT-0500,171.08,171.08,171.08,171.08,171.08,0
2022-01-03-07-39-00 GMT-0500,171.19,171.19,171.19,171.19,171.19,0
2022-01-03-07-45-00 GMT-0500,171.27,171.27,171.11,171.11,171.11,0
2022-01-03-07-54-00 GMT-0500,171.19,171.19,171.17,171.17,171.17,0
2022-01-03-07-58-00 GMT-0500,171.2,171.25,171.2,171.25,171.25,0
2022-01-03-08-00-00 GMT-0500,171.11,171.54,167.21,171.15,171.15,0
2022-01-03-08-02-00 GMT-0500,171.1,171.1,171.08,171.1,171.1,0
2022-01-03-08-05-00 GMT-0500,171.07,171.07,171.0,171.05,171.05,0
2022-01-03-08-06-00 GMT-0500,171.26,171.26,171.15,171.15,171.15,0
2022-01-03-08-07-00 GMT-0500,171.01,171.07,171.01,171.02,171.02,0
2022-01-03-08-10-00 GMT-0500,171.0,171.0,170.83,170.99,170.99,0
2022-01-03-08-12-00 GMT-0500,171.0,171.03,171.0,171.03,171.03,0
2022-01-03-08-14-00 GMT-0500,171.03,171.03,171.03,171.03,171.03,0
2022-01-03-08-18-00 GMT-0500,171.02,171.05,171.02,171.05,171.05,0
2022-01-03-08-24-00 GMT-0500,170.96,170.96,170.96,170.96,170.96,0
2022-01-03-08-25-00 GMT-0500,170.81,170.99,170.79,170.99,170.99,0
2022-01-03-08-26-00 GMT-0500,170.99,171.03,170.8,171.03,171.03,0
2022-01-03-08-30-00 GMT-0500,170.8,170.8,170.8,170.8,170.8,0
2022-01-03-08-36-00 GMT-0500,170.81,170.93,170.8,170.8,170.8,0
2022-01-03-08-37-00 GMT-0500,170.8,170.8,170.73,170.8,170.8,0
2022-01-03-08-39-00 GMT-0500,170.75,170.75,170.75,170.75,170.75,0
2022-01-03-08-40-00 GMT-0500,170.71,171.1,170.71,171.1,171.1,0
2022-01-03-08-43-00 GMT-0500,170.8,170.8,170.79,170.79,170.79,0
2022-01-03-08-44-00 GMT-0500,170.73,170.73,170.73,170.73,170.73,0
2022-01-03-08-45-00 GMT-0500,170.71,170.73,170.71,170.71,170.71,0
2022-01-03-08-46-00 GMT-0500,170.71,170.71,170.71,170.71,170.71,0
2022-01-03-08-50-00 GMT-0500,170.8,170.8,170.71,170.8,170.8,0
2022-01-03-08-52-00 GMT-0500,170.65,170.71,170.65,170.71,170.71,0
2022-01-03-08-53-00 GMT-0500,170.8,171.1,170.71,171.1,171.1,0
2022-01-03-08-54-00 GMT-0500,171.13,171.35,171.1,171.18,171.18,0
2022-01-03-08-56-00 GMT-0500,171.27,171.27,171.07,171.27,171.27,0
2022-01-03-08-58-00 GMT-0500,171.028,171.27,171.02,171.02,171.02,0
2022-01-03-09-00-00 GMT-0500,171.27,171.27,171.27,171.27,171.27,0
2022-01-03-09-01-00 GMT-0500,171.27,171.32,170.9,171.32,171.32,0
2022-01-03-09-02-00 GMT-0500,171.265,171.265,171.265,171.265,171.265,0
2022-01-03-09-03-00 GMT-0500,171.04,171.265,170.9,171.08,171.08,0
2022-01-03-09-04-00 GMT-0500,171.22,171.22,170.9,171.05,171.05,0
2022-01-03-09-05-00 GMT-0500,171.05,171.05,170.64,170.96,170.96,0
2022-01-03-09-06-00 GMT-0500,171.045,171.045,171.045,171.045,171.045,0
2022-01-03-09-07-00 GMT-0500,170.64,171.45,170.64,171.45,171.45,0
2022-01-03-09-08-00 GMT-0500,171.44,171.44,171.44,171.44,171.44,0
2022-01-03-09-09-00 GMT-0500,171.03,171.44,171.03,171.045,171.045,0
2022-01-03-09-12-00 GMT-0500,171.0,171.0,170.99,170.99,170.99,0
2022-01-03-09-13-00 GMT-0500,170.99,171.0,170.65,171.0,171.0,0
2022-01-03-09-30-00 GMT-0500,170.2100067138672,170.2899932861328,169.69000244140625,169.94000244140625,169.94000244140625,183251
2022-01-03-09-31-00 GMT-0500,169.7899932861328,169.86000061035156,169.74000549316406,169.77000427246094,169.77000427246094,25485
2022-01-03-09-32-00 GMT-0500,169.77000427246094,169.82000732421875,169.10000610351562,169.1699981689453,169.1699981689453,77786
2022-01-03-09-33-00 GMT-0500,169.22000122070312,169.57000732421875,169.22000122070312,169.50999450683594,169.50999450683594,19683
2022-01-03-09-34-00 GMT-0500,169.5500030517578,169.9199981689453,169.5500030517578,169.9199981689453,169.9199981689453,26838
2022-01-03-09-35-00 GMT-0500,169.97000122070312,170.22999572753906,169.8000030517578,170.20530700683594,170.20530700683594,20693
2022-01-03-09-36-00 GMT-0500,170.19000244140625,170.22000122070312,169.88999938964844,169.99000549316406,169.99000549316406,17050
2022-01-03-09-37-00 GMT-0500,170.05999755859375,170.1300048828125,169.94000244140625,169.97000122070312,169.97000122070312,12900
2022-01-03-09-38-00 GMT-0500,169.99000549316406,170.11000061035156,169.92999267578125,170.05999755859375,170.05999755859375,14821
2022-01-03-09-39-00 GMT-0500,170.05999755859375,170.0800018310547,169.7899932861328,170.02149963378906,170.02149963378906,18233
2022-01-03-09-40-00 GMT-0500,169.97000122070312,170.0500030517578,169.9199981689453,169.93930053710938,169.93930053710938,6731
2022-01-03-09-41-00 GMT-0500,169.97000122070312,170.1999969482422,169.97000122070312,170.17999267578125,170.17999267578125,12038
2022-01-03-09-42-00 GMT-0500,170.25999450683594,170.25999450683594,170.11000061035156,170.19000244140625,170.19000244140625,9150
2022-01-03-09-43-00 GMT-0500,170.18910217285156,170.3699951171875,170.17190551757812,170.32000732421875,170.32000732421875,9324
2022-01-03-09-44-00 GMT-0500,170.4199981689453,170.4199981689453,170.2100067138672,170.25900268554688,170.25900268554688,12632
2022-01-03-09-45-00 GMT-0500,170.19000244140625,170.2899932861328,170.02999877929688,170.25,170.25,27719
2022-01-03-09-46-00 GMT-0500,170.22999572753906,170.22999572753906,170.0500030517578,170.10000610351562,170.10000610351562,14540
2022-01-03-09-47-00 GMT-0500,170.08999633789062,170.08999633789062,169.6300048828125,169.65980529785156,169.65980529785156,12118
2022-01-03-09-48-00 GMT-0500,169.6199951171875,169.82000732421875,169.4199981689453,169.8000030517578,169.8000030517578,15272
2022-01-03-09-49-00 GMT-0500,169.77999877929688,169.88999938964844,169.6699981689453,169.88999938964844,169.88999938964844,18876
2022-01-03-09-50-00 GMT-0500,169.89999389648438,169.9199981689453,169.702392578125,169.9199981689453,169.9199981689453,8828
2022-01-03-09-51-00 GMT-0500,169.8800048828125,170.3800048828125,169.8800048828125,170.32000732421875,170.32000732421875,13416
2022-01-03-09-52-00 GMT-0500,170.32000732421875,170.32000732421875,170.16000366210938,170.20860290527344,170.20860290527344,9979
2022-01-03-09-53-00 GMT-0500,170.19000244140625,170.22999572753906,170.02999877929688,170.18499755859375,170.18499755859375,14831
2022-01-03-09-54-00 GMT-0500,170.1697998046875,170.46499633789062,170.1697998046875,170.46499633789062,170.46499633789062,9166
2022-01-03-09-55-00 GMT-0500,170.42999267578125,170.42999267578125,170.3000030517578,170.3300018310547,170.3300018310547,19944
2022-01-03-09-56-00 GMT-0500,170.30999755859375,170.4600067138672,170.25,170.35000610351562,170.35000610351562,19217
2022-01-03-09-57-00 GMT-0500,170.30999755859375,170.3300018310547,170.15499877929688,170.1699981689453,170.1699981689453,8907
2022-01-03-09-58-00 GMT-0500,170.12539672851562,170.1699981689453,169.92999267578125,169.97500610351562,169.97500610351562,10011
2022-01-03-09-59-00 GMT-0500,169.9600067138672,170.05999755859375,169.81080627441406,169.89999389648438,169.89999389648438,15854
2022-01-03-10-00-00 GMT-0500,169.9199981689453,170.00999450683594,169.86000061035156,169.86000061035156,169.86000061035156,14412
2022-01-03-10-01-00 GMT-0500,169.8000030517578,169.85069274902344,169.6999969482422,169.72000122070312,169.72000122070312,15721
2022-01-03-10-02-00 GMT-0500,169.6999969482422,169.6999969482422,169.531005859375,169.61000061035156,169.61000061035156,30100
2022-01-03-10-03-00 GMT-0500,169.67999267578125,169.86500549316406,169.67999267578125,169.83999633789062,169.83999633789062,11275
2022-01-03-10-04-00 GMT-0500,169.86000061035156,169.9499969482422,169.80999755859375,169.92999267578125,169.92999267578125,14310
2022-01-03-10-05-00 GMT-0500,169.94500732421875,169.97999572753906,169.77000427246094,169.8699951171875,169.8699951171875,9402
2022-01-03-10-06-00 GMT-0500,169.8800048828125,170.0,169.85000610351562,170.0,170.0,7253
2022-01-03-10-07-00 GMT-0500,170.0500030517578,170.1300048828125,169.95230102539062,170.0,170.0,14287
2022-01-03-10-08-00 GMT-0500,170.00999450683594,170.1199951171875,170.00999450683594,170.02999877929688,170.02999877929688,7903
2022-01-03-10-09-00 GMT-0500,170.01040649414062,170.07040405273438,169.97000122070312,169.97000122070312,169.97000122070312,9945
2022-01-03-10-10-00 GMT-0500,169.97500610351562,170.11000061035156,169.97500610351562,170.05999755859375,170.05999755859375,10000
2022-01-03-10-11-00 GMT-0500,170.05999755859375,170.25999450683594,170.0399932861328,170.22000122070312,170.22000122070312,21962
2022-01-03-10-12-00 GMT-0500,170.22000122070312,170.30999755859375,170.19500732421875,170.26499938964844,170.26499938964844,12873
2022-01-03-10-13-00 GMT-0500,170.25,170.27999877929688,170.1999969482422,170.21499633789062,170.21499633789062,12399
2022-01-03-10-14-00 GMT-0500,170.1750030517578,170.23500061035156,170.05999755859375,170.05999755859375,170.05999755859375,22531
2022-01-03-10-15-00 GMT-0500,170.05999755859375,170.0800018310547,169.9149932861328,169.97000122070312,169.97000122070312,12461
2022-01-03-10-16-00 GMT-0500,169.91799926757812,170.0500030517578,169.86000061035156,169.99000549316406,169.99000549316406,18215
2022-01-03-10-17-00 GMT-0500,169.99000549316406,170.03109741210938,169.8699951171875,169.9600067138672,169.9600067138672,11667
2022-01-03-10-18-00 GMT-0500,169.96499633789062,170.0500030517578,169.9199981689453,170.02000427246094,170.02000427246094,14193
2022-01-03-10-19-00 GMT-0500,169.99000549316406,170.05999755859375,169.9499969482422,170.0,170.0,9063
2022-01-03-10-20-00 GMT-0500,169.99000549316406,170.1300048828125,169.99000549316406,170.1300048828125,170.1300048828125,6805
2022-01-03-10-21-00 GMT-0500,170.1300048828125,170.19000244140625,170.0800018310547,170.10000610351562,170.10000610351562,10138
2022-01-03-10-22-00 GMT-0500,170.10000610351562,170.1199951171875,169.97000122070312,170.07000732421875,170.07000732421875,11215
2022-01-03-10-23-00 GMT-0500,170.0800018310547,170.17999267578125,170.0500030517578,170.17999267578125,170.17999267578125,16733
2022-01-03-10-24-00 GMT-0500,170.18089294433594,170.25,170.17999267578125,170.17999267578125,170.17999267578125,5735
2022-01-03-10-25-00 GMT-0500,170.14999389648438,170.19500732421875,170.10000610351562,170.13999938964844,170.13999938964844,10993
2022-01-03-10-26-00 GMT-0500,170.14999389648438,170.27999877929688,170.14999389648438,170.16000366210938,170.16000366210938,14461
2022-01-03-10-27-00 GMT-0500,170.1750030517578,170.22999572753906,170.0836944580078,170.10000610351562,170.10000610351562,3905
2022-01-03-10-28-00 GMT-0500,170.08999633789062,170.13999938964844,170.07000732421875,170.1343994140625,170.1343994140625,14882
2022-01-03-10-29-00 GMT-0500,170.11000061035156,170.22000122070312,170.11000061035156,170.22000122070312,170.22000122070312,5386
2022-01-03-10-30-00 GMT-0500,170.19000244140625,170.2100067138672,169.9199981689453,169.9499969482422,169.9499969482422,19196
2022-01-03-10-31-00 GMT-0500,169.92999267578125,170.02000427246094,169.89999389648438,169.89999389648438,169.89999389648438,14015
2022-01-03-10-32-00 GMT-0500,169.9199981689453,169.94000244140625,169.88999938964844,169.91000366210938,169.91000366210938,8856
2022-01-03-10-33-00 GMT-0500,169.94000244140625,169.99000549316406,169.88499450683594,169.97000122070312,169.97000122070312,18309
2022-01-03-10-34-00 GMT-0500,169.9499969482422,169.97999572753906,169.80999755859375,169.8300018310547,169.8300018310547,12661
2022-01-03-10-35-00 GMT-0500,169.8300018310547,169.94000244140625,169.8300018310547,169.85000610351562,169.85000610351562,10209
2022-01-03-10-36-00 GMT-0500,169.8300018310547,169.86000061035156,169.77000427246094,169.8300018310547,169.8300018310547,11606
2022-01-03-10-37-00 GMT-0500,169.82000732421875,169.91299438476562,169.82000732421875,169.8699951171875,169.8699951171875,15205
2022-01-03-10-38-00 GMT-0500,169.87620544433594,169.92999267578125,169.86000061035156,169.9199981689453,169.9199981689453,9152
2022-01-03-10-39-00 GMT-0500,169.9600067138672,170.03500366210938,169.91000366210938,170.0,170.0,15360
2022-01-03-10-40-00 GMT-0500,170.0,170.0,169.88999938964844,169.97000122070312,169.97000122070312,12560
2022-01-03-10-41-00 GMT-0500,169.97000122070312,169.98500061035156,169.91000366210938,169.97000122070312,169.97000122070312,5746
2022-01-03-10-42-00 GMT-0500,169.97999572753906,170.0399932861328,169.9199981689453,169.9199981689453,169.9199981689453,9452
2022-01-03-10-43-00 GMT-0500,169.90310668945312,170.00999450683594,169.86500549316406,169.9600067138672,169.9600067138672,5638
2022-01-03-10-44-00 GMT-0500,169.9600067138672,169.9600067138672,169.88999938964844,169.89999389648438,169.89999389648438,9650
2022-01-03-10-45-00 GMT-0500,169.89089965820312,169.90310668945312,169.64999389648438,169.7899932861328,169.7899932861328,20998
2022-01-03-10-46-00 GMT-0500,169.7805938720703,169.91000366210938,169.75999450683594,169.91000366210938,169.91000366210938,11016
2022-01-03-10-47-00 GMT-0500,169.9199981689453,170.0800018310547,169.89999389648438,170.0500030517578,170.0500030517578,31405
2022-01-03-10-48-00 GMT-0500,170.02999877929688,170.2449951171875,170.02999877929688,170.1699981689453,170.1699981689453,12687
2022-01-03-10-49-00 GMT-0500,170.1699981689453,170.22000122070312,170.07000732421875,170.16000366210938,170.16000366210938,15982
2022-01-03-10-50-00 GMT-0500,170.14999389648438,170.22999572753906,170.08999633789062,170.14999389648438,170.14999389648438,12206
2022-01-03-10-51-00 GMT-0500,170.1199951171875,170.14999389648438,170.02000427246094,170.0500030517578,170.0500030517578,4864
2022-01-03-10-52-00 GMT-0500,170.07000732421875,170.12229919433594,170.0399932861328,170.10960388183594,170.10960388183594,4000
2022-01-03-10-53-00 GMT-0500,170.1199951171875,170.1199951171875,169.97000122070312,170.00999450683594,170.00999450683594,7042
2022-01-03-10-54-00 GMT-0500,169.9600067138672,169.9676055908203,169.88999938964844,169.91000366210938,169.91000366210938,7767
2022-01-03-10-57-00 GMT-0500,170.0500030517578,170.1649932861328,170.0399932861328,170.14999389648438,170.14999389648438,34560
2022-01-03-10-58-00 GMT-0500,170.13999938964844,170.2100067138672,170.1300048828125,170.168701171875,170.168701171875,14033
2022-01-03-10-59-00 GMT-0500,170.15499877929688,170.26730346679688,170.13999938964844,170.21499633789062,170.21499633789062,12263
2022-01-03-11-00-00 GMT-0500,170.1999969482422,170.1999969482422,170.10000610351562,170.10000610351562,170.10000610351562,18119
2022-01-03-11-01-00 GMT-0500,170.0968017578125,170.1699981689453,170.09500122070312,170.1199951171875,170.1199951171875,5931
2022-01-03-11-02-00 GMT-0500,170.15330505371094,170.22000122070312,170.13999938964844,170.2100067138672,170.2100067138672,9391
2022-01-03-11-03-00 GMT-0500,170.17999267578125,170.2100067138672,170.16000366210938,170.17999267578125,170.17999267578125,7571
2022-01-03-11-04-00 GMT-0500,170.1999969482422,170.1999969482422,170.12240600585938,170.18670654296875,170.18670654296875,7764
2022-01-03-11-05-00 GMT-0500,170.16000366210938,170.16000366210938,170.09500122070312,170.09500122070312,170.09500122070312,10952
2022-01-03-11-06-00 GMT-0500,170.11000061035156,170.1199951171875,170.07000732421875,170.07000732421875,170.07000732421875,6141
2022-01-03-11-07-00 GMT-0500,170.05999755859375,170.10000610351562,170.0399932861328,170.0399932861328,170.0399932861328,5370
2022-01-03-11-08-00 GMT-0500,170.02999877929688,170.02999877929688,169.94000244140625,169.9862060546875,169.9862060546875,11347
2022-01-03-11-09-00 GMT-0500,170.00880432128906,170.02169799804688,169.9467010498047,170.00999450683594,170.00999450683594,5783
2022-01-03-11-10-00 GMT-0500,170.00999450683594,170.05999755859375,170.00010681152344,170.01499938964844,170.01499938964844,5720
2022-01-03-11-11-00 GMT-0500,170.02999877929688,170.0998992919922,170.02999877929688,170.0500030517578,170.0500030517578,12300
2022-01-03-11-12-00 GMT-0500,170.0500030517578,170.0500030517578,169.99000549316406,169.99000549316406,169.99000549316406,7180
2022-01-03-11-13-00 GMT-0500,169.97999572753906,170.05999755859375,169.97999572753906,170.02000427246094,170.02000427246094,15799
2022-01-03-11-14-00 GMT-0500,169.97999572753906,170.13999938964844,169.96099853515625,170.1033935546875,170.1033935546875,12186
2022-01-03-11-15-00 GMT-0500,170.08999633789062,170.1999969482422,170.0767059326172,170.1999969482422,170.1999969482422,6262
2022-01-03-11-16-00 GMT-0500,170.24000549316406,170.25999450683594,170.1699981689453,170.2449951171875,170.2449951171875,9931
2022-01-03-11-17-00 GMT-0500,170.27999877929688,170.27999877929688,170.13999938964844,170.14999389648438,170.14999389648438,10933
2022-01-03-11-18-00 GMT-0500,170.13999938964844,170.24000549316406,170.13999938964844,170.24000549316406,170.24000549316406,7587
2022-01-03-11-19-00 GMT-0500,170.22000122070312,170.25999450683594,170.16000366210938,170.1699981689453,170.1699981689453,7294
2022-01-03-11-20-00 GMT-0500,170.19000244140625,170.20480346679688,170.13999938964844,170.13999938964844,170.13999938964844,6919
2022-01-03-11-21-00 GMT-0500,170.16000366210938,170.22999572753906,170.16000366210938,170.1999969482422,170.1999969482422,6174
2022-01-03-11-22-00 GMT-0500,170.22999572753906,170.25,170.17930603027344,170.17930603027344,170.17930603027344,4994
2022-01-03-11-23-00 GMT-0500,170.1999969482422,170.24249267578125,170.1999969482422,170.22999572753906,170.22999572753906,5322
2022-01-03-11-24-00 GMT-0500,170.24000549316406,170.27999877929688,170.22000122070312,170.27999877929688,170.27999877929688,7350
2022-01-03-11-25-00 GMT-0500,170.27999877929688,170.30999755859375,170.22000122070312,170.3000030517578,170.3000030517578,6312
2022-01-03-11-26-00 GMT-0500,170.30499267578125,170.30499267578125,170.2100067138672,170.21409606933594,170.21409606933594,7167
2022-01-03-11-27-00 GMT-0500,170.2100067138672,170.22000122070312,170.1699981689453,170.22000122070312,170.22000122070312,9235
2022-01-03-11-28-00 GMT-0500,170.22500610351562,170.22500610351562,170.1428985595703,170.19000244140625,170.19000244140625,16339
2022-01-03-11-29-00 GMT-0500,170.21060180664062,170.22000122070312,170.1699981689453,170.1873016357422,170.1873016357422,10607
2022-01-03-11-30-00 GMT-0500,170.19500732421875,170.2899932861328,170.1699981689453,170.19000244140625,170.19000244140625,5422
2022-01-03-11-31-00 GMT-0500,170.1999969482422,170.22000122070312,170.1199951171875,170.1699981689453,170.1699981689453,9377
2022-01-03-11-32-00 GMT-0500,170.1300048828125,170.1300048828125,170.0,170.00030517578125,170.00030517578125,8792
2022-01-03-11-33-00 GMT-0500,170.0500030517578,170.06500244140625,169.9949951171875,169.9949951171875,169.9949951171875,4353
2022-01-03-11-34-00 GMT-0500,169.9987030029297,169.9987030029297,169.88999938964844,169.91000366210938,169.91000366210938,8793
2022-01-03-11-35-00 GMT-0500,169.91000366210938,169.94000244140625,169.83009338378906,169.83999633789062,169.83999633789062,13470
2022-01-03-11-36-00 GMT-0500,169.85000610351562,169.97000122070312,169.85000610351562,169.97000122070312,169.97000122070312,6714
2022-01-03-11-37-00 GMT-0500,169.94000244140625,169.9600067138672,169.8795928955078,169.9322967529297,169.9322967529297,6091
2022-01-03-11-38-00 GMT-0500,169.9199981689453,169.97999572753906,169.9199981689453,169.97000122070312,169.97000122070312,2166
2022-01-03-11-39-00 GMT-0500,169.99000549316406,170.11000061035156,169.99000549316406,170.10499572753906,170.10499572753906,5451
2022-01-03-11-40-00 GMT-0500,170.11000061035156,170.16000366210938,170.0800018310547,170.13999938964844,170.13999938964844,12521
2022-01-03-11-41-00 GMT-0500,170.1300048828125,170.19000244140625,170.1300048828125,170.1699981689453,170.1699981689453,7662
2022-01-03-11-42-00 GMT-0500,170.14999389648438,170.1750030517578,170.14999389648438,170.1750030517578,170.1750030517578,2579
2022-01-03-11-43-00 GMT-0500,170.17010498046875,170.17999267578125,170.1199951171875,170.1300048828125,170.1300048828125,11644
2022-01-03-11-44-00 GMT-0500,170.13999938964844,170.14999389648438,170.10659790039062,170.125,170.125,4457
2022-01-03-11-45-00 GMT-0500,170.19000244140625,170.25999450683594,170.19000244140625,170.25,170.25,6606
2022-01-03-11-46-00 GMT-0500,170.24000549316406,170.24000549316406,170.1649932861328,170.22500610351562,170.22500610351562,6798
2022-01-03-11-47-00 GMT-0500,170.2200927734375,170.28689575195312,170.2200927734375,170.22999572753906,170.22999572753906,4469
2022-01-03-11-48-00 GMT-0500,170.24000549316406,170.24000549316406,170.14999389648438,170.14999389648438,170.14999389648438,5688
2022-01-03-11-49-00 GMT-0500,170.13999938964844,170.15029907226562,170.10000610351562,170.11480712890625,170.11480712890625,9706
2022-01-03-11-50-00 GMT-0500,170.1300048828125,170.16209411621094,170.0800018310547,170.14169311523438,170.14169311523438,5591
2022-01-03-11-51-00 GMT-0500,170.14999389648438,170.1699981689453,170.13999938964844,170.1699981689453,170.1699981689453,3044
2022-01-03-11-52-00 GMT-0500,170.16000366210938,170.17999267578125,170.125,170.17999267578125,170.17999267578125,6737
2022-01-03-11-53-00 GMT-0500,170.16000366210938,170.16000366210938,170.11000061035156,170.15570068359375,170.15570068359375,5213
2022-01-03-11-54-00 GMT-0500,170.14999389648438,170.17999267578125,170.13999938964844,170.13999938964844,170.13999938964844,5650
2022-01-03-11-55-00 GMT-0500,170.1407928466797,170.2550048828125,170.1407928466797,170.21530151367188,170.21530151367188,6439
2022-01-03-11-56-00 GMT-0500,170.24000549316406,170.30850219726562,170.22500610351562,170.2899932861328,170.2899932861328,13341
2022-01-03-11-57-00 GMT-0500,170.3000030517578,170.36940002441406,170.3000030517578,170.35000610351562,170.35000610351562,9040
2022-01-03-11-58-00 GMT-0500,170.36000061035156,170.36000061035156,170.32000732421875,170.3300018310547,170.3300018310547,5451
2022-01-03-11-59-00 GMT-0500,170.3300018310547,170.3300018310547,170.27000427246094,170.3000030517578,170.3000030517578,8174
2022-01-03-12-00-00 GMT-0500,170.25,170.25999450683594,170.24000549316406,170.25999450683594,170.25999450683594,7079
2022-01-03-12-01-00 GMT-0500,170.2899932861328,170.38119506835938,170.2899932861328,170.35000610351562,170.35000610351562,7777
2022-01-03-12-02-00 GMT-0500,170.36000061035156,170.36000061035156,170.32870483398438,170.33999633789062,170.33999633789062,2605
2022-01-03-12-03-00 GMT-0500,170.36000061035156,170.40499877929688,170.35000610351562,170.40499877929688,170.40499877929688,6889
2022-01-03-12-04-00 GMT-0500,170.38999938964844,170.38999938964844,170.35000610351562,170.35000610351562,170.35000610351562,3849
2022-01-03-12-05-00 GMT-0500,170.35000610351562,170.35000610351562,170.27000427246094,170.27000427246094,170.27000427246094,8484
2022-01-03-12-06-00 GMT-0500,170.28500366210938,170.33999633789062,170.28500366210938,170.33999633789062,170.33999633789062,4302
2022-01-03-12-07-00 GMT-0500,170.32000732421875,170.36000061035156,170.30999755859375,170.36000061035156,170.36000061035156,3018
2022-01-03-12-08-00 GMT-0500,170.36000061035156,170.36500549316406,170.34500122070312,170.36500549316406,170.36500549316406,4091
2022-01-03-12-09-00 GMT-0500,170.3800048828125,170.41000366210938,170.3800048828125,170.41000366210938,170.41000366210938,3910
2022-01-03-12-10-00 GMT-0500,170.4199981689453,170.46139526367188,170.41000366210938,170.45269775390625,170.45269775390625,6281
2022-01-03-12-11-00 GMT-0500,170.47000122070312,170.50999450683594,170.4300994873047,170.4300994873047,170.4300994873047,18750
2022-01-03-12-12-00 GMT-0500,170.4499969482422,170.46499633789062,170.4499969482422,170.46499633789062,170.46499633789062,2759
2022-01-03-12-13-00 GMT-0500,170.47999572753906,170.48199462890625,170.4600067138672,170.47500610351562,170.47500610351562,8742
2022-01-03-12-14-00 GMT-0500,170.47000122070312,170.5050048828125,170.4499969482422,170.47999572753906,170.47999572753906,49199
2022-01-03-12-15-00 GMT-0500,170.47999572753906,170.47999572753906,170.4199981689453,170.44500732421875,170.44500732421875,4434
2022-01-03-12-16-00 GMT-0500,170.4199981689453,170.44000244140625,170.3699951171875,170.39999389648438,170.39999389648438,5996
2022-01-03-12-17-00 GMT-0500,170.42999267578125,170.4600067138672,170.372802734375,170.3800048828125,170.3800048828125,2953
2022-01-03-12-18-00 GMT-0500,170.35000610351562,170.5,170.35000610351562,170.48500061035156,170.48500061035156,23322
2022-01-03-12-19-00 GMT-0500,170.48500061035156,170.5,170.47000122070312,170.47000122070312,170.47000122070312,4851
2022-01-03-12-20-00 GMT-0500,170.47999572753906,170.5,170.4600067138672,170.4600067138672,170.4600067138672,5815
2022-01-03-12-21-00 GMT-0500,170.4600067138672,170.47000122070312,170.4499969482422,170.4508056640625,170.4508056640625,2558
2022-01-03-12-22-00 GMT-0500,170.47000122070312,170.47000122070312,170.3699951171875,170.3699951171875,170.3699951171875,9085
2022-01-03-12-23-00 GMT-0500,170.3800048828125,170.42999267578125,170.35000610351562,170.38999938964844,170.38999938964844,14555
2022-01-03-12-24-00 GMT-0500,170.39999389648438,170.4600067138672,170.3699951171875,170.39999389648438,170.39999389648438,5808
2022-01-03-12-25-00 GMT-0500,170.38999938964844,170.38999938964844,170.33999633789062,170.38499450683594,170.38499450683594,5037
2022-01-03-12-26-00 GMT-0500,170.3699951171875,170.3800048828125,170.35000610351562,170.36000061035156,170.36000061035156,3560
2022-01-03-12-27-00 GMT-0500,170.3699951171875,170.38999938964844,170.32200622558594,170.3350067138672,170.3350067138672,6054
2022-01-03-12-28-00 GMT-0500,170.32000732421875,170.3300018310547,170.27999877929688,170.32000732421875,170.32000732421875,15319
2022-01-03-12-29-00 GMT-0500,170.33999633789062,170.33999633789062,170.3000030517578,170.30999755859375,170.30999755859375,4409
2022-01-03-12-30-00 GMT-0500,170.3238067626953,170.33999633789062,170.30999755859375,170.32000732421875,170.32000732421875,3860
2022-01-03-12-31-00 GMT-0500,170.32000732421875,170.3800048828125,170.32000732421875,170.3800048828125,170.3800048828125,4410
2022-01-03-12-32-00 GMT-0500,170.36000061035156,170.3800048828125,170.35000610351562,170.3677978515625,170.3677978515625,3629
2022-01-03-12-33-00 GMT-0500,170.3800048828125,170.38999938964844,170.36000061035156,170.38999938964844,170.38999938964844,4882
2022-01-03-12-34-00 GMT-0500,170.39320373535156,170.42999267578125,170.38499450683594,170.38499450683594,170.38499450683594,5260
2022-01-03-12-35-00 GMT-0500,170.39999389648438,170.4199981689453,170.36500549316406,170.36500549316406,170.36500549316406,4001
2022-01-03-12-36-00 GMT-0500,170.335205078125,170.3699951171875,170.335205078125,170.36000061035156,170.36000061035156,2735
2022-01-03-12-37-00 GMT-0500,170.3800048828125,170.38999938964844,170.33999633789062,170.38999938964844,170.38999938964844,11383
2022-01-03-12-38-00 GMT-0500,170.3800048828125,170.4199981689453,170.33999633789062,170.38999938964844,170.38999938964844,14440
2022-01-03-12-39-00 GMT-0500,170.41000366210938,170.41000366210938,170.3800048828125,170.38999938964844,170.38999938964844,3340
2022-01-03-12-40-00 GMT-0500,170.38999938964844,170.42750549316406,170.38999938964844,170.41000366210938,170.41000366210938,2931
2022-01-03-12-41-00 GMT-0500,170.39999389648438,170.39999389648438,170.3300018310547,170.3300018310547,170.3300018310547,8533
2022-01-03-12-42-00 GMT-0500,170.32000732421875,170.38999938964844,170.30999755859375,170.3699951171875,170.3699951171875,14569
2022-01-03-12-43-00 GMT-0500,170.33999633789062,170.3950958251953,170.31460571289062,170.3950958251953,170.3950958251953,8078
2022-01-03-12-44-00 GMT-0500,170.3800048828125,170.3800048828125,170.32000732421875,170.3800048828125,170.3800048828125,7984
2022-01-03-12-45-00 GMT-0500,170.38999938964844,170.41000366210938,170.36000061035156,170.41000366210938,170.41000366210938,3060
2022-01-03-12-46-00 GMT-0500,170.39999389648438,170.40499877929688,170.35000610351562,170.35000610351562,170.35000610351562,9368
2022-01-03-12-47-00 GMT-0500,170.35000610351562,170.3800048828125,170.35000610351562,170.36500549316406,170.36500549316406,3156
2022-01-03-12-48-00 GMT-0500,170.35000610351562,170.36000061035156,170.3000030517578,170.3300018310547,170.3300018310547,7975
2022-01-03-12-49-00 GMT-0500,170.30459594726562,170.36000061035156,170.30459594726562,170.36000061035156,170.36000061035156,2695
2022-01-03-12-50-00 GMT-0500,170.3621063232422,170.38999938964844,170.36000061035156,170.38999938964844,170.38999938964844,1996
2022-01-03-12-51-00 GMT-0500,170.39830017089844,170.4116973876953,170.3699951171875,170.37860107421875,170.37860107421875,6266
2022-01-03-12-52-00 GMT-0500,170.3699951171875,170.3699951171875,170.3350067138672,170.34669494628906,170.34669494628906,3815
2022-01-03-12-53-00 GMT-0500,170.3300018310547,170.3300018310547,170.3000030517578,170.3000030517578,170.3000030517578,8150
2022-01-03-12-54-00 GMT-0500,170.30999755859375,170.30999755859375,170.27000427246094,170.27999877929688,170.27999877929688,4711
2022-01-03-12-55-00 GMT-0500,170.25999450683594,170.2899932861328,170.25999450683594,170.25999450683594,170.25999450683594,3594
2022-01-03-12-56-00 GMT-0500,170.27000427246094,170.27000427246094,170.22000122070312,170.22000122070312,170.22000122070312,5040
2022-01-03-12-57-00 GMT-0500,170.21310424804688,170.21310424804688,170.15499877929688,170.1699981689453,170.1699981689453,6285
2022-01-03-12-58-00 GMT-0500,170.1699981689453,170.22999572753906,170.16000366210938,170.18499755859375,170.18499755859375,12141
2022-01-03-12-59-00 GMT-0500,170.1999969482422,170.27000427246094,170.19000244140625,170.27000427246094,170.27000427246094,8512
2022-01-03-13-00-00 GMT-0500,170.27499389648438,170.3000030517578,170.25,170.25,170.25,4476
2022-01-03-13-01-00 GMT-0500,170.24000549316406,170.25999450683594,170.2100067138672,170.2100067138672,170.2100067138672,7660
2022-01-03-13-02-00 GMT-0500,170.22999572753906,170.3000030517578,170.22999572753906,170.3000030517578,170.3000030517578,6157
2022-01-03-13-03-00 GMT-0500,170.2899932861328,170.3000030517578,170.27960205078125,170.27960205078125,170.27960205078125,5166
2022-01-03-13-04-00 GMT-0500,170.28500366210938,170.30999755859375,170.25999450683594,170.25999450683594,170.25999450683594,5749
2022-01-03-13-05-00 GMT-0500,170.2664031982422,170.32000732421875,170.25999450683594,170.2899932861328,170.2899932861328,5577
2022-01-03-13-06-00 GMT-0500,170.3000030517578,170.3260955810547,170.25999450683594,170.31320190429688,170.31320190429688,7806
2022-01-03-13-07-00 GMT-0500,170.3350067138672,170.3350067138672,170.2899932861328,170.30999755859375,170.30999755859375,3099
2022-01-03-13-08-00 GMT-0500,170.30999755859375,170.30999755859375,170.2899932861328,170.30499267578125,170.30499267578125,5336
2022-01-03-13-09-00 GMT-0500,170.30239868164062,170.34359741210938,170.3000030517578,170.34359741210938,170.34359741210938,4102
2022-01-03-13-10-00 GMT-0500,170.3408966064453,170.3408966064453,170.27999877929688,170.27999877929688,170.27999877929688,3399
2022-01-03-13-11-00 GMT-0500,170.30999755859375,170.35000610351562,170.30999755859375,170.3300018310547,170.3300018310547,5930
2022-01-03-13-12-00 GMT-0500,170.3249969482422,170.36000061035156,170.32000732421875,170.36000061035156,170.36000061035156,3366
2022-01-03-13-13-00 GMT-0500,170.36000061035156,170.49000549316406,170.35000610351562,170.47999572753906,170.47999572753906,24936
2022-01-03-13-14-00 GMT-0500,170.47000122070312,170.5,170.4600067138672,170.48500061035156,170.48500061035156,7297
2022-01-03-13-15-00 GMT-0500,170.49000549316406,170.50999450683594,170.49000549316406,170.5,170.5,5897
2022-01-03-13-16-00 GMT-0500,170.50999450683594,170.52999877929688,170.4199981689453,170.42999267578125,170.42999267578125,12326
2022-01-03-13-17-00 GMT-0500,170.42999267578125,170.4499969482422,170.38999938964844,170.4499969482422,170.4499969482422,5076
2022-01-03-13-18-00 GMT-0500,170.47999572753906,170.5,170.4499969482422,170.4499969482422,170.4499969482422,6397
2022-01-03-13-19-00 GMT-0500,170.43539428710938,170.47500610351562,170.43539428710938,170.44000244140625,170.44000244140625,4967
2022-01-03-13-20-00 GMT-0500,170.44500732421875,170.49000549316406,170.44500732421875,170.47999572753906,170.47999572753906,2587
2022-01-03-13-21-00 GMT-0500,170.4700927734375,170.50999450683594,170.4700927734375,170.48500061035156,170.48500061035156,8265
2022-01-03-13-22-00 GMT-0500,170.47999572753906,170.5050048828125,170.46499633789062,170.4976043701172,170.4976043701172,11042
2022-01-03-13-23-00 GMT-0500,170.5,170.57000732421875,170.5,170.55999755859375,170.55999755859375,8246
2022-01-03-13-24-00 GMT-0500,170.5449981689453,170.5449981689453,170.50999450683594,170.5399932861328,170.5399932861328,2707
2022-01-03-13-25-00 GMT-0500,170.5460968017578,170.55499267578125,170.5050048828125,170.5399932861328,170.5399932861328,5025
2022-01-03-13-26-00 GMT-0500,170.5399932861328,170.5500030517578,170.53750610351562,170.5500030517578,170.5500030517578,2320
2022-01-03-13-27-00 GMT-0500,170.55999755859375,170.5800018310547,170.5399932861328,170.55999755859375,170.55999755859375,4810
2022-01-03-13-28-00 GMT-0500,170.55999755859375,170.57000732421875,170.52999877929688,170.52999877929688,170.52999877929688,3681
2022-01-03-13-29-00 GMT-0500,170.5399932861328,170.55499267578125,170.52999877929688,170.5500030517578,170.5500030517578,3650
2022-01-03-13-30-00 GMT-0500,170.55999755859375,170.6300048828125,170.55999755859375,170.61000061035156,170.61000061035156,6492
2022-01-03-13-31-00 GMT-0500,170.6300048828125,170.64999389648438,170.60499572753906,170.64999389648438,170.64999389648438,11821
2022-01-03-13-32-00 GMT-0500,170.64999389648438,170.64999389648438,170.60000610351562,170.63999938964844,170.63999938964844,4873
2022-01-03-13-33-00 GMT-0500,170.6199951171875,170.6300048828125,170.60000610351562,170.6199951171875,170.6199951171875,6482
2022-01-03-13-34-00 GMT-0500,170.60000610351562,170.6199951171875,170.58999633789062,170.59800720214844,170.59800720214844,2196
2022-01-03-13-35-00 GMT-0500,170.59800720214844,170.60000610351562,170.56500244140625,170.56500244140625,170.56500244140625,4389
2022-01-03-13-36-00 GMT-0500,170.5800018310547,170.60000610351562,170.5500030517578,170.60000610351562,170.60000610351562,5748
2022-01-03-13-37-00 GMT-0500,170.60000610351562,170.60400390625,170.58999633789062,170.58999633789062,170.58999633789062,1447
2022-01-03-13-38-00 GMT-0500,170.58999633789062,170.6199951171875,170.55999755859375,170.55999755859375,170.55999755859375,5771
2022-01-03-13-39-00 GMT-0500,170.58999633789062,170.58999633789062,170.5500030517578,170.57000732421875,170.57000732421875,3367
2022-01-03-13-40-00 GMT-0500,170.55999755859375,170.55999755859375,170.49000549316406,170.5,170.5,5985
2022-01-03-13-41-00 GMT-0500,170.5,170.5500030517578,170.5,170.5500030517578,170.5500030517578,5204
2022-01-03-13-42-00 GMT-0500,170.56149291992188,170.61000061035156,170.56149291992188,170.58999633789062,170.58999633789062,5953
2022-01-03-13-43-00 GMT-0500,170.60000610351562,170.61990356445312,170.5800018310547,170.60499572753906,170.60499572753906,5152
2022-01-03-13-44-00 GMT-0500,170.60000610351562,170.64999389648438,170.58999633789062,170.63499450683594,170.63499450683594,11103
2022-01-03-13-45-00 GMT-0500,170.63999938964844,170.6699981689453,170.63999938964844,170.64999389648438,170.64999389648438,2523
2022-01-03-13-46-00 GMT-0500,170.64439392089844,170.66000366210938,170.6300048828125,170.66000366210938,170.66000366210938,2178
2022-01-03-13-47-00 GMT-0500,170.66000366210938,170.6699981689453,170.63650512695312,170.6470947265625,170.6470947265625,8253
2022-01-03-13-48-00 GMT-0500,170.66000366210938,170.7100067138672,170.66000366210938,170.7100067138672,170.7100067138672,5489
2022-01-03-13-49-00 GMT-0500,170.7100067138672,170.72000122070312,170.69000244140625,170.71539306640625,170.71539306640625,4001
2022-01-03-13-50-00 GMT-0500,170.71499633789062,170.83999633789062,170.71499633789062,170.83999633789062,170.83999633789062,9338
2022-01-03-13-51-00 GMT-0500,170.8249969482422,170.86000061035156,170.80999755859375,170.85000610351562,170.85000610351562,5513
2022-01-03-13-52-00 GMT-0500,170.8623046875,170.8623046875,170.8300018310547,170.8300018310547,170.8300018310547,2401
2022-01-03-13-53-00 GMT-0500,170.8300018310547,170.83999633789062,170.8300018310547,170.83999633789062,170.83999633789062,4870
2022-01-03-13-54-00 GMT-0500,170.8426055908203,170.8800048828125,170.83999633789062,170.8800048828125,170.8800048828125,2657
2022-01-03-13-55-00 GMT-0500,170.88999938964844,170.91000366210938,170.83999633789062,170.86000061035156,170.86000061035156,5143
2022-01-03-13-56-00 GMT-0500,170.83999633789062,170.8509979248047,170.82000732421875,170.8300018310547,170.8300018310547,4103
2022-01-03-13-57-00 GMT-0500,170.83999633789062,170.85499572753906,170.80999755859375,170.81500244140625,170.81500244140625,3842
2022-01-03-13-58-00 GMT-0500,170.81500244140625,170.82000732421875,170.8000030517578,170.80999755859375,170.80999755859375,3162
2022-01-03-13-59-00 GMT-0500,170.8300018310547,170.86090087890625,170.8300018310547,170.85000610351562,170.85000610351562,6832
2022-01-03-14-00-00 GMT-0500,170.8350067138672,170.8699951171875,170.7899932861328,170.8699951171875,170.8699951171875,4031
2022-01-03-14-01-00 GMT-0500,170.86000061035156,170.8699951171875,170.82000732421875,170.8249969482422,170.8249969482422,2720
2022-01-03-14-02-00 GMT-0500,170.8300018310547,170.8300018310547,170.7899932861328,170.8300018310547,170.8300018310547,6498
2022-01-03-14-03-00 GMT-0500,170.85000610351562,170.88999938964844,170.8300018310547,170.88999938964844,170.88999938964844,6842
2022-01-03-14-04-00 GMT-0500,170.88999938964844,170.9250030517578,170.88999938964844,170.88999938964844,170.88999938964844,8764
2022-01-03-14-05-00 GMT-0500,170.88999938964844,170.9499969482422,170.88999938964844,170.9250030517578,170.9250030517578,7172
2022-01-03-14-06-00 GMT-0500,170.92999267578125,170.9600067138672,170.91000366210938,170.9600067138672,170.9600067138672,8223
2022-01-03-14-07-00 GMT-0500,170.9600067138672,170.97999572753906,170.92999267578125,170.92999267578125,170.92999267578125,3730
2022-01-03-14-08-00 GMT-0500,170.9250030517578,170.9600067138672,170.9199981689453,170.9499969482422,170.9499969482422,6605
2022-01-03-14-09-00 GMT-0500,170.9600067138672,170.97500610351562,170.94000244140625,170.9600067138672,170.9600067138672,3722
2022-01-03-14-10-00 GMT-0500,170.94000244140625,170.97000122070312,170.92999267578125,170.93829345703125,170.93829345703125,7505
2022-01-03-14-11-00 GMT-0500,170.92999267578125,170.94500732421875,170.88999938964844,170.9010009765625,170.9010009765625,4464
2022-01-03-14-12-00 GMT-0500,170.89100646972656,170.89999389648438,170.86500549316406,170.8800048828125,170.8800048828125,4843
2022-01-03-14-13-00 GMT-0500,170.86570739746094,170.94000244140625,170.86570739746094,170.91000366210938,170.91000366210938,3531
2022-01-03-14-14-00 GMT-0500,170.9149932861328,170.9149932861328,170.85000610351562,170.85000610351562,170.85000610351562,3195
2022-01-03-14-15-00 GMT-0500,170.85000610351562,170.85000610351562,170.7899932861328,170.7949981689453,170.7949981689453,3931
2022-01-03-14-16-00 GMT-0500,170.77920532226562,170.7899932861328,170.75,170.75999450683594,170.75999450683594,5075
2022-01-03-14-17-00 GMT-0500,170.77000427246094,170.77000427246094,170.72999572753906,170.72999572753906,170.72999572753906,6641
2022-01-03-14-18-00 GMT-0500,170.7100067138672,170.7100067138672,170.67999267578125,170.67999267578125,170.67999267578125,5712
2022-01-03-14-19-00 GMT-0500,170.68499755859375,170.70530700683594,170.67999267578125,170.67999267578125,170.67999267578125,4763
2022-01-03-14-20-00 GMT-0500,170.67999267578125,170.69830322265625,170.66000366210938,170.69830322265625,170.69830322265625,5083
2022-01-03-14-21-00 GMT-0500,170.7050018310547,170.71499633789062,170.67999267578125,170.69000244140625,170.69000244140625,4518
2022-01-03-14-22-00 GMT-0500,170.69000244140625,170.6999969482422,170.66000366210938,170.6750030517578,170.6750030517578,5142
2022-01-03-14-23-00 GMT-0500,170.66000366210938,170.66000366210938,170.61099243164062,170.63499450683594,170.63499450683594,7636
2022-01-03-14-24-00 GMT-0500,170.6199951171875,170.6300048828125,170.58999633789062,170.58999633789062,170.58999633789062,4149
2022-01-03-14-25-00 GMT-0500,170.61000061035156,170.6699981689453,170.61000061035156,170.6699981689453,170.6699981689453,3245
2022-01-03-14-26-00 GMT-0500,170.67999267578125,170.69000244140625,170.67630004882812,170.69000244140625,170.69000244140625,6548
2022-01-03-14-27-00 GMT-0500,170.69000244140625,170.72999572753906,170.69000244140625,170.6999969482422,170.6999969482422,8252
2022-01-03-14-28-00 GMT-0500,170.7053985595703,170.73300170898438,170.7053985595703,170.72000122070312,170.72000122070312,3687
2022-01-03-14-29-00 GMT-0500,170.72999572753906,170.7449951171875,170.7100067138672,170.72999572753906,170.72999572753906,10799
2022-01-03-14-30-00 GMT-0500,170.72999572753906,170.8000030517578,170.72999572753906,170.7899932861328,170.7899932861328,8187
2022-01-03-14-31-00 GMT-0500,170.7899932861328,170.8000030517578,170.7550048828125,170.7550048828125,170.7550048828125,4897
2022-01-03-14-32-00 GMT-0500,170.7550048828125,170.8000030517578,170.74000549316406,170.7899932861328,170.7899932861328,9644
2022-01-03-14-33-00 GMT-0500,170.8000030517578,170.86000061035156,170.8000030517578,170.86000061035156,170.86000061035156,12436
2022-01-03-14-34-00 GMT-0500,170.85000610351562,170.85000610351562,170.75,170.75100708007812,170.75100708007812,7097
2022-01-03-14-35-00 GMT-0500,170.75999450683594,170.77999877929688,170.75,170.75,170.75,6254
2022-01-03-14-36-00 GMT-0500,170.75999450683594,170.77999877929688,170.75,170.76499938964844,170.76499938964844,3044
2022-01-03-14-37-00 GMT-0500,170.77000427246094,170.77999877929688,170.72999572753906,170.77999877929688,170.77999877929688,6072
2022-01-03-14-38-00 GMT-0500,170.77000427246094,170.77999877929688,170.75,170.75,170.75,3290
2022-01-03-14-39-00 GMT-0500,170.77000427246094,170.8300018310547,170.75999450683594,170.8300018310547,170.8300018310547,7208
2022-01-03-14-40-00 GMT-0500,170.85000610351562,170.8699951171875,170.8300018310547,170.84500122070312,170.84500122070312,6542
2022-01-03-14-41-00 GMT-0500,170.85000610351562,170.85000610351562,170.8300018310547,170.8300018310547,170.8300018310547,3576
2022-01-03-14-42-00 GMT-0500,170.8300018310547,170.8300018310547,170.7899932861328,170.82000732421875,170.82000732421875,7442
2022-01-03-14-43-00 GMT-0500,170.822998046875,170.89999389648438,170.822998046875,170.89999389648438,170.89999389648438,3493
2022-01-03-14-44-00 GMT-0500,170.89999389648438,170.91000366210938,170.8800048828125,170.91000366210938,170.91000366210938,4777
2022-01-03-14-45-00 GMT-0500,170.91000366210938,170.91250610351562,170.88499450683594,170.88999938964844,170.88999938964844,6322
2022-01-03-14-46-00 GMT-0500,170.8800048828125,170.8800048828125,170.8249969482422,170.8249969482422,170.8249969482422,3810
2022-01-03-14-47-00 GMT-0500,170.8300018310547,170.88999938964844,170.8300018310547,170.86000061035156,170.86000061035156,7253
2022-01-03-14-48-00 GMT-0500,170.8699951171875,170.8699951171875,170.8000030517578,170.81129455566406,170.81129455566406,6626
2022-01-03-14-49-00 GMT-0500,170.81399536132812,170.81399536132812,170.75,170.77999877929688,170.77999877929688,6645
2022-01-03-14-50-00 GMT-0500,170.77499389648438,170.81500244140625,170.77000427246094,170.78500366210938,170.78500366210938,8753
2022-01-03-14-51-00 GMT-0500,170.7899932861328,170.80499267578125,170.77999877929688,170.80499267578125,170.80499267578125,3014
2022-01-03-14-52-00 GMT-0500,170.80499267578125,170.82000732421875,170.77999877929688,170.8000030517578,170.8000030517578,4866
2022-01-03-14-53-00 GMT-0500,170.8199005126953,170.82989501953125,170.7949981689453,170.7949981689453,170.7949981689453,4516
2022-01-03-14-54-00 GMT-0500,170.7949981689453,170.80999755859375,170.77999877929688,170.77999877929688,170.77999877929688,2144
2022-01-03-14-55-00 GMT-0500,170.77000427246094,170.81500244140625,170.75,170.8000030517578,170.8000030517578,6488
2022-01-03-14-56-00 GMT-0500,170.80999755859375,170.82000732421875,170.8000030517578,170.8000030517578,170.8000030517578,5729
2022-01-03-14-57-00 GMT-0500,170.7949981689453,170.8249969482422,170.7949981689453,170.8249969482422,170.8249969482422,2268
2022-01-03-14-58-00 GMT-0500,170.82159423828125,170.86000061035156,170.82000732421875,170.83999633789062,170.83999633789062,10146
2022-01-03-14-59-00 GMT-0500,170.83230590820312,170.86000061035156,170.83230590820312,170.83999633789062,170.83999633789062,6518
2022-01-03-15-00-00 GMT-0500,170.84500122070312,170.8800048828125,170.83999633789062,170.8800048828125,170.8800048828125,6175
2022-01-03-15-01-00 GMT-0500,170.8699951171875,170.89999389648438,170.8300018310547,170.85000610351562,170.85000610351562,10576
2022-01-03-15-02-00 GMT-0500,170.8699951171875,170.90499877929688,170.85499572753906,170.85629272460938,170.85629272460938,22265
2022-01-03-15-03-00 GMT-0500,170.85000610351562,170.86500549316406,170.83999633789062,170.85499572753906,170.85499572753906,2319
2022-01-03-15-04-00 GMT-0500,170.8699951171875,170.88999938964844,170.85000610351562,170.88999938964844,170.88999938964844,3722
2022-01-03-15-05-00 GMT-0500,170.90499877929688,170.92999267578125,170.90499877929688,170.92999267578125,170.92999267578125,6734
2022-01-03-15-06-00 GMT-0500,170.89999389648438,170.89999389648438,170.86000061035156,170.86000061035156,170.86000061035156,3422
2022-01-03-15-07-00 GMT-0500,170.8800048828125,170.89999389648438,170.87030029296875,170.89999389648438,170.89999389648438,4107
2022-01-03-15-08-00 GMT-0500,170.89500427246094,170.92999267578125,170.88999938964844,170.90499877929688,170.90499877929688,9531
2022-01-03-15-09-00 GMT-0500,170.88999938964844,170.89999389648438,170.80499267578125,170.85000610351562,170.85000610351562,7192
2022-01-03-15-10-00 GMT-0500,170.85000610351562,170.8699951171875,170.8000030517578,170.8000030517578,170.8000030517578,5967
2022-01-03-15-11-00 GMT-0500,170.82000732421875,170.82000732421875,170.7899932861328,170.8000030517578,170.8000030517578,7315
2022-01-03-15-12-00 GMT-0500,170.80999755859375,170.8699951171875,170.8000030517578,170.8699951171875,170.8699951171875,27831
2022-01-03-15-13-00 GMT-0500,170.87939453125,170.88999938964844,170.8489990234375,170.8800048828125,170.8800048828125,9940
2022-01-03-15-14-00 GMT-0500,170.8699951171875,170.8800048828125,170.80499267578125,170.82000732421875,170.82000732421875,11536
2022-01-03-15-15-00 GMT-0500,170.80999755859375,170.8249969482422,170.78500366210938,170.8000030517578,170.8000030517578,8732
2022-01-03-15-16-00 GMT-0500,170.8000030517578,170.8300018310547,170.77000427246094,170.82000732421875,170.82000732421875,14204
2022-01-03-15-17-00 GMT-0500,170.8000030517578,170.84300231933594,170.7899932861328,170.82000732421875,170.82000732421875,7931
2022-01-03-15-18-00 GMT-0500,170.81219482421875,170.85000610351562,170.80999755859375,170.8300018310547,170.8300018310547,6665
2022-01-03-15-19-00 GMT-0500,170.82000732421875,170.8800048828125,170.8000030517578,170.8800048828125,170.8800048828125,9163
2022-01-03-15-20-00 GMT-0500,170.88999938964844,170.97000122070312,170.8699951171875,170.97000122070312,170.97000122070312,8420
2022-01-03-15-21-00 GMT-0500,170.97999572753906,170.97999572753906,170.92999267578125,170.9600067138672,170.9600067138672,6478
2022-01-03-15-22-00 GMT-0500,170.9499969482422,170.97000122070312,170.9250030517578,170.9600067138672,170.9600067138672,5316
2022-01-03-15-23-00 GMT-0500,170.9600067138672,170.97000122070312,170.9499969482422,170.97000122070312,170.97000122070312,7101
2022-01-03-15-24-00 GMT-0500,170.97000122070312,170.97000122070312,170.9600067138672,170.97000122070312,170.97000122070312,4394
2022-01-03-15-25-00 GMT-0500,170.97999572753906,170.99000549316406,170.9600067138672,170.97999572753906,170.97999572753906,13017
2022-01-03-15-26-00 GMT-0500,170.9600067138672,170.97000122070312,170.92999267578125,170.94000244140625,170.94000244140625,13036
2022-01-03-15-27-00 GMT-0500,170.94000244140625,170.9449005126953,170.9250030517578,170.93499755859375,170.93499755859375,5378
2022-01-03-15-28-00 GMT-0500,170.93499755859375,170.93499755859375,170.8740997314453,170.89999389648438,170.89999389648438,8300
2022-01-03-15-29-00 GMT-0500,170.8699951171875,170.88999938964844,170.86000061035156,170.8800048828125,170.8800048828125,8942
2022-01-03-15-30-00 GMT-0500,170.89999389648438,170.92999267578125,170.875,170.9199981689453,170.9199981689453,9744
2022-01-03-15-31-00 GMT-0500,170.9499969482422,170.97000122070312,170.9499969482422,170.96499633789062,170.96499633789062,11084
2022-01-03-15-32-00 GMT-0500,170.96499633789062,170.97000122070312,170.8800048828125,170.88499450683594,170.88499450683594,8598
2022-01-03-15-33-00 GMT-0500,170.88999938964844,170.9199981689453,170.86000061035156,170.89999389648438,170.89999389648438,8335
2022-01-03-15-34-00 GMT-0500,170.9199981689453,170.94000244140625,170.8883056640625,170.91000366210938,170.91000366210938,11494
2022-01-03-15-35-00 GMT-0500,170.9250030517578,171.0800018310547,170.9250030517578,171.0635986328125,171.0635986328125,31793
2022-01-03-15-36-00 GMT-0500,171.05999755859375,171.1300048828125,171.05999755859375,171.10000610351562,171.10000610351562,14414
2022-01-03-15-37-00 GMT-0500,171.08999633789062,171.13999938964844,171.0800018310547,171.10000610351562,171.10000610351562,10350
2022-01-03-15-38-00 GMT-0500,171.10000610351562,171.10000610351562,171.00999450683594,171.02000427246094,171.02000427246094,5167
2022-01-03-15-39-00 GMT-0500,171.02000427246094,171.02000427246094,170.9842987060547,170.99000549316406,170.99000549316406,8744
2022-01-03-15-40-00 GMT-0500,170.99000549316406,171.02000427246094,170.97000122070312,171.02000427246094,171.02000427246094,13132
2022-01-03-15-41-00 GMT-0500,171.00999450683594,171.08999633789062,171.00999450683594,171.00999450683594,171.00999450683594,12334
2022-01-03-15-42-00 GMT-0500,171.0,171.07000732421875,170.9622039794922,171.0,171.0,12814
2022-01-03-15-43-00 GMT-0500,171.0,171.0,170.9600067138672,170.99000549316406,170.99000549316406,12483
2022-01-03-15-44-00 GMT-0500,170.97999572753906,171.02999877929688,170.94000244140625,171.02999877929688,171.02999877929688,14624
2022-01-03-15-45-00 GMT-0500,171.02000427246094,171.15989685058594,171.0,171.14999389648438,171.14999389648438,19719
2022-01-03-15-46-00 GMT-0500,171.14500427246094,171.14999389648438,171.08999633789062,171.11000061035156,171.11000061035156,15587
2022-01-03-15-47-00 GMT-0500,171.11000061035156,171.16000366210938,171.0800018310547,171.14999389648438,171.14999389648438,14883
2022-01-03-15-48-00 GMT-0500,171.14999389648438,171.27310180664062,171.13499450683594,171.25999450683594,171.25999450683594,16457
2022-01-03-15-49-00 GMT-0500,171.25,171.3800048828125,171.25,171.3800048828125,171.3800048828125,18499
2022-01-03-15-50-00 GMT-0500,171.39999389648438,171.52999877929688,171.3699951171875,171.47000122070312,171.47000122070312,52756
2022-01-03-15-51-00 GMT-0500,171.4600067138672,171.4949951171875,171.42999267578125,171.47500610351562,171.47500610351562,33236
2022-01-03-15-52-00 GMT-0500,171.47999572753906,171.47999572753906,171.36000061035156,171.36000061035156,171.36000061035156,24967
2022-01-03-15-53-00 GMT-0500,171.3699951171875,171.39999389648438,171.25999450683594,171.30999755859375,171.30999755859375,26020
2022-01-03-15-54-00 GMT-0500,171.3300018310547,171.38999938964844,171.2100067138672,171.2949981689453,171.2949981689453,39501
2022-01-03-15-55-00 GMT-0500,171.2899932861328,171.36000061035156,171.17999267578125,171.17999267578125,171.17999267578125,43923
2022-01-03-15-56-00 GMT-0500,171.19000244140625,171.3000030517578,171.19000244140625,171.27999877929688,171.27999877929688,50058
2022-01-03-15-57-00 GMT-0500,171.2899932861328,171.35000610351562,171.27999877929688,171.3300018310547,171.3300018310547,45981
2022-01-03-15-58-00 GMT-0500,171.3300018310547,171.35000610351562,171.26499938964844,171.2899932861328,171.2899932861328,61325
2022-01-03-15-59-00 GMT-0500,171.27999877929688,171.60000610351562,171.22999572753906,171.52999877929688,171.52999877929688,191971
2022-01-03-16-00-00 GMT-0500,171.54,171.54,170.85,171.4,171.4,1196783
2022-01-03-16-01-00 GMT-0500,171.54,171.54,171.54,171.54,171.54,0
2022-01-03-16-02-00 GMT-0500,171.54,171.55,170.85,171.55,171.55,0
2022-01-03-16-03-00 GMT-0500,171.7,171.7,171.54,171.54,171.54,0
2022-01-03-16-04-00 GMT-0500,171.29,171.54,171.15,171.54,171.54,0
2022-01-03-16-05-00 GMT-0500,170.85,170.85,170.85,170.85,170.85,0
2022-01-03-16-06-00 GMT-0500,170.85,171.22,170.85,171.22,171.22,0
2022-01-03-16-07-00 GMT-0500,170.85,171.54,170.85,171.54,171.54,0
2022-01-03-16-08-00 GMT-0500,170.0,170.85,170.0,170.85,170.85,0
2022-01-03-16-09-00 GMT-0500,170.85,171.28,170.85,171.28,171.28,0
2022-01-03-16-12-00 GMT-0500,171.29,171.55,171.29,171.55,171.55,0
2022-01-03-16-13-00 GMT-0500,171.28,171.55,171.225,171.55,171.55,0
2022-01-03-16-14-00 GMT-0500,171.225,171.225,171.225,171.225,171.225,0
2022-01-03-16-15-00 GMT-0500,170.75,171.225,170.75,171.225,171.225,0
2022-01-03-16-16-00 GMT-0500,171.53,171.7,171.53,171.7,171.7,0
2022-01-03-16-17-00 GMT-0500,171.62,171.62,171.62,171.62,171.62,0
2022-01-03-16-18-00 GMT-0500,171.54,171.7,171.54,171.7,171.7,0
2022-01-03-16-20-00 GMT-0500,171.54,171.69,171.54,171.62,171.62,0
2022-01-03-16-21-00 GMT-0500,171.7,171.7,171.55,171.62,171.62,0
2022-01-03-16-27-00 GMT-0500,171.54,171.62,171.54,171.62,171.62,0
2022-01-03-16-29-00 GMT-0500,171.56,171.56,171.56,171.56,171.56,0
2022-01-03-16-32-00 GMT-0500,171.56,171.56,171.54,171.54,171.54,0
2022-01-03-16-34-00 GMT-0500,171.62,171.7,171.62,171.7,171.7,0
2022-01-03-16-43-00 GMT-0500,171.54,171.62,171.54,171.54,171.54,0
2022-01-03-16-52-00 GMT-0500,171.62,171.62,171.54,171.54,171.54,0
2022-01-03-16-55-00 GMT-0500,171.54,171.55,171.54,171.54,171.54,0
2022-01-03-16-57-00 GMT-0500,171.54,171.62,171.48,171.48,171.48,0
2022-01-03-16-58-00 GMT-0500,171.62,171.62,171.54,171.62,171.62,0
2022-01-03-17-02-00 GMT-0500,171.7,171.7,171.6,171.62,171.62,0
2022-01-03-17-03-00 GMT-0500,171.6,171.62,171.54,171.54,171.54,0
2022-01-03-17-06-00 GMT-0500,171.7,171.7,171.7,171.7,171.7,0
2022-01-03-17-08-00 GMT-0500,171.62,171.62,171.6,171.6,171.6,0
2022-01-03-17-10-00 GMT-0500,171.61,171.62,171.6,171.6,171.6,0
2022-01-03-17-11-00 GMT-0500,171.7,171.7,171.59,171.59,171.59,0
2022-01-03-17-15-00 GMT-0500,171.6,171.62,171.6,171.62,171.62,0
2022-01-03-17-19-00 GMT-0500,171.6,171.7,171.6,171.7,171.7,0
2022-01-03-17-32-00 GMT-0500,171.7,171.7,171.62,171.62,171.62,0
2022-01-03-18-00-00 GMT-0500,171.65,171.65,171.55,171.62,171.62,0
2022-01-03-18-02-00 GMT-0500,171.55,171.62,171.41,171.42,171.42,0
2022-01-03-18-07-00 GMT-0500,170.9,170.9,170.9,170.9,170.9,0
2022-01-03-18-56-00 GMT-0500,171.0,171.3,170.9,170.9,170.9,0
2022-01-03-19-02-00 GMT-0500,171.5199,171.5199,171.5199,171.5199,171.5199,0
2022-01-03-19-31-00 GMT-0500,171.5,171.5,171.01,171.01,171.01,0
2022-01-03-19-41-00 GMT-0500,171.21,171.21,171.2,171.2,171.2,0
2022-01-03-19-51-00 GMT-0500,171.24,171.35,171.2,171.2,171.2,0
2022-01-03-19-52-00 GMT-0500,171.21,171.21,171.21,171.21,171.21,0
