Datetime,Open,High,Low,Close,Adj Close,Volume
2023-01-20-04-00-00 GMT-0500,170.19,170.19,170.19,170.19,170.19,0
2023-01-20-04-01-00 GMT-0500,170.23,170.23,170.23,170.23,170.23,0
2023-01-20-04-08-00 GMT-0500,170.05,170.05,170.05,170.05,170.05,0
2023-01-20-04-30-00 GMT-0500,170.27,170.27,170.27,170.27,170.27,0
2023-01-20-04-33-00 GMT-0500,170.15,170.15,170.0,170.0,170.0,0
2023-01-20-04-36-00 GMT-0500,169.59,169.6,169.57,169.57,169.57,0
2023-01-20-04-42-00 GMT-0500,169.54,169.57,169.48,169.53,169.53,0
2023-01-20-05-17-00 GMT-0500,169.43,169.43,169.43,169.43,169.43,0
2023-01-20-05-19-00 GMT-0500,169.46,169.46,169.46,169.46,169.46,0
2023-01-20-06-10-00 GMT-0500,169.5,169.52,169.5,169.52,169.52,0
2023-01-20-06-12-00 GMT-0500,169.5,169.51,169.5,169.51,169.51,0
2023-01-20-06-13-00 GMT-0500,169.51,169.53,169.51,169.53,169.53,0
2023-01-20-06-14-00 GMT-0500,169.53,169.55,169.46,169.46,169.46,0
2023-01-20-06-19-00 GMT-0500,169.35,169.35,169.28,169.28,169.28,0
2023-01-20-07-00-00 GMT-0500,169.51,169.51,169.49,169.51,169.51,0
2023-01-20-07-01-00 GMT-0500,169.49,169.52,169.49,169.52,169.52,0
2023-01-20-07-04-00 GMT-0500,169.31,169.32,169.27,169.32,169.32,0
2023-01-20-07-06-00 GMT-0500,169.3,169.48,169.26,169.48,169.48,0
2023-01-20-07-07-00 GMT-0500,169.27,169.3,169.27,169.27,169.27,0
2023-01-20-07-19-00 GMT-0500,169.27,169.3,169.26,169.27,169.27,0
2023-01-20-07-27-00 GMT-0500,169.4,169.48,169.4,169.48,169.48,0
2023-01-20-07-28-00 GMT-0500,169.52,169.55,169.52,169.53,169.53,0
2023-01-20-07-41-00 GMT-0500,169.77,169.77,169.77,169.77,169.77,0
2023-01-20-07-42-00 GMT-0500,169.72,169.72,169.72,169.72,169.72,0
2023-01-20-07-45-00 GMT-0500,169.78,169.78,169.75,169.75,169.75,0
2023-01-20-07-50-00 GMT-0500,169.77,169.77,169.6,169.75,169.75,0
2023-01-20-07-51-00 GMT-0500,169.6,169.71,169.59,169.71,169.71,0
2023-01-20-07-59-00 GMT-0500,169.74,169.74,169.74,169.74,169.74,0
2023-01-20-08-00-00 GMT-0500,169.53,169.99,169.26,169.75,169.75,0
2023-01-20-08-01-00 GMT-0500,170.06,170.12,169.73,169.79,169.79,0
2023-01-20-08-03-00 GMT-0500,169.73,169.73,169.69,169.7,169.7,0
2023-01-20-08-06-00 GMT-0500,169.75,169.75,169.75,169.75,169.75,0
2023-01-20-08-10-00 GMT-0500,169.75,169.75,169.65,169.65,169.65,0
2023-01-20-08-15-00 GMT-0500,169.73,169.73,169.73,169.73,169.73,0
2023-01-20-08-16-00 GMT-0500,169.6,169.6,169.56,169.6,169.6,0
2023-01-20-08-17-00 GMT-0500,169.56,169.62,169.56,169.56,169.56,0
2023-01-20-08-18-00 GMT-0500,169.8,169.8,169.56,169.56,169.56,0
2023-01-20-08-20-00 GMT-0500,169.65,169.66,169.65,169.66,169.66,0
2023-01-20-08-22-00 GMT-0500,169.6,169.66,169.56,169.66,169.66,0
2023-01-20-08-27-00 GMT-0500,169.66,169.66,169.64,169.65,169.65,0
2023-01-20-08-29-00 GMT-0500,169.6,169.66,169.58,169.66,169.66,0
2023-01-20-08-32-00 GMT-0500,169.56,169.65,169.56,169.65,169.65,0
2023-01-20-08-36-00 GMT-0500,169.63,169.64,169.63,169.64,169.64,0
2023-01-20-08-37-00 GMT-0500,169.64,169.64,169.64,169.64,169.64,0
2023-01-20-08-38-00 GMT-0500,169.64,169.66,169.6,169.66,169.66,0
2023-01-20-08-40-00 GMT-0500,169.5615,169.5615,169.5615,169.5615,169.5615,0
2023-01-20-08-47-00 GMT-0500,169.64,169.66,169.64,169.65,169.65,0
2023-01-20-08-55-00 GMT-0500,169.64,169.64,169.5,169.5,169.5,0
2023-01-20-08-56-00 GMT-0500,169.5885,169.5885,169.5885,169.5885,169.5885,0
2023-01-20-08-58-00 GMT-0500,169.5,169.5,169.41,169.41,169.41,0
2023-01-20-09-00-00 GMT-0500,169.44,169.47,169.4,169.4,169.4,0
2023-01-20-09-01-00 GMT-0500,169.46,169.48,169.46,169.48,169.48,0
2023-01-20-09-02-00 GMT-0500,169.41,169.41,169.37,169.37,169.37,0
2023-01-20-09-05-00 GMT-0500,169.36,169.37,169.36,169.36,169.36,0
2023-01-20-09-06-00 GMT-0500,169.37,169.4,169.35,169.35,169.35,0
2023-01-20-09-07-00 GMT-0500,169.36,169.36,169.36,169.36,169.36,0
2023-01-20-09-08-00 GMT-0500,169.36,169.47,169.36,169.47,169.47,0
2023-01-20-09-09-00 GMT-0500,169.42,169.42,169.42,169.42,169.42,0
2023-01-20-09-12-00 GMT-0500,169.44,169.45,169.44,169.45,169.45,0
2023-01-20-09-13-00 GMT-0500,169.47,169.49,169.4,169.4,169.4,0
2023-01-20-09-30-00 GMT-0500,169.74000549316406,169.74000549316406,169.74000549316406,169.74000549316406,169.74000549316406,1112504
2023-01-20-09-31-00 GMT-0500,169.6699981689453,169.99000549316406,169.60000610351562,169.8000030517578,169.8000030517578,30555
2023-01-20-09-32-00 GMT-0500,169.82000732421875,169.8800048828125,169.68499755859375,169.85000610351562,169.85000610351562,18038
2023-01-20-09-33-00 GMT-0500,169.83999633789062,170.02000427246094,169.83999633789062,170.0196990966797,170.0196990966797,14412
2023-01-20-09-34-00 GMT-0500,169.97329711914062,170.02000427246094,169.80999755859375,169.97000122070312,169.97000122070312,13414
2023-01-20-09-35-00 GMT-0500,169.99000549316406,170.10000610351562,169.875,170.0,170.0,41830
2023-01-20-09-36-00 GMT-0500,169.9199981689453,170.0,169.80999755859375,169.9499969482422,169.9499969482422,5751
2023-01-20-09-37-00 GMT-0500,169.94500732421875,169.94500732421875,169.73500061035156,169.74000549316406,169.74000549316406,9169
2023-01-20-09-38-00 GMT-0500,169.73500061035156,169.92999267578125,169.69000244140625,169.92999267578125,169.92999267578125,13835
2023-01-20-09-39-00 GMT-0500,169.94000244140625,169.9600067138672,169.6300048828125,169.63499450683594,169.63499450683594,15244
2023-01-20-09-40-00 GMT-0500,169.6302947998047,169.69000244140625,169.57000732421875,169.69000244140625,169.69000244140625,13679
2023-01-20-09-41-00 GMT-0500,169.66000366210938,169.6699981689453,169.49000549316406,169.57000732421875,169.57000732421875,20209
2023-01-20-09-42-00 GMT-0500,169.57000732421875,169.5800018310547,169.4600067138672,169.50999450683594,169.50999450683594,15932
2023-01-20-09-43-00 GMT-0500,169.52999877929688,169.5399932861328,169.3800048828125,169.38999938964844,169.38999938964844,10281
2023-01-20-09-44-00 GMT-0500,169.41000366210938,169.49989318847656,169.36000061035156,169.47000122070312,169.47000122070312,15973
2023-01-20-09-45-00 GMT-0500,169.47999572753906,169.77000427246094,169.47999572753906,169.77000427246094,169.77000427246094,27362
2023-01-20-09-46-00 GMT-0500,169.7899932861328,169.80999755859375,169.63999938964844,169.63999938964844,169.63999938964844,27168
2023-01-20-09-47-00 GMT-0500,169.64999389648438,169.68499755859375,169.52999877929688,169.6699981689453,169.6699981689453,12270
2023-01-20-09-48-00 GMT-0500,169.67979431152344,169.67979431152344,169.5399932861328,169.5399932861328,169.5399932861328,10750
2023-01-20-09-49-00 GMT-0500,169.52999877929688,169.52999877929688,169.3000030517578,169.3300018310547,169.3300018310547,16030
2023-01-20-09-50-00 GMT-0500,169.3350067138672,169.35000610351562,169.27000427246094,169.33999633789062,169.33999633789062,10352
2023-01-20-09-51-00 GMT-0500,169.3000030517578,169.3000030517578,169.1199951171875,169.14999389648438,169.14999389648438,14571
2023-01-20-09-52-00 GMT-0500,169.13999938964844,169.16510009765625,168.9199981689453,168.9199981689453,168.9199981689453,26453
2023-01-20-09-53-00 GMT-0500,168.97500610351562,168.99000549316406,168.8699951171875,168.9398956298828,168.9398956298828,14488
2023-01-20-09-54-00 GMT-0500,168.9199981689453,168.9199981689453,168.80999755859375,168.8249969482422,168.8249969482422,11132
2023-01-20-09-55-00 GMT-0500,168.85000610351562,168.98500061035156,168.82000732421875,168.98500061035156,168.98500061035156,15661
2023-01-20-09-56-00 GMT-0500,168.97000122070312,169.0,168.92999267578125,168.9949951171875,168.9949951171875,9495
2023-01-20-09-57-00 GMT-0500,168.97999572753906,169.07000732421875,168.97999572753906,169.00999450683594,169.00999450683594,10688
2023-01-20-09-58-00 GMT-0500,168.97999572753906,168.97999572753906,168.8300018310547,168.8300018310547,168.8300018310547,15569
2023-01-20-09-59-00 GMT-0500,168.83770751953125,168.83770751953125,168.75999450683594,168.80999755859375,168.80999755859375,11357
2023-01-20-10-00-00 GMT-0500,168.85000610351562,168.85000610351562,168.7100067138672,168.77000427246094,168.77000427246094,30826
2023-01-20-10-01-00 GMT-0500,168.77149963378906,168.84500122070312,168.77149963378906,168.7899932861328,168.7899932861328,8647
2023-01-20-10-02-00 GMT-0500,168.77000427246094,168.77000427246094,168.57000732421875,168.63999938964844,168.63999938964844,11108
2023-01-20-10-03-00 GMT-0500,168.6199951171875,168.6300048828125,168.4499969482422,168.47300720214844,168.47300720214844,18881
2023-01-20-10-04-00 GMT-0500,168.47999572753906,168.49000549316406,168.2899932861328,168.2899932861328,168.2899932861328,21729
2023-01-20-10-05-00 GMT-0500,168.30999755859375,168.4199981689453,168.25999450683594,168.32000732421875,168.32000732421875,26153
2023-01-20-10-06-00 GMT-0500,168.30499267578125,168.5500030517578,168.30499267578125,168.5,168.5,14438
2023-01-20-10-07-00 GMT-0500,168.49000549316406,168.49000549316406,168.35000610351562,168.35000610351562,168.35000610351562,18644
2023-01-20-10-08-00 GMT-0500,168.36000061035156,168.55999755859375,168.36000061035156,168.39999389648438,168.39999389648438,22711
2023-01-20-10-09-00 GMT-0500,168.40499877929688,168.56500244140625,168.38999938964844,168.52000427246094,168.52000427246094,23939
2023-01-20-10-10-00 GMT-0500,168.55999755859375,168.6300048828125,168.49000549316406,168.57000732421875,168.57000732421875,13301
2023-01-20-10-11-00 GMT-0500,168.5850067138672,168.5850067138672,168.51010131835938,168.5500030517578,168.5500030517578,23218
2023-01-20-10-12-00 GMT-0500,168.5614013671875,168.58999633789062,168.55999755859375,168.57000732421875,168.57000732421875,9490
2023-01-20-10-13-00 GMT-0500,168.55999755859375,168.63999938964844,168.52999877929688,168.60000610351562,168.60000610351562,17518
2023-01-20-10-14-00 GMT-0500,168.58999633789062,168.58999633789062,168.33999633789062,168.36000061035156,168.36000061035156,14073
2023-01-20-10-15-00 GMT-0500,168.364501953125,168.4499969482422,168.36000061035156,168.4499969482422,168.4499969482422,16765
2023-01-20-10-16-00 GMT-0500,168.34500122070312,168.41000366210938,168.3424072265625,168.4071044921875,168.4071044921875,19891
2023-01-20-10-17-00 GMT-0500,168.41000366210938,168.4550018310547,168.36000061035156,168.39999389648438,168.39999389648438,14490
2023-01-20-10-18-00 GMT-0500,168.38999938964844,168.49000549316406,168.3699951171875,168.49000549316406,168.49000549316406,10910
2023-01-20-10-19-00 GMT-0500,168.4600067138672,168.5399932861328,168.39999389648438,168.52000427246094,168.52000427246094,15506
2023-01-20-10-20-00 GMT-0500,168.50999450683594,168.60000610351562,168.466796875,168.5467071533203,168.5467071533203,32429
2023-01-20-10-21-00 GMT-0500,168.55630493164062,168.72000122070312,168.55630493164062,168.67999267578125,168.67999267578125,16227
2023-01-20-10-22-00 GMT-0500,168.72000122070312,168.83279418945312,168.72000122070312,168.83279418945312,168.83279418945312,15933
2023-01-20-10-23-00 GMT-0500,168.8249969482422,168.8249969482422,168.7100067138672,168.72000122070312,168.72000122070312,15169
2023-01-20-10-24-00 GMT-0500,168.72999572753906,168.77000427246094,168.6999969482422,168.7100067138672,168.7100067138672,7076
2023-01-20-10-25-00 GMT-0500,168.74000549316406,168.85000610351562,168.74000549316406,168.85000610351562,168.85000610351562,14333
2023-01-20-10-26-00 GMT-0500,168.86000061035156,168.97500610351562,168.86000061035156,168.91000366210938,168.91000366210938,8447
2023-01-20-10-27-00 GMT-0500,168.89500427246094,168.97000122070312,168.8699951171875,168.92999267578125,168.92999267578125,9900
2023-01-20-10-28-00 GMT-0500,168.92999267578125,168.98199462890625,168.89999389648438,168.97000122070312,168.97000122070312,10791
2023-01-20-10-29-00 GMT-0500,169.0,169.03500366210938,168.90499877929688,168.90499877929688,168.90499877929688,8116
2023-01-20-10-30-00 GMT-0500,168.91000366210938,168.9600067138672,168.8699951171875,168.88999938964844,168.88999938964844,9142
2023-01-20-10-31-00 GMT-0500,168.88999938964844,168.89999389648438,168.82000732421875,168.83999633789062,168.83999633789062,8273
2023-01-20-10-32-00 GMT-0500,168.8583984375,168.9600067138672,168.8583984375,168.89999389648438,168.89999389648438,6944
2023-01-20-10-33-00 GMT-0500,168.875,168.875,168.82000732421875,168.8300018310547,168.8300018310547,7536
2023-01-20-10-34-00 GMT-0500,168.82000732421875,168.82000732421875,168.69000244140625,168.7086944580078,168.7086944580078,4544
2023-01-20-10-35-00 GMT-0500,168.69000244140625,168.8000030517578,168.65020751953125,168.7949981689453,168.7949981689453,20263
2023-01-20-10-36-00 GMT-0500,168.77999877929688,168.85000610351562,168.75,168.77000427246094,168.77000427246094,6572
2023-01-20-10-37-00 GMT-0500,168.77999877929688,168.7926025390625,168.66000366210938,168.6699981689453,168.6699981689453,22144
2023-01-20-10-38-00 GMT-0500,168.6699981689453,168.67999267578125,168.5399932861328,168.59500122070312,168.59500122070312,15768
2023-01-20-10-39-00 GMT-0500,168.5980987548828,168.73289489746094,168.5980987548828,168.73289489746094,168.73289489746094,5470
2023-01-20-10-40-00 GMT-0500,168.72000122070312,168.8000030517578,168.6999969482422,168.7987060546875,168.7987060546875,11637
2023-01-20-10-41-00 GMT-0500,168.7899932861328,168.7899932861328,168.67999267578125,168.6999969482422,168.6999969482422,13251
2023-01-20-10-42-00 GMT-0500,168.71499633789062,168.75999450683594,168.66000366210938,168.6999969482422,168.6999969482422,14937
2023-01-20-10-43-00 GMT-0500,168.67999267578125,168.6999969482422,168.55999755859375,168.55999755859375,168.55999755859375,8744
2023-01-20-10-44-00 GMT-0500,168.5500030517578,168.60000610351562,168.5500030517578,168.5800018310547,168.5800018310547,6549
2023-01-20-10-45-00 GMT-0500,168.55999755859375,168.5749969482422,168.48500061035156,168.48500061035156,168.48500061035156,10809
2023-01-20-10-46-00 GMT-0500,168.47000122070312,168.47999572753906,168.38999938964844,168.38999938964844,168.38999938964844,7701
2023-01-20-10-47-00 GMT-0500,168.39999389648438,168.41000366210938,168.35000610351562,168.3800048828125,168.3800048828125,7326
2023-01-20-10-48-00 GMT-0500,168.40499877929688,168.4199981689453,168.3699951171875,168.3800048828125,168.3800048828125,8477
2023-01-20-10-49-00 GMT-0500,168.3800048828125,168.48500061035156,168.3800048828125,168.48500061035156,168.48500061035156,7740
2023-01-20-10-50-00 GMT-0500,168.47999572753906,168.5800018310547,168.47000122070312,168.5717010498047,168.5717010498047,8940
2023-01-20-10-51-00 GMT-0500,168.5998992919922,168.6699981689453,168.58999633789062,168.6699981689453,168.6699981689453,7422
2023-01-20-10-52-00 GMT-0500,168.6999969482422,168.75,168.67999267578125,168.7230987548828,168.7230987548828,6521
2023-01-20-10-53-00 GMT-0500,168.74000549316406,168.77999877929688,168.72000122070312,168.75,168.75,6895
2023-01-20-10-54-00 GMT-0500,168.75999450683594,168.86000061035156,168.75999450683594,168.8260955810547,168.8260955810547,9620
2023-01-20-10-55-00 GMT-0500,168.8000030517578,168.8300018310547,168.75,168.8000030517578,168.8000030517578,7306
2023-01-20-10-56-00 GMT-0500,168.77999877929688,168.77999877929688,168.69000244140625,168.72500610351562,168.72500610351562,7290
2023-01-20-10-57-00 GMT-0500,168.7100067138672,168.72109985351562,168.6772003173828,168.6824951171875,168.6824951171875,7060
2023-01-20-10-58-00 GMT-0500,168.67999267578125,168.72000122070312,168.67999267578125,168.7100067138672,168.7100067138672,6639
2023-01-20-10-59-00 GMT-0500,168.6999969482422,168.72999572753906,168.67999267578125,168.7100067138672,168.7100067138672,7385
2023-01-20-11-00-00 GMT-0500,168.7100067138672,168.74000549316406,168.67999267578125,168.67999267578125,168.67999267578125,8757
2023-01-20-11-01-00 GMT-0500,168.63999938964844,168.72000122070312,168.6199951171875,168.72000122070312,168.72000122070312,7550
2023-01-20-11-02-00 GMT-0500,168.6999969482422,168.6999969482422,168.66000366210938,168.69000244140625,168.69000244140625,3649
2023-01-20-11-03-00 GMT-0500,168.7050018310547,168.74000549316406,168.63499450683594,168.63499450683594,168.63499450683594,3958
2023-01-20-11-04-00 GMT-0500,168.6300048828125,168.64999389648438,168.5749969482422,168.61500549316406,168.61500549316406,4041
2023-01-20-11-05-00 GMT-0500,168.6199951171875,168.62359619140625,168.5800018310547,168.60499572753906,168.60499572753906,5738
2023-01-20-11-06-00 GMT-0500,168.60159301757812,168.60159301757812,168.5312957763672,168.58999633789062,168.58999633789062,5467
2023-01-20-11-07-00 GMT-0500,168.5800018310547,168.6199951171875,168.50999450683594,168.56500244140625,168.56500244140625,6021
2023-01-20-11-08-00 GMT-0500,168.55999755859375,168.5800018310547,168.5500030517578,168.5500030517578,168.5500030517578,3723
2023-01-20-11-09-00 GMT-0500,168.5399932861328,168.5500030517578,168.4499969482422,168.52000427246094,168.52000427246094,7248
2023-01-20-11-10-00 GMT-0500,168.52999877929688,168.6199951171875,168.52999877929688,168.61390686035156,168.61390686035156,6078
2023-01-20-11-11-00 GMT-0500,168.61000061035156,168.7550048828125,168.61000061035156,168.72000122070312,168.72000122070312,8844
2023-01-20-11-12-00 GMT-0500,168.72999572753906,168.80499267578125,168.72999572753906,168.77999877929688,168.77999877929688,6699
2023-01-20-11-13-00 GMT-0500,168.7729034423828,168.7729034423828,168.7100067138672,168.72999572753906,168.72999572753906,5108
2023-01-20-11-14-00 GMT-0500,168.75,168.75999450683594,168.64999389648438,168.64999389648438,168.64999389648438,6636
2023-01-20-11-15-00 GMT-0500,168.64999389648438,168.72999572753906,168.63999938964844,168.69500732421875,168.69500732421875,9911
2023-01-20-11-16-00 GMT-0500,168.67999267578125,168.67999267578125,168.6199951171875,168.65499877929688,168.65499877929688,3986
2023-01-20-11-17-00 GMT-0500,168.6699981689453,168.6699981689453,168.5800018310547,168.5800018310547,168.5800018310547,4514
2023-01-20-11-18-00 GMT-0500,168.57000732421875,168.57000732421875,168.49000549316406,168.50999450683594,168.50999450683594,5786
2023-01-20-11-19-00 GMT-0500,168.50999450683594,168.55499267578125,168.49000549316406,168.55499267578125,168.55499267578125,5631
2023-01-20-11-20-00 GMT-0500,168.55999755859375,168.57640075683594,168.52999877929688,168.5500030517578,168.5500030517578,8073
2023-01-20-11-21-00 GMT-0500,168.5399932861328,168.5399932861328,168.47999572753906,168.5,168.5,5805
2023-01-20-11-22-00 GMT-0500,168.5,168.5,168.42999267578125,168.4600067138672,168.4600067138672,17111
2023-01-20-11-23-00 GMT-0500,168.4600067138672,168.51499938964844,168.4550018310547,168.49000549316406,168.49000549316406,10783
2023-01-20-11-24-00 GMT-0500,168.50999450683594,168.5500030517578,168.47000122070312,168.5500030517578,168.5500030517578,8366
2023-01-20-11-25-00 GMT-0500,168.5500030517578,168.61000061035156,168.5,168.60000610351562,168.60000610351562,13578
2023-01-20-11-26-00 GMT-0500,168.60000610351562,168.6199951171875,168.55499267578125,168.55499267578125,168.55499267578125,7309
2023-01-20-11-27-00 GMT-0500,168.58349609375,168.58999633789062,168.47000122070312,168.47000122070312,168.47000122070312,8390
2023-01-20-11-28-00 GMT-0500,168.47999572753906,168.52999877929688,168.47999572753906,168.49000549316406,168.49000549316406,7157
2023-01-20-11-29-00 GMT-0500,168.5,168.5800018310547,168.48500061035156,168.5800018310547,168.5800018310547,8652
2023-01-20-11-30-00 GMT-0500,168.57000732421875,168.57000732421875,168.52999877929688,168.5500030517578,168.5500030517578,15861
2023-01-20-11-31-00 GMT-0500,168.55999755859375,168.6300048828125,168.50999450683594,168.57000732421875,168.57000732421875,35728
2023-01-20-11-32-00 GMT-0500,168.57000732421875,168.59500122070312,168.5449981689453,168.5800018310547,168.5800018310547,14499
2023-01-20-11-33-00 GMT-0500,168.57589721679688,168.58999633789062,168.50999450683594,168.52000427246094,168.52000427246094,16099
2023-01-20-11-34-00 GMT-0500,168.50999450683594,168.5684051513672,168.47000122070312,168.52999877929688,168.52999877929688,23084
2023-01-20-11-35-00 GMT-0500,168.5399932861328,168.55999755859375,168.52999877929688,168.55499267578125,168.55499267578125,15661
2023-01-20-11-36-00 GMT-0500,168.5500030517578,168.5500030517578,168.47500610351562,168.4781036376953,168.4781036376953,10615
2023-01-20-11-37-00 GMT-0500,168.47000122070312,168.47999572753906,168.4199981689453,168.43499755859375,168.43499755859375,10929
2023-01-20-11-38-00 GMT-0500,168.42999267578125,168.4600067138672,168.33999633789062,168.4600067138672,168.4600067138672,17608
2023-01-20-11-39-00 GMT-0500,168.4499969482422,168.49000549316406,168.39999389648438,168.41000366210938,168.41000366210938,6604
2023-01-20-11-40-00 GMT-0500,168.39999389648438,168.42999267578125,168.39999389648438,168.39999389648438,168.39999389648438,13992
2023-01-20-11-41-00 GMT-0500,168.36500549316406,168.42999267578125,168.36000061035156,168.39999389648438,168.39999389648438,10085
2023-01-20-11-42-00 GMT-0500,168.39999389648438,168.41000366210938,168.3800048828125,168.39999389648438,168.39999389648438,7912
2023-01-20-11-43-00 GMT-0500,168.38999938964844,168.39999389648438,168.38499450683594,168.38999938964844,168.38999938964844,6322
2023-01-20-11-44-00 GMT-0500,168.38999938964844,168.38999938964844,168.30999755859375,168.3300018310547,168.3300018310547,19411
2023-01-20-11-45-00 GMT-0500,168.3300018310547,168.3300018310547,168.2313995361328,168.23500061035156,168.23500061035156,36112
2023-01-20-11-46-00 GMT-0500,168.22000122070312,168.3000030517578,168.2100067138672,168.28599548339844,168.28599548339844,15945
2023-01-20-11-47-00 GMT-0500,168.3000030517578,168.3300018310547,168.27999877929688,168.3300018310547,168.3300018310547,17813
2023-01-20-11-48-00 GMT-0500,168.3350067138672,168.38999938964844,168.3000946044922,168.30799865722656,168.30799865722656,22720
2023-01-20-11-49-00 GMT-0500,168.30999755859375,168.35000610351562,168.30389404296875,168.33999633789062,168.33999633789062,9988
2023-01-20-11-50-00 GMT-0500,168.3300018310547,168.38999938964844,168.32000732421875,168.36000061035156,168.36000061035156,29162
2023-01-20-11-51-00 GMT-0500,168.3699951171875,168.38999938964844,168.33599853515625,168.33999633789062,168.33999633789062,17874
2023-01-20-11-52-00 GMT-0500,168.33999633789062,168.33999633789062,168.24000549316406,168.25,168.25,11651
2023-01-20-11-53-00 GMT-0500,168.2449951171875,168.2550048828125,168.2100067138672,168.2100067138672,168.2100067138672,14546
2023-01-20-11-54-00 GMT-0500,168.1999969482422,168.24000549316406,168.1999969482422,168.21609497070312,168.21609497070312,12860
2023-01-20-11-55-00 GMT-0500,168.22000122070312,168.27499389648438,168.17999267578125,168.27000427246094,168.27000427246094,25107
2023-01-20-11-56-00 GMT-0500,168.27999877929688,168.3300018310547,168.27000427246094,168.3000030517578,168.3000030517578,16458
2023-01-20-11-57-00 GMT-0500,168.3000030517578,168.32000732421875,168.2899932861328,168.32000732421875,168.32000732421875,8525
2023-01-20-11-58-00 GMT-0500,168.3300018310547,168.3300018310547,168.25999450683594,168.27000427246094,168.27000427246094,10802
2023-01-20-11-59-00 GMT-0500,168.24000549316406,168.24000549316406,168.15699768066406,168.1999969482422,168.1999969482422,12907
2023-01-20-12-00-00 GMT-0500,168.19000244140625,168.19000244140625,168.1199951171875,168.1300048828125,168.1300048828125,9389
2023-01-20-12-01-00 GMT-0500,168.1199951171875,168.1300048828125,168.10000610351562,168.12229919433594,168.12229919433594,11721
2023-01-20-12-02-00 GMT-0500,168.1199951171875,168.13999938964844,168.11000061035156,168.1199951171875,168.1199951171875,5703
2023-01-20-12-03-00 GMT-0500,168.1199951171875,168.18499755859375,168.11000061035156,168.17999267578125,168.17999267578125,14859
2023-01-20-12-04-00 GMT-0500,168.17999267578125,168.25999450683594,168.17999267578125,168.25999450683594,168.25999450683594,7563
2023-01-20-12-05-00 GMT-0500,168.25,168.27999877929688,168.22500610351562,168.22500610351562,168.22500610351562,7201
2023-01-20-12-06-00 GMT-0500,168.2299041748047,168.27000427246094,168.2299041748047,168.27000427246094,168.27000427246094,8062
2023-01-20-12-07-00 GMT-0500,168.27000427246094,168.27999877929688,168.25,168.25,168.25,5137
2023-01-20-12-08-00 GMT-0500,168.2595977783203,168.2989959716797,168.25,168.25999450683594,168.25999450683594,4280
2023-01-20-12-09-00 GMT-0500,168.25999450683594,168.27999877929688,168.24000549316406,168.24000549316406,168.24000549316406,7539
2023-01-20-12-10-00 GMT-0500,168.24000549316406,168.24000549316406,168.13999938964844,168.22000122070312,168.22000122070312,15746
2023-01-20-12-11-00 GMT-0500,168.22000122070312,168.27000427246094,168.22000122070312,168.24000549316406,168.24000549316406,5699
2023-01-20-12-12-00 GMT-0500,168.23500061035156,168.23500061035156,168.1999969482422,168.2100067138672,168.2100067138672,8645
2023-01-20-12-13-00 GMT-0500,168.21249389648438,168.22999572753906,168.19500732421875,168.22999572753906,168.22999572753906,29156
2023-01-20-12-14-00 GMT-0500,168.22999572753906,168.33999633789062,168.22999572753906,168.25,168.25,20665
2023-01-20-12-15-00 GMT-0500,168.25999450683594,168.2899932861328,168.22999572753906,168.25,168.25,17009
2023-01-20-12-16-00 GMT-0500,168.25,168.28570556640625,168.24000549316406,168.27000427246094,168.27000427246094,6678
2023-01-20-12-17-00 GMT-0500,168.25,168.25,168.22999572753906,168.24000549316406,168.24000549316406,11318
2023-01-20-12-18-00 GMT-0500,168.25,168.28990173339844,168.25,168.2550048828125,168.2550048828125,6187
2023-01-20-12-19-00 GMT-0500,168.25,168.30999755859375,168.24000549316406,168.30999755859375,168.30999755859375,4955
2023-01-20-12-20-00 GMT-0500,168.2899932861328,168.2899932861328,168.2449951171875,168.2449951171875,168.2449951171875,11234
2023-01-20-12-21-00 GMT-0500,168.2449951171875,168.2899932861328,168.202392578125,168.2100067138672,168.2100067138672,9206
2023-01-20-12-22-00 GMT-0500,168.1999969482422,168.1999969482422,168.0399932861328,168.0399932861328,168.0399932861328,7474
2023-01-20-12-23-00 GMT-0500,168.0500030517578,168.0500030517578,167.92669677734375,167.9499969482422,167.9499969482422,51101
2023-01-20-12-24-00 GMT-0500,167.9499969482422,168.00999450683594,167.9499969482422,167.97999572753906,167.97999572753906,5713
2023-01-20-12-25-00 GMT-0500,167.99000549316406,167.99000549316406,167.9499969482422,167.9499969482422,167.9499969482422,5590
2023-01-20-12-26-00 GMT-0500,167.94000244140625,167.9499969482422,167.88999938964844,167.91000366210938,167.91000366210938,17278
2023-01-20-12-27-00 GMT-0500,167.9199981689453,168.01499938964844,167.9199981689453,168.01499938964844,168.01499938964844,9712
2023-01-20-12-28-00 GMT-0500,168.0050048828125,168.0399932861328,167.99000549316406,168.0,168.0,6152
2023-01-20-12-29-00 GMT-0500,167.9949951171875,168.0,167.97999572753906,168.0,168.0,11819
2023-01-20-12-30-00 GMT-0500,168.00999450683594,168.02999877929688,168.00999450683594,168.02000427246094,168.02000427246094,3694
2023-01-20-12-31-00 GMT-0500,168.02999877929688,168.0399932861328,168.02000427246094,168.0399932861328,168.0399932861328,4537
2023-01-20-12-32-00 GMT-0500,168.00999450683594,168.00999450683594,167.91000366210938,167.9199981689453,167.9199981689453,13127
2023-01-20-12-33-00 GMT-0500,167.9199981689453,168.0,167.9199981689453,167.94740295410156,167.94740295410156,5208
2023-01-20-12-34-00 GMT-0500,167.9600067138672,167.9600067138672,167.9199981689453,167.9199981689453,167.9199981689453,8801
2023-01-20-12-35-00 GMT-0500,167.89999389648438,167.97000122070312,167.8719940185547,167.92999267578125,167.92999267578125,7102
2023-01-20-12-36-00 GMT-0500,167.94000244140625,167.94000244140625,167.88999938964844,167.91000366210938,167.91000366210938,6221
2023-01-20-12-37-00 GMT-0500,167.91000366210938,167.91000366210938,167.8699951171875,167.8699951171875,167.8699951171875,6203
2023-01-20-12-38-00 GMT-0500,167.8699951171875,167.88999938964844,167.85000610351562,167.8780059814453,167.8780059814453,11331
2023-01-20-12-39-00 GMT-0500,167.8699951171875,167.92999267578125,167.8699951171875,167.91000366210938,167.91000366210938,6583
2023-01-20-12-40-00 GMT-0500,167.9199981689453,167.92999267578125,167.88999938964844,167.89999389648438,167.89999389648438,7513
2023-01-20-12-41-00 GMT-0500,167.91000366210938,167.97000122070312,167.91000366210938,167.91000366210938,167.91000366210938,15461
2023-01-20-12-42-00 GMT-0500,167.9250030517578,167.9250030517578,167.8809051513672,167.8809051513672,167.8809051513672,6754
2023-01-20-12-43-00 GMT-0500,167.88499450683594,167.89999389648438,167.8300018310547,167.8300018310547,167.8300018310547,9153
2023-01-20-12-44-00 GMT-0500,167.8300018310547,167.83999633789062,167.77999877929688,167.80999755859375,167.80999755859375,8706
2023-01-20-12-45-00 GMT-0500,167.82919311523438,167.83839416503906,167.7949981689453,167.80999755859375,167.80999755859375,6225
2023-01-20-12-46-00 GMT-0500,167.8000030517578,167.82000732421875,167.8000030517578,167.82000732421875,167.82000732421875,4670
2023-01-20-12-47-00 GMT-0500,167.81809997558594,167.82000732421875,167.75999450683594,167.79139709472656,167.79139709472656,7860
2023-01-20-12-48-00 GMT-0500,167.78500366210938,167.78819274902344,167.7550048828125,167.77999877929688,167.77999877929688,8748
2023-01-20-12-49-00 GMT-0500,167.7899932861328,167.8249969482422,167.77000427246094,167.8000030517578,167.8000030517578,8569
2023-01-20-12-50-00 GMT-0500,167.80999755859375,167.83990478515625,167.80999755859375,167.8350067138672,167.8350067138672,3199
2023-01-20-12-51-00 GMT-0500,167.839599609375,167.8618927001953,167.82000732421875,167.85409545898438,167.85409545898438,7902
2023-01-20-12-52-00 GMT-0500,167.86000061035156,167.86610412597656,167.77000427246094,167.78590393066406,167.78590393066406,6005
2023-01-20-12-53-00 GMT-0500,167.8000030517578,167.80999755859375,167.7550048828125,167.7772979736328,167.7772979736328,7111
2023-01-20-12-54-00 GMT-0500,167.77999877929688,167.77999877929688,167.75,167.76499938964844,167.76499938964844,12071
2023-01-20-12-55-00 GMT-0500,167.76589965820312,167.76589965820312,167.7100067138672,167.72999572753906,167.72999572753906,7910
2023-01-20-12-56-00 GMT-0500,167.72000122070312,167.72000122070312,167.6699981689453,167.67999267578125,167.67999267578125,7378
2023-01-20-12-57-00 GMT-0500,167.6750030517578,167.7270050048828,167.6750030517578,167.69000244140625,167.69000244140625,7650
2023-01-20-12-58-00 GMT-0500,167.6929931640625,167.72999572753906,167.67999267578125,167.72999572753906,167.72999572753906,5990
2023-01-20-12-59-00 GMT-0500,167.72000122070312,167.76229858398438,167.7100067138672,167.71499633789062,167.71499633789062,6241
2023-01-20-13-00-00 GMT-0500,167.72000122070312,167.82000732421875,167.6999969482422,167.8000030517578,167.8000030517578,30591
2023-01-20-13-01-00 GMT-0500,167.8179931640625,167.91000366210938,167.8000030517578,167.89999389648438,167.89999389648438,5283
2023-01-20-13-02-00 GMT-0500,167.89999389648438,167.89999389648438,167.8000030517578,167.82000732421875,167.82000732421875,13846
2023-01-20-13-03-00 GMT-0500,167.80999755859375,167.8199005126953,167.8000030517578,167.80999755859375,167.80999755859375,4527
2023-01-20-13-04-00 GMT-0500,167.8000030517578,167.8000030517578,167.7449951171875,167.7449951171875,167.7449951171875,5687
2023-01-20-13-05-00 GMT-0500,167.74000549316406,167.80209350585938,167.74000549316406,167.80209350585938,167.80209350585938,10668
2023-01-20-13-06-00 GMT-0500,167.80999755859375,167.85000610351562,167.7899932861328,167.7899932861328,167.7899932861328,3215
2023-01-20-13-07-00 GMT-0500,167.8000030517578,167.82000732421875,167.72000122070312,167.72000122070312,167.72000122070312,8762
2023-01-20-13-08-00 GMT-0500,167.6999969482422,167.74000549316406,167.6699981689453,167.72999572753906,167.72999572753906,17368
2023-01-20-13-09-00 GMT-0500,167.72000122070312,167.72999572753906,167.69500732421875,167.72000122070312,167.72000122070312,10184
2023-01-20-13-10-00 GMT-0500,167.71499633789062,167.74000549316406,167.66000366210938,167.66859436035156,167.66859436035156,8709
2023-01-20-13-11-00 GMT-0500,167.64999389648438,167.6699981689453,167.61500549316406,167.66000366210938,167.66000366210938,10427
2023-01-20-13-12-00 GMT-0500,167.66000366210938,167.6865997314453,167.64999389648438,167.64999389648438,167.64999389648438,6006
2023-01-20-13-13-00 GMT-0500,167.65679931640625,167.65679931640625,167.60000610351562,167.61500549316406,167.61500549316406,17956
2023-01-20-13-14-00 GMT-0500,167.61000061035156,167.6999969482422,167.61000061035156,167.69000244140625,167.69000244140625,9332
2023-01-20-13-15-00 GMT-0500,167.69000244140625,167.69000244140625,167.63999938964844,167.63999938964844,167.63999938964844,9345
2023-01-20-13-16-00 GMT-0500,167.64999389648438,167.72000122070312,167.64999389648438,167.72000122070312,167.72000122070312,8335
2023-01-20-13-17-00 GMT-0500,167.7100067138672,167.7100067138672,167.6649932861328,167.67999267578125,167.67999267578125,6364
2023-01-20-13-18-00 GMT-0500,167.67999267578125,167.7100067138672,167.6750030517578,167.69000244140625,167.69000244140625,5389
2023-01-20-13-19-00 GMT-0500,167.69000244140625,167.69000244140625,167.52000427246094,167.52000427246094,167.52000427246094,11541
2023-01-20-13-20-00 GMT-0500,167.50999450683594,167.55999755859375,167.5,167.5399932861328,167.5399932861328,13919
2023-01-20-13-21-00 GMT-0500,167.52999877929688,167.5850067138672,167.52999877929688,167.5592041015625,167.5592041015625,6568
2023-01-20-13-22-00 GMT-0500,167.55999755859375,167.55999755859375,167.52000427246094,167.52999877929688,167.52999877929688,5185
2023-01-20-13-23-00 GMT-0500,167.50999450683594,167.57620239257812,167.50999450683594,167.5655975341797,167.5655975341797,4092
2023-01-20-13-24-00 GMT-0500,167.56509399414062,167.57000732421875,167.52000427246094,167.5399932861328,167.5399932861328,19655
2023-01-20-13-25-00 GMT-0500,167.55499267578125,167.60000610351562,167.5449981689453,167.5449981689453,167.5449981689453,8299
2023-01-20-13-26-00 GMT-0500,167.5449981689453,167.6199951171875,167.5449981689453,167.5605010986328,167.5605010986328,5575
2023-01-20-13-27-00 GMT-0500,167.57000732421875,167.57000732421875,167.47999572753906,167.5,167.5,11401
2023-01-20-13-28-00 GMT-0500,167.49000549316406,167.57000732421875,167.49000549316406,167.5399932861328,167.5399932861328,11055
2023-01-20-13-29-00 GMT-0500,167.5399932861328,167.5800018310547,167.5399932861328,167.5500030517578,167.5500030517578,16329
2023-01-20-13-30-00 GMT-0500,167.5500030517578,167.58999633789062,167.5500030517578,167.5850067138672,167.5850067138672,5062
2023-01-20-13-31-00 GMT-0500,167.5850067138672,167.61000061035156,167.5399932861328,167.5800018310547,167.5800018310547,14876
2023-01-20-13-32-00 GMT-0500,167.60000610351562,167.63999938964844,167.60000610351562,167.60000610351562,167.60000610351562,5801
2023-01-20-13-33-00 GMT-0500,167.60000610351562,167.6300048828125,167.60000610351562,167.6300048828125,167.6300048828125,8673
2023-01-20-13-34-00 GMT-0500,167.6300048828125,167.6300048828125,167.56500244140625,167.56500244140625,167.56500244140625,4018
2023-01-20-13-35-00 GMT-0500,167.55999755859375,167.6300048828125,167.5500030517578,167.61000061035156,167.61000061035156,12307
2023-01-20-13-36-00 GMT-0500,167.60499572753906,167.69000244140625,167.60499572753906,167.63499450683594,167.63499450683594,13438
2023-01-20-13-37-00 GMT-0500,167.63999938964844,167.75,167.63499450683594,167.6909942626953,167.6909942626953,18945
2023-01-20-13-38-00 GMT-0500,167.6999969482422,167.73500061035156,167.66000366210938,167.69000244140625,167.69000244140625,10770
2023-01-20-13-39-00 GMT-0500,167.6719970703125,167.6750030517578,167.6300048828125,167.63999938964844,167.63999938964844,5651
2023-01-20-13-40-00 GMT-0500,167.63999938964844,167.66000366210938,167.61000061035156,167.64999389648438,167.64999389648438,11536
2023-01-20-13-41-00 GMT-0500,167.64999389648438,167.70700073242188,167.64999389648438,167.6999969482422,167.6999969482422,5942
2023-01-20-13-42-00 GMT-0500,167.7050018310547,167.72000122070312,167.67999267578125,167.69000244140625,167.69000244140625,11584
2023-01-20-13-43-00 GMT-0500,167.70069885253906,167.7899932861328,167.70069885253906,167.77999877929688,167.77999877929688,14944
2023-01-20-13-44-00 GMT-0500,167.77999877929688,167.8000030517578,167.75,167.7967071533203,167.7967071533203,13332
2023-01-20-13-45-00 GMT-0500,167.82000732421875,167.8699951171875,167.80999755859375,167.86000061035156,167.86000061035156,10369
2023-01-20-13-46-00 GMT-0500,167.86000061035156,167.86000061035156,167.7899932861328,167.80999755859375,167.80999755859375,12023
2023-01-20-13-47-00 GMT-0500,167.80999755859375,167.8300018310547,167.8000030517578,167.8000030517578,167.8000030517578,7733
2023-01-20-13-48-00 GMT-0500,167.8000030517578,167.8800048828125,167.8000030517578,167.8300018310547,167.8300018310547,13245
2023-01-20-13-49-00 GMT-0500,167.8350067138672,167.9600067138672,167.8350067138672,167.9199981689453,167.9199981689453,14160
2023-01-20-13-50-00 GMT-0500,167.92999267578125,168.0,167.92999267578125,167.99000549316406,167.99000549316406,15480
2023-01-20-13-51-00 GMT-0500,167.99000549316406,168.00999450683594,167.9550018310547,167.97999572753906,167.97999572753906,17561
2023-01-20-13-52-00 GMT-0500,167.99000549316406,168.0050048828125,167.97999572753906,167.99000549316406,167.99000549316406,12681
2023-01-20-13-53-00 GMT-0500,167.99000549316406,168.00999450683594,167.91000366210938,167.91000366210938,167.91000366210938,16706
2023-01-20-13-54-00 GMT-0500,167.89500427246094,167.89500427246094,167.8249969482422,167.83999633789062,167.83999633789062,11002
2023-01-20-13-55-00 GMT-0500,167.83999633789062,167.86000061035156,167.77000427246094,167.77000427246094,167.77000427246094,6212
2023-01-20-13-56-00 GMT-0500,167.77000427246094,167.77000427246094,167.69000244140625,167.72000122070312,167.72000122070312,15717
2023-01-20-13-57-00 GMT-0500,167.7100067138672,167.75999450683594,167.7100067138672,167.75999450683594,167.75999450683594,6965
2023-01-20-13-58-00 GMT-0500,167.75999450683594,167.77999877929688,167.72999572753906,167.77999877929688,167.77999877929688,10208
2023-01-20-13-59-00 GMT-0500,167.80999755859375,167.80999755859375,167.75,167.75,167.75,7794
2023-01-20-14-00-00 GMT-0500,167.7449951171875,167.7899932861328,167.7299041748047,167.72999572753906,167.72999572753906,8657
2023-01-20-14-01-00 GMT-0500,167.74000549316406,167.74000549316406,167.66000366210938,167.67999267578125,167.67999267578125,9252
2023-01-20-14-02-00 GMT-0500,167.69000244140625,167.7454071044922,167.69000244140625,167.7454071044922,167.7454071044922,13843
2023-01-20-14-03-00 GMT-0500,167.74000549316406,167.74000549316406,167.68499755859375,167.68499755859375,167.68499755859375,6115
2023-01-20-14-04-00 GMT-0500,167.67999267578125,167.71139526367188,167.64999389648438,167.71139526367188,167.71139526367188,13144
2023-01-20-14-05-00 GMT-0500,167.72000122070312,167.72000122070312,167.67999267578125,167.69610595703125,167.69610595703125,5605
2023-01-20-14-06-00 GMT-0500,167.6999053955078,167.77000427246094,167.69000244140625,167.75999450683594,167.75999450683594,9512
2023-01-20-14-07-00 GMT-0500,167.75999450683594,167.77999877929688,167.75999450683594,167.77999877929688,167.77999877929688,9471
2023-01-20-14-08-00 GMT-0500,167.77999877929688,167.8699951171875,167.77999877929688,167.8699951171875,167.8699951171875,11421
2023-01-20-14-09-00 GMT-0500,167.88999938964844,167.92999267578125,167.88999938964844,167.9199981689453,167.9199981689453,14025
2023-01-20-14-10-00 GMT-0500,167.9196014404297,167.97999572753906,167.91009521484375,167.97999572753906,167.97999572753906,9089
2023-01-20-14-11-00 GMT-0500,168.0,168.05999755859375,167.97500610351562,168.0500030517578,168.0500030517578,18989
2023-01-20-14-12-00 GMT-0500,168.05039978027344,168.0800018310547,168.0500030517578,168.07000732421875,168.07000732421875,9426
2023-01-20-14-13-00 GMT-0500,168.05999755859375,168.05999755859375,168.0,168.0050048828125,168.0050048828125,12927
2023-01-20-14-14-00 GMT-0500,168.0,168.00999450683594,167.97000122070312,167.97999572753906,167.97999572753906,5972
2023-01-20-14-15-00 GMT-0500,167.99000549316406,168.02999877929688,167.99000549316406,168.00999450683594,168.00999450683594,11856
2023-01-20-14-16-00 GMT-0500,168.02000427246094,168.02980041503906,167.99200439453125,167.99200439453125,167.99200439453125,10482
2023-01-20-14-17-00 GMT-0500,167.99000549316406,167.99000549316406,167.9499969482422,167.96499633789062,167.96499633789062,5481
2023-01-20-14-18-00 GMT-0500,167.97000122070312,168.02999877929688,167.9600067138672,167.97999572753906,167.97999572753906,24569
2023-01-20-14-19-00 GMT-0500,167.97000122070312,167.97999572753906,167.89500427246094,167.89999389648438,167.89999389648438,9638
2023-01-20-14-20-00 GMT-0500,167.9149932861328,167.9149932861328,167.82000732421875,167.83999633789062,167.83999633789062,12224
2023-01-20-14-21-00 GMT-0500,167.83999633789062,167.86500549316406,167.83999633789062,167.85000610351562,167.85000610351562,3397
2023-01-20-14-22-00 GMT-0500,167.8699951171875,167.9199981689453,167.8699951171875,167.9199981689453,167.9199981689453,3747
2023-01-20-14-23-00 GMT-0500,167.92999267578125,167.99000549316406,167.92999267578125,167.96499633789062,167.96499633789062,5602
2023-01-20-14-24-00 GMT-0500,167.9600067138672,167.97000122070312,167.92999267578125,167.92999267578125,167.92999267578125,14842
2023-01-20-14-25-00 GMT-0500,167.93609619140625,167.94000244140625,167.91000366210938,167.92999267578125,167.92999267578125,8292
2023-01-20-14-26-00 GMT-0500,167.92999267578125,167.9600067138672,167.9199981689453,167.94000244140625,167.94000244140625,6283
2023-01-20-14-27-00 GMT-0500,167.94000244140625,167.97000122070312,167.86000061035156,167.86500549316406,167.86500549316406,9476
2023-01-20-14-28-00 GMT-0500,167.86000061035156,167.8800048828125,167.8300018310547,167.8800048828125,167.8800048828125,14667
2023-01-20-14-29-00 GMT-0500,167.8699951171875,167.89999389648438,167.8699951171875,167.8800048828125,167.8800048828125,5521
2023-01-20-14-30-00 GMT-0500,167.8699951171875,167.92999267578125,167.8699951171875,167.9199981689453,167.9199981689453,7212
2023-01-20-14-31-00 GMT-0500,167.9199981689453,167.9499969482422,167.9199981689453,167.94000244140625,167.94000244140625,17589
2023-01-20-14-32-00 GMT-0500,167.94000244140625,167.97500610351562,167.93499755859375,167.97500610351562,167.97500610351562,10808
2023-01-20-14-33-00 GMT-0500,167.97500610351562,168.0050048828125,167.94000244140625,167.9499969482422,167.9499969482422,12029
2023-01-20-14-34-00 GMT-0500,167.94500732421875,167.9600067138672,167.91000366210938,167.9499969482422,167.9499969482422,17482
2023-01-20-14-35-00 GMT-0500,167.95700073242188,167.96499633789062,167.94000244140625,167.9600067138672,167.9600067138672,7838
2023-01-20-14-36-00 GMT-0500,167.9550018310547,167.9550018310547,167.86000061035156,167.8625946044922,167.8625946044922,12588
2023-01-20-14-37-00 GMT-0500,167.8699951171875,167.875,167.85000610351562,167.875,167.875,13050
2023-01-20-14-38-00 GMT-0500,167.8699951171875,167.875,167.8350067138672,167.8350067138672,167.8350067138672,10460
2023-01-20-14-39-00 GMT-0500,167.8300018310547,167.84100341796875,167.80999755859375,167.81500244140625,167.81500244140625,13652
2023-01-20-14-40-00 GMT-0500,167.80999755859375,167.97000122070312,167.80320739746094,167.9676055908203,167.9676055908203,19025
2023-01-20-14-41-00 GMT-0500,167.97999572753906,167.99000549316406,167.89999389648438,167.91000366210938,167.91000366210938,15437
2023-01-20-14-42-00 GMT-0500,167.9199981689453,167.97000122070312,167.89999389648438,167.97000122070312,167.97000122070312,18641
2023-01-20-14-43-00 GMT-0500,167.97000122070312,168.0,167.96929931640625,167.97000122070312,167.97000122070312,16501
2023-01-20-14-44-00 GMT-0500,167.97999572753906,167.97999572753906,167.9199981689453,167.92999267578125,167.92999267578125,11522
2023-01-20-14-45-00 GMT-0500,167.92999267578125,167.92999267578125,167.89999389648438,167.91000366210938,167.91000366210938,7433
2023-01-20-14-46-00 GMT-0500,167.91000366210938,167.91000366210938,167.80999755859375,167.80999755859375,167.80999755859375,5293
2023-01-20-14-47-00 GMT-0500,167.80999755859375,167.83999633789062,167.7899932861328,167.83999633789062,167.83999633789062,16322
2023-01-20-14-48-00 GMT-0500,167.83999633789062,167.9199981689453,167.8300018310547,167.86000061035156,167.86000061035156,23910
2023-01-20-14-49-00 GMT-0500,167.8800048828125,167.9600067138672,167.8800048828125,167.9499969482422,167.9499969482422,19915
2023-01-20-14-50-00 GMT-0500,167.9499969482422,167.9499969482422,167.89999389648438,167.94000244140625,167.94000244140625,12406
2023-01-20-14-51-00 GMT-0500,167.92999267578125,167.94000244140625,167.89300537109375,167.9199981689453,167.9199981689453,9508
2023-01-20-14-52-00 GMT-0500,167.9149932861328,167.92999267578125,167.88999938964844,167.88999938964844,167.88999938964844,5053
2023-01-20-14-53-00 GMT-0500,167.89990234375,167.9600067138672,167.88999938964844,167.92999267578125,167.92999267578125,9857
2023-01-20-14-54-00 GMT-0500,167.92999267578125,167.94000244140625,167.85060119628906,167.85060119628906,167.85060119628906,11940
2023-01-20-14-55-00 GMT-0500,167.8300018310547,167.8300018310547,167.77999877929688,167.8000030517578,167.8000030517578,10901
2023-01-20-14-56-00 GMT-0500,167.8000030517578,167.80999755859375,167.75999450683594,167.75999450683594,167.75999450683594,19294
2023-01-20-14-57-00 GMT-0500,167.75999450683594,167.8000030517578,167.75979614257812,167.8000030517578,167.8000030517578,8283
2023-01-20-14-58-00 GMT-0500,167.8000030517578,167.86000061035156,167.8000030517578,167.86000061035156,167.86000061035156,8493
2023-01-20-14-59-00 GMT-0500,167.8699951171875,167.9499969482422,167.8699951171875,167.9499969482422,167.9499969482422,7208
2023-01-20-15-00-00 GMT-0500,167.9600067138672,168.10000610351562,167.9600067138672,168.0850067138672,168.0850067138672,12541
2023-01-20-15-01-00 GMT-0500,168.0800018310547,168.19039916992188,168.07000732421875,168.17999267578125,168.17999267578125,6648
2023-01-20-15-02-00 GMT-0500,168.17999267578125,168.22000122070312,168.17010498046875,168.2100067138672,168.2100067138672,6825
2023-01-20-15-03-00 GMT-0500,168.2100067138672,168.25,168.1999969482422,168.25,168.25,6214
2023-01-20-15-04-00 GMT-0500,168.25999450683594,168.2899932861328,168.23910522460938,168.27999877929688,168.27999877929688,9732
2023-01-20-15-05-00 GMT-0500,168.2899932861328,168.2899932861328,168.22999572753906,168.2449951171875,168.2449951171875,15341
2023-01-20-15-06-00 GMT-0500,168.25,168.2899932861328,168.25,168.27340698242188,168.27340698242188,9020
2023-01-20-15-07-00 GMT-0500,168.3000030517578,168.30149841308594,168.27999877929688,168.29629516601562,168.29629516601562,8148
2023-01-20-15-08-00 GMT-0500,168.3000030517578,168.39999389648438,168.3000030517578,168.38999938964844,168.38999938964844,10963
2023-01-20-15-09-00 GMT-0500,168.39999389648438,168.42999267578125,168.3800048828125,168.3800048828125,168.3800048828125,11671
2023-01-20-15-10-00 GMT-0500,168.36000061035156,168.38999938964844,168.34500122070312,168.36000061035156,168.36000061035156,7698
2023-01-20-15-11-00 GMT-0500,168.36000061035156,168.4199981689453,168.33999633789062,168.41009521484375,168.41009521484375,7453
2023-01-20-15-12-00 GMT-0500,168.4199981689453,168.50999450683594,168.4199981689453,168.50999450683594,168.50999450683594,16359
2023-01-20-15-13-00 GMT-0500,168.50999450683594,168.57000732421875,168.50999450683594,168.57000732421875,168.57000732421875,9616
2023-01-20-15-14-00 GMT-0500,168.5800018310547,168.67999267578125,168.57000732421875,168.67999267578125,168.67999267578125,9402
2023-01-20-15-15-00 GMT-0500,168.67999267578125,168.80999755859375,168.67999267578125,168.75999450683594,168.75999450683594,17462
2023-01-20-15-16-00 GMT-0500,168.75999450683594,168.77000427246094,168.7216033935547,168.77000427246094,168.77000427246094,7555
2023-01-20-15-17-00 GMT-0500,168.77340698242188,168.85000610351562,168.77000427246094,168.85000610351562,168.85000610351562,7698
2023-01-20-15-18-00 GMT-0500,168.85000610351562,168.89999389648438,168.85000610351562,168.8699951171875,168.8699951171875,13472
2023-01-20-15-19-00 GMT-0500,168.86000061035156,168.86000061035156,168.75999450683594,168.77000427246094,168.77000427246094,13322
2023-01-20-15-20-00 GMT-0500,168.77430725097656,168.77999877929688,168.6699981689453,168.6999969482422,168.6999969482422,8597
2023-01-20-15-21-00 GMT-0500,168.6999969482422,168.7100067138672,168.63279724121094,168.63999938964844,168.63999938964844,7448
2023-01-20-15-22-00 GMT-0500,168.63999938964844,168.69000244140625,168.6199951171875,168.63999938964844,168.63999938964844,17619
2023-01-20-15-23-00 GMT-0500,168.6488037109375,168.66000366210938,168.61000061035156,168.61000061035156,168.61000061035156,10890
2023-01-20-15-24-00 GMT-0500,168.6199951171875,168.6300048828125,168.5800018310547,168.58999633789062,168.58999633789062,18814
2023-01-20-15-25-00 GMT-0500,168.5800018310547,168.61000061035156,168.50999450683594,168.5301055908203,168.5301055908203,14385
2023-01-20-15-26-00 GMT-0500,168.53500366210938,168.60000610351562,168.50999450683594,168.60000610351562,168.60000610351562,18698
2023-01-20-15-27-00 GMT-0500,168.58999633789062,168.6199951171875,168.5717010498047,168.5717010498047,168.5717010498047,14566
2023-01-20-15-28-00 GMT-0500,168.5800018310547,168.67999267578125,168.5800018310547,168.64999389648438,168.64999389648438,13949
2023-01-20-15-29-00 GMT-0500,168.63999938964844,168.63999938964844,168.56500244140625,168.5800018310547,168.5800018310547,11565
2023-01-20-15-30-00 GMT-0500,168.5749969482422,168.67999267578125,168.5749969482422,168.66000366210938,168.66000366210938,22067
2023-01-20-15-31-00 GMT-0500,168.6461944580078,168.66000366210938,168.60000610351562,168.63999938964844,168.63999938964844,12306
2023-01-20-15-32-00 GMT-0500,168.64999389648438,168.66000366210938,168.60000610351562,168.63169860839844,168.63169860839844,13078
2023-01-20-15-33-00 GMT-0500,168.6300048828125,168.64500427246094,168.61000061035156,168.63999938964844,168.63999938964844,14380
2023-01-20-15-34-00 GMT-0500,168.63499450683594,168.63499450683594,168.5399932861328,168.55149841308594,168.55149841308594,20414
2023-01-20-15-35-00 GMT-0500,168.5500030517578,168.5500030517578,168.4833984375,168.4833984375,168.4833984375,13506
2023-01-20-15-36-00 GMT-0500,168.47999572753906,168.5399932861328,168.47999572753906,168.4949951171875,168.4949951171875,21501
2023-01-20-15-37-00 GMT-0500,168.49000549316406,168.5800018310547,168.47999572753906,168.47999572753906,168.47999572753906,22591
2023-01-20-15-38-00 GMT-0500,168.47999572753906,168.4949951171875,168.41729736328125,168.4199981689453,168.4199981689453,13041
2023-01-20-15-39-00 GMT-0500,168.41000366210938,168.4149932861328,168.33999633789062,168.33999633789062,168.33999633789062,14871
2023-01-20-15-40-00 GMT-0500,168.32000732421875,168.3800048828125,168.27000427246094,168.27999877929688,168.27999877929688,19453
2023-01-20-15-41-00 GMT-0500,168.27000427246094,168.3699951171875,168.27000427246094,168.3699951171875,168.3699951171875,19435
2023-01-20-15-42-00 GMT-0500,168.3699951171875,168.3800048828125,168.27499389648438,168.27999877929688,168.27999877929688,32327
2023-01-20-15-43-00 GMT-0500,168.27999877929688,168.32000732421875,168.19000244140625,168.19000244140625,168.19000244140625,27558
2023-01-20-15-44-00 GMT-0500,168.19500732421875,168.23500061035156,168.19500732421875,168.2100067138672,168.2100067138672,29798
2023-01-20-15-45-00 GMT-0500,168.2100067138672,168.2100067138672,168.13999938964844,168.2050018310547,168.2050018310547,27987
2023-01-20-15-46-00 GMT-0500,168.19000244140625,168.25999450683594,168.19000244140625,168.2449951171875,168.2449951171875,32240
2023-01-20-15-47-00 GMT-0500,168.2449951171875,168.33999633789062,168.23500061035156,168.30499267578125,168.30499267578125,40323
2023-01-20-15-48-00 GMT-0500,168.29800415039062,168.38999938964844,168.27999877929688,168.32000732421875,168.32000732421875,41160
2023-01-20-15-49-00 GMT-0500,168.31500244140625,168.38999938964844,168.31500244140625,168.3350067138672,168.3350067138672,37444
2023-01-20-15-50-00 GMT-0500,168.3300018310547,168.3300018310547,168.18800354003906,168.2949981689453,168.2949981689453,64276
2023-01-20-15-51-00 GMT-0500,168.2949981689453,168.3000030517578,168.24000549316406,168.2899932861328,168.2899932861328,46961
2023-01-20-15-52-00 GMT-0500,168.27000427246094,168.35000610351562,168.24000549316406,168.31500244140625,168.31500244140625,49820
2023-01-20-15-53-00 GMT-0500,168.31500244140625,168.3199005126953,168.27499389648438,168.27999877929688,168.27999877929688,35013
2023-01-20-15-54-00 GMT-0500,168.27000427246094,168.30499267578125,168.22999572753906,168.2449951171875,168.2449951171875,51362
2023-01-20-15-55-00 GMT-0500,168.2313995361328,168.41000366210938,168.2313995361328,168.36000061035156,168.36000061035156,67433
2023-01-20-15-56-00 GMT-0500,168.5050048828125,168.52999877929688,168.5,168.51499938964844,168.51499938964844,85867
2023-01-20-15-57-00 GMT-0500,168.52000427246094,168.5299072265625,168.42999267578125,168.48500061035156,168.48500061035156,79027
2023-01-20-15-58-00 GMT-0500,168.47999572753906,168.47999572753906,168.3000030517578,168.3000030517578,168.3000030517578,96228
2023-01-20-15-59-00 GMT-0500,168.30999755859375,168.75,168.30499267578125,168.6699981689453,168.6699981689453,337363
2023-01-20-16-00-00 GMT-0500,168.66,168.74,168.2,168.25,168.25,1574663
2023-01-20-16-01-00 GMT-0500,168.25,168.74,168.25,168.74,168.74,0
2023-01-20-16-02-00 GMT-0500,168.74,168.74,168.1615,168.74,168.74,0
2023-01-20-16-03-00 GMT-0500,168.7,168.7,168.4,168.4,168.4,0
2023-01-20-16-04-00 GMT-0500,168.49,168.5,168.49,168.49,168.49,0
2023-01-20-16-05-00 GMT-0500,168.5,168.51,168.5,168.51,168.51,0
2023-01-20-16-06-00 GMT-0500,168.5,168.7,168.5,168.7,168.7,0
2023-01-20-16-07-00 GMT-0500,168.53,168.74,168.53,168.74,168.74,0
2023-01-20-16-08-00 GMT-0500,168.6985,168.7,168.69,168.7,168.7,0
2023-01-20-16-09-00 GMT-0500,168.74,168.74,168.74,168.74,168.74,0
2023-01-20-16-10-00 GMT-0500,168.69,168.69,168.53,168.53,168.53,0
2023-01-20-16-11-00 GMT-0500,168.6,168.61,168.6,168.61,168.61,0
2023-01-20-16-12-00 GMT-0500,168.6,168.6085,168.6,168.6,168.6,0
2023-01-20-16-14-00 GMT-0500,168.53,168.61,168.53,168.61,168.61,0
2023-01-20-16-15-00 GMT-0500,168.74,168.74,168.61,168.61,168.61,0
2023-01-20-16-17-00 GMT-0500,168.58,168.61,168.58,168.58,168.58,0
2023-01-20-16-18-00 GMT-0500,168.6,168.6,168.6,168.6,168.6,0
2023-01-20-16-19-00 GMT-0500,168.74,168.74,168.7,168.7,168.7,0
2023-01-20-16-20-00 GMT-0500,168.7,168.7,168.58,168.7,168.7,0
2023-01-20-16-21-00 GMT-0500,168.57,168.7,168.57,168.7,168.7,0
2023-01-20-16-22-00 GMT-0500,168.7,168.7,168.7,168.7,168.7,0
2023-01-20-16-23-00 GMT-0500,168.74,168.74,168.68,168.68,168.68,0
2023-01-20-16-24-00 GMT-0500,168.69,168.69,168.68,168.68,168.68,0
2023-01-20-16-26-00 GMT-0500,168.69,168.7,168.57,168.68,168.68,0
2023-01-20-16-27-00 GMT-0500,168.69,168.69,168.69,168.69,168.69,0
2023-01-20-16-29-00 GMT-0500,168.64,168.64,168.64,168.64,168.64,0
2023-01-20-16-30-00 GMT-0500,168.64,168.67,168.64,168.67,168.67,0
2023-01-20-16-31-00 GMT-0500,168.58,168.58,168.56,168.56,168.56,0
2023-01-20-16-33-00 GMT-0500,168.57,168.57,168.57,168.57,168.57,0
2023-01-20-16-34-00 GMT-0500,168.5615,168.69,168.5615,168.69,168.69,0
2023-01-20-16-36-00 GMT-0500,168.69,168.69,168.56,168.56,168.56,0
2023-01-20-16-39-00 GMT-0500,168.63,168.63,168.63,168.63,168.63,0
2023-01-20-16-43-00 GMT-0500,168.5615,168.5615,168.5615,168.5615,168.5615,0
2023-01-20-16-44-00 GMT-0500,168.7,168.7,168.63,168.63,168.63,0
2023-01-20-16-46-00 GMT-0500,168.65,168.65,168.65,168.65,168.65,0
2023-01-20-16-48-00 GMT-0500,168.63,168.63,168.6,168.6,168.6,0
2023-01-20-16-49-00 GMT-0500,168.6,168.69,168.59,168.59,168.59,0
2023-01-20-16-50-00 GMT-0500,168.66,168.66,168.66,168.66,168.66,0
2023-01-20-16-52-00 GMT-0500,168.65,168.69,168.65,168.69,168.69,0
2023-01-20-16-54-00 GMT-0500,168.65,168.65,168.64,168.64,168.64,0
2023-01-20-17-02-00 GMT-0500,168.68,168.74,168.65,168.65,168.65,0
2023-01-20-17-07-00 GMT-0500,168.59,168.6885,168.59,168.6885,168.6885,0
2023-01-20-17-10-00 GMT-0500,168.69,168.69,168.6,168.6,168.6,0
2023-01-20-17-13-00 GMT-0500,168.58,168.58,168.58,168.58,168.58,0
2023-01-20-17-16-00 GMT-0500,168.5715,168.5715,168.5715,168.5715,168.5715,0
2023-01-20-17-17-00 GMT-0500,168.7,168.7,168.57,168.57,168.57,0
2023-01-20-17-18-00 GMT-0500,168.65,168.7,168.57,168.7,168.7,0
2023-01-20-17-20-00 GMT-0500,168.65,168.66,168.65,168.66,168.66,0
2023-01-20-17-21-00 GMT-0500,168.68,168.68,168.65,168.65,168.65,0
2023-01-20-17-24-00 GMT-0500,168.65,168.65,168.6,168.6,168.6,0
2023-01-20-17-26-00 GMT-0500,168.66,168.7,168.66,168.7,168.7,0
2023-01-20-17-27-00 GMT-0500,168.6873,168.6873,168.6873,168.6873,168.6873,0
2023-01-20-17-28-00 GMT-0500,168.66,168.686,168.66,168.686,168.686,0
2023-01-20-17-30-00 GMT-0500,168.7,168.72,168.7,168.72,168.72,0
2023-01-20-17-31-00 GMT-0500,168.684,168.7,168.68,168.7,168.7,0
2023-01-20-17-34-00 GMT-0500,168.68,168.7,168.68,168.7,168.7,0
2023-01-20-17-37-00 GMT-0500,168.7,168.7,168.66,168.66,168.66,0
2023-01-20-17-52-00 GMT-0500,168.68,168.68,168.68,168.68,168.68,0
2023-01-20-17-53-00 GMT-0500,168.62,168.62,168.62,168.62,168.62,0
2023-01-20-17-54-00 GMT-0500,168.63,168.66,168.62,168.66,168.66,0
2023-01-20-17-58-00 GMT-0500,168.66,168.68,168.62,168.68,168.68,0
2023-01-20-18-02-00 GMT-0500,168.6,168.7,168.6,168.7,168.7,0
2023-01-20-18-03-00 GMT-0500,168.65,168.7,168.6,168.7,168.7,0
2023-01-20-18-05-00 GMT-0500,168.7,168.7,168.66,168.68,168.68,0
2023-01-20-18-07-00 GMT-0500,168.72,168.73,168.71,168.73,168.73,0
2023-01-20-18-08-00 GMT-0500,168.72,168.74,168.72,168.74,168.74,0
2023-01-20-18-09-00 GMT-0500,168.74,168.74,168.73,168.74,168.74,0
2023-01-20-18-15-00 GMT-0500,168.73,168.74,168.73,168.74,168.74,0
2023-01-20-18-16-00 GMT-0500,168.73,168.73,168.73,168.73,168.73,0
2023-01-20-18-17-00 GMT-0500,168.74,168.74,168.72,168.74,168.74,0
2023-01-20-18-18-00 GMT-0500,168.73,168.74,168.73,168.73,168.73,0
2023-01-20-18-20-00 GMT-0500,168.72,168.72,168.7,168.7,168.7,0
2023-01-20-18-25-00 GMT-0500,168.73,168.73,168.72,168.72,168.72,0
2023-01-20-18-30-00 GMT-0500,168.73,168.73,168.7,168.7,168.7,0
2023-01-20-18-32-00 GMT-0500,168.73,168.73,168.71,168.71,168.71,0
2023-01-20-18-33-00 GMT-0500,168.72,168.72,168.72,168.72,168.72,0
2023-01-20-18-35-00 GMT-0500,168.72,168.73,168.72,168.73,168.73,0
2023-01-20-18-55-00 GMT-0500,168.7,168.7,168.68,168.68,168.68,0
2023-01-20-19-00-00 GMT-0500,168.65,168.7,168.6,168.6,168.6,0
2023-01-20-19-02-00 GMT-0500,168.69,168.7,168.69,168.7,168.7,0
2023-01-20-19-06-00 GMT-0500,168.7,168.7,168.6,168.6,168.6,0
2023-01-20-19-33-00 GMT-0500,168.7,168.75,168.7,168.75,168.75,0
2023-01-20-19-36-00 GMT-0500,168.75,168.75,168.75,168.75,168.75,0
2023-01-20-19-41-00 GMT-0500,168.7388,168.7388,168.7388,168.7388,168.7388,0
2023-01-20-19-43-00 GMT-0500,168.74,168.74,168.73,168.73,168.73,0
2023-01-20-19-49-00 GMT-0500,168.6,168.68,168.6,168.68,168.68,0
2023-01-20-19-51-00 GMT-0500,168.61,168.61,168.61,168.61,168.61,0
2023-01-20-19-57-00 GMT-0500,168.68,168.7,168.65,168.65,168.65,0
2023-01-20-19-59-00 GMT-0500,168.65,168.73,168.49,168.73,168.73,0
