Datetime,Open,High,Low,Close,Adj Close,Volume
2022-08-03-04-00-00 GMT-0400,105.37,105.37,104.95,105.0,105.0,0
2022-08-03-04-05-00 GMT-0400,104.94,105.07,104.9,104.9,104.9,0
2022-08-03-04-36-00 GMT-0400,104.97,105.0,104.97,105.0,105.0,0
2022-08-03-04-40-00 GMT-0400,105.0,105.0,104.95,104.95,104.95,0
2022-08-03-04-51-00 GMT-0400,104.94,105.3,104.94,105.09,105.09,0
2022-08-03-04-55-00 GMT-0400,105.14,105.17,105.14,105.17,105.17,0
2022-08-03-05-12-00 GMT-0400,105.24,105.24,105.2,105.24,105.24,0
2022-08-03-05-17-00 GMT-0400,105.24,105.36,105.24,105.29,105.29,0
2022-08-03-05-23-00 GMT-0400,105.6,105.6,105.5,105.5,105.5,0
2022-08-03-05-37-00 GMT-0400,105.5,105.56,105.5,105.56,105.56,0
2022-08-03-05-56-00 GMT-0400,105.58,105.59,105.51,105.59,105.59,0
2022-08-03-05-58-00 GMT-0400,105.58,105.61,105.5,105.57,105.57,0
2022-08-03-06-00-00 GMT-0400,105.5,105.54,105.5,105.54,105.54,0
2022-08-03-06-11-00 GMT-0400,105.57,105.57,105.57,105.57,105.57,0
2022-08-03-06-12-00 GMT-0400,105.5,105.5,105.45,105.45,105.45,0
2022-08-03-06-17-00 GMT-0400,105.47,105.47,105.47,105.47,105.47,0
2022-08-03-06-29-00 GMT-0400,105.57,105.6,105.46,105.6,105.6,0
2022-08-03-06-52-00 GMT-0400,105.49,105.5,105.49,105.5,105.5,0
2022-08-03-06-55-00 GMT-0400,105.41,105.41,105.41,105.41,105.41,0
2022-08-03-07-00-00 GMT-0400,105.4,105.49,105.36,105.45,105.45,0
2022-08-03-07-03-00 GMT-0400,105.44,105.45,105.44,105.45,105.45,0
2022-08-03-07-10-00 GMT-0400,105.5,105.57,105.5,105.57,105.57,0
2022-08-03-07-11-00 GMT-0400,105.46,105.5,105.46,105.5,105.5,0
2022-08-03-07-17-00 GMT-0400,105.55,105.55,105.55,105.55,105.55,0
2022-08-03-07-27-00 GMT-0400,105.45,105.55,105.45,105.55,105.55,0
2022-08-03-07-30-00 GMT-0400,105.63,105.63,105.37,105.51,105.51,0
2022-08-03-07-31-00 GMT-0400,105.49,105.51,105.4,105.4,105.4,0
2022-08-03-07-32-00 GMT-0400,105.51,105.51,105.4,105.51,105.51,0
2022-08-03-07-33-00 GMT-0400,105.46,105.54,105.46,105.54,105.54,0
2022-08-03-07-34-00 GMT-0400,105.4,105.4,105.35,105.36,105.36,0
2022-08-03-07-36-00 GMT-0400,105.33,105.39,105.33,105.39,105.39,0
2022-08-03-07-37-00 GMT-0400,105.39,105.39,105.39,105.39,105.39,0
2022-08-03-07-41-00 GMT-0400,105.34,105.34,105.32,105.32,105.32,0
2022-08-03-07-47-00 GMT-0400,105.31,105.4,105.31,105.4,105.4,0
2022-08-03-07-50-00 GMT-0400,105.38,105.39,105.38,105.39,105.39,0
2022-08-03-07-52-00 GMT-0400,105.4,105.4,105.36,105.39,105.39,0
2022-08-03-07-53-00 GMT-0400,105.35,105.36,105.35,105.36,105.36,0
2022-08-03-07-56-00 GMT-0400,105.34,105.34,105.34,105.34,105.34,0
2022-08-03-07-57-00 GMT-0400,105.37,105.42,105.37,105.42,105.42,0
2022-08-03-08-00-00 GMT-0400,105.44,105.8,104.8012,105.49,105.49,0
2022-08-03-08-01-00 GMT-0400,104.6,105.5,104.56,105.49,105.49,0
2022-08-03-08-02-00 GMT-0400,105.46,105.5,105.46,105.49,105.49,0
2022-08-03-08-04-00 GMT-0400,105.45,105.5,105.45,105.5,105.5,0
2022-08-03-08-07-00 GMT-0400,105.5,105.5,105.42,105.5,105.5,0
2022-08-03-08-09-00 GMT-0400,105.55,105.59,105.55,105.56,105.56,0
2022-08-03-08-10-00 GMT-0400,105.8,105.8,105.5,105.59,105.59,0
2022-08-03-08-12-00 GMT-0400,105.5,105.6,105.5,105.6,105.6,0
2022-08-03-08-13-00 GMT-0400,105.8,105.8,105.61,105.7988,105.7988,0
2022-08-03-08-15-00 GMT-0400,105.6,105.6,105.45,105.5,105.5,0
2022-08-03-08-18-00 GMT-0400,105.6,105.64,105.54,105.54,105.54,0
2022-08-03-08-19-00 GMT-0400,105.54,105.54,105.54,105.54,105.54,0
2022-08-03-08-20-00 GMT-0400,105.62,105.62,105.62,105.62,105.62,0
2022-08-03-08-21-00 GMT-0400,105.51,105.65,105.5,105.52,105.52,0
2022-08-03-08-23-00 GMT-0400,105.65,105.75,105.54,105.7,105.7,0
2022-08-03-08-24-00 GMT-0400,105.7,105.7,105.67,105.67,105.67,0
2022-08-03-08-25-00 GMT-0400,105.75,105.75,105.52,105.67,105.67,0
2022-08-03-08-26-00 GMT-0400,105.7,105.75,105.503,105.51,105.51,0
2022-08-03-08-27-00 GMT-0400,105.67,105.7,105.6,105.7,105.7,0
2022-08-03-08-28-00 GMT-0400,105.5003,105.7,105.5,105.5,105.5,0
2022-08-03-08-30-00 GMT-0400,105.5,105.7,105.5,105.6,105.6,0
2022-08-03-08-31-00 GMT-0400,105.67,105.67,105.51,105.51,105.51,0
2022-08-03-08-32-00 GMT-0400,105.55,105.75,105.55,105.75,105.75,0
2022-08-03-08-34-00 GMT-0400,105.52,105.7488,105.5,105.7488,105.7488,0
2022-08-03-08-36-00 GMT-0400,105.67,105.75,105.5,105.6,105.6,0
2022-08-03-08-38-00 GMT-0400,105.66,105.66,105.5,105.5,105.5,0
2022-08-03-08-40-00 GMT-0400,105.66,105.6691,105.66,105.6691,105.6691,0
2022-08-03-08-41-00 GMT-0400,105.51,105.57,105.51,105.5112,105.5112,0
2022-08-03-08-42-00 GMT-0400,105.66,105.66,105.56,105.56,105.56,0
2022-08-03-08-43-00 GMT-0400,105.6981,105.6981,105.6981,105.6981,105.6981,0
2022-08-03-08-44-00 GMT-0400,105.66,105.66,105.6,105.63,105.63,0
2022-08-03-08-45-00 GMT-0400,105.63,105.75,105.63,105.7175,105.7175,0
2022-08-03-08-46-00 GMT-0400,105.64,105.64,105.6,105.6,105.6,0
2022-08-03-08-47-00 GMT-0400,105.64,105.6933,105.63,105.63,105.63,0
2022-08-03-08-48-00 GMT-0400,105.65,105.65,105.6,105.6,105.6,0
2022-08-03-08-49-00 GMT-0400,105.6,105.694,105.6,105.694,105.694,0
2022-08-03-08-50-00 GMT-0400,105.6945,105.6945,105.66,105.66,105.66,0
2022-08-03-08-51-00 GMT-0400,105.56,105.74,105.56,105.74,105.74,0
2022-08-03-08-52-00 GMT-0400,105.688,105.75,105.65,105.65,105.65,0
2022-08-03-08-53-00 GMT-0400,105.7146,105.75,105.65,105.75,105.75,0
2022-08-03-08-54-00 GMT-0400,105.75,105.75,105.65,105.74,105.74,0
2022-08-03-08-56-00 GMT-0400,105.6,105.64,105.52,105.57,105.57,0
2022-08-03-08-57-00 GMT-0400,105.64,105.74,105.52,105.74,105.74,0
2022-08-03-08-58-00 GMT-0400,105.64,105.65,105.64,105.65,105.65,0
2022-08-03-08-59-00 GMT-0400,105.63,105.7,105.63,105.63,105.63,0
2022-08-03-09-00-00 GMT-0400,105.66,105.73,105.66,105.73,105.73,0
2022-08-03-09-01-00 GMT-0400,105.7,105.74,105.67,105.74,105.74,0
2022-08-03-09-02-00 GMT-0400,105.73,105.74,105.68,105.74,105.74,0
2022-08-03-09-03-00 GMT-0400,105.74,105.74,104.71,105.67,105.67,0
2022-08-03-09-04-00 GMT-0400,105.67,105.72,105.66,105.66,105.66,0
2022-08-03-09-05-00 GMT-0400,105.72,105.74,105.6,105.6,105.6,0
2022-08-03-09-06-00 GMT-0400,105.6,105.65,105.6,105.63,105.63,0
2022-08-03-09-07-00 GMT-0400,105.52,105.63,105.52,105.63,105.63,0
2022-08-03-09-08-00 GMT-0400,105.63,105.74,105.52,105.74,105.74,0
2022-08-03-09-09-00 GMT-0400,105.5212,105.73,105.52,105.73,105.73,0
2022-08-03-09-10-00 GMT-0400,105.5422,105.7,105.5422,105.7,105.7,0
2022-08-03-09-11-00 GMT-0400,105.6,105.73,105.6,105.73,105.73,0
2022-08-03-09-12-00 GMT-0400,105.72,105.73,105.68,105.73,105.73,0
2022-08-03-09-13-00 GMT-0400,105.71,105.75,105.71,105.75,105.75,0
2022-08-03-09-14-00 GMT-0400,105.73,105.75,105.73,105.73,105.73,0
2022-08-03-09-30-00 GMT-0400,105.7300033569336,106.18000030517578,105.7300033569336,106.13009643554688,106.13009643554688,219873
2022-08-03-09-31-00 GMT-0400,106.16999816894531,106.36000061035156,106.11000061035156,106.26000213623047,106.26000213623047,25025
2022-08-03-09-32-00 GMT-0400,106.26000213623047,106.75,106.25,106.44999694824219,106.44999694824219,113226
2022-08-03-09-33-00 GMT-0400,106.44999694824219,106.63500213623047,106.41000366210938,106.44000244140625,106.44000244140625,29210
2022-08-03-09-34-00 GMT-0400,106.45999908447266,106.58000183105469,106.33999633789062,106.51000213623047,106.51000213623047,41452
2022-08-03-09-35-00 GMT-0400,106.51000213623047,106.8490982055664,106.44000244140625,106.73999786376953,106.73999786376953,84408
2022-08-03-09-36-00 GMT-0400,106.78500366210938,107.08000183105469,106.66000366210938,106.9800033569336,106.9800033569336,75819
2022-08-03-09-37-00 GMT-0400,106.98999786376953,107.23999786376953,106.9760971069336,107.09500122070312,107.09500122070312,29241
2022-08-03-09-38-00 GMT-0400,107.09500122070312,107.29000091552734,107.09500122070312,107.25,107.25,38821
2022-08-03-09-39-00 GMT-0400,107.2300033569336,107.43000030517578,107.2249984741211,107.28500366210938,107.28500366210938,31295
2022-08-03-09-40-00 GMT-0400,107.27999877929688,107.4000015258789,107.23500061035156,107.31999969482422,107.31999969482422,43344
2022-08-03-09-41-00 GMT-0400,107.29499816894531,107.66999816894531,107.27999877929688,107.61000061035156,107.61000061035156,62541
2022-08-03-09-42-00 GMT-0400,107.6050033569336,107.66999816894531,107.51000213623047,107.5999984741211,107.5999984741211,57393
2022-08-03-09-43-00 GMT-0400,107.62000274658203,107.77999877929688,107.56999969482422,107.69999694824219,107.69999694824219,49002
2022-08-03-09-44-00 GMT-0400,107.69000244140625,107.72000122070312,107.52999877929688,107.55999755859375,107.55999755859375,33805
2022-08-03-09-45-00 GMT-0400,107.54499816894531,107.8499984741211,107.54000091552734,107.62999725341797,107.62999725341797,47420
2022-08-03-09-46-00 GMT-0400,107.59500122070312,107.59500122070312,107.33000183105469,107.36000061035156,107.36000061035156,48568
2022-08-03-09-47-00 GMT-0400,107.37000274658203,107.4000015258789,107.08999633789062,107.37000274658203,107.37000274658203,64831
2022-08-03-09-48-00 GMT-0400,107.36000061035156,107.4800033569336,107.3499984741211,107.45999908447266,107.45999908447266,30458
2022-08-03-09-49-00 GMT-0400,107.45999908447266,107.5,107.41000366210938,107.43000030517578,107.43000030517578,27275
2022-08-03-09-50-00 GMT-0400,107.41999816894531,107.63999938964844,107.41000366210938,107.59230041503906,107.59230041503906,66740
2022-08-03-09-51-00 GMT-0400,107.5999984741211,107.69000244140625,107.48999786376953,107.52999877929688,107.52999877929688,30428
2022-08-03-09-52-00 GMT-0400,107.5199966430664,107.55999755859375,107.47000122070312,107.51000213623047,107.51000213623047,28140
2022-08-03-09-53-00 GMT-0400,107.51000213623047,107.52999877929688,107.44999694824219,107.48999786376953,107.48999786376953,39494
2022-08-03-09-54-00 GMT-0400,107.51000213623047,107.58000183105469,107.48999786376953,107.5,107.5,11784
2022-08-03-09-55-00 GMT-0400,107.51000213623047,107.56990051269531,107.4800033569336,107.51000213623047,107.51000213623047,17894
2022-08-03-09-56-00 GMT-0400,107.52999877929688,107.70999908447266,107.52999877929688,107.69000244140625,107.69000244140625,26665
2022-08-03-09-57-00 GMT-0400,107.68000030517578,107.83000183105469,107.65010070800781,107.69999694824219,107.69999694824219,47876
2022-08-03-09-58-00 GMT-0400,107.69499969482422,107.79989624023438,107.63999938964844,107.66999816894531,107.66999816894531,23845
2022-08-03-09-59-00 GMT-0400,107.6500015258789,107.66000366210938,107.58000183105469,107.6500015258789,107.6500015258789,24776
2022-08-03-10-00-00 GMT-0400,107.6500015258789,107.70999908447266,107.41999816894531,107.5199966430664,107.5199966430664,67008
2022-08-03-10-01-00 GMT-0400,107.52999877929688,107.63990020751953,107.45999908447266,107.4800033569336,107.4800033569336,25072
2022-08-03-10-02-00 GMT-0400,107.4800033569336,107.80000305175781,107.45999908447266,107.76000213623047,107.76000213623047,32852
2022-08-03-10-03-00 GMT-0400,107.76000213623047,107.91999816894531,107.75,107.91000366210938,107.91000366210938,31658
2022-08-03-10-04-00 GMT-0400,107.90010070800781,107.90010070800781,107.70590209960938,107.75,107.75,34398
2022-08-03-10-05-00 GMT-0400,107.75,107.91000366210938,107.75,107.82499694824219,107.82499694824219,28414
2022-08-03-10-06-00 GMT-0400,107.83999633789062,107.87000274658203,107.80999755859375,107.8447036743164,107.8447036743164,17201
2022-08-03-10-07-00 GMT-0400,107.83999633789062,107.88990020751953,107.77999877929688,107.83869934082031,107.83869934082031,16737
2022-08-03-10-08-00 GMT-0400,107.82420349121094,107.86499786376953,107.76000213623047,107.8499984741211,107.8499984741211,18400
2022-08-03-10-09-00 GMT-0400,107.8499984741211,107.85810089111328,107.75,107.83999633789062,107.83999633789062,20408
2022-08-03-10-10-00 GMT-0400,107.86000061035156,107.97899627685547,107.8550033569336,107.94999694824219,107.94999694824219,21214
2022-08-03-10-11-00 GMT-0400,107.94000244140625,107.9800033569336,107.93000030517578,107.94000244140625,107.94000244140625,16410
2022-08-03-10-12-00 GMT-0400,107.94000244140625,107.94000244140625,107.81999969482422,107.84130096435547,107.84130096435547,18945
2022-08-03-10-13-00 GMT-0400,107.86000061035156,107.91000366210938,107.80999755859375,107.8550033569336,107.8550033569336,18532
2022-08-03-10-14-00 GMT-0400,107.8499984741211,107.9000015258789,107.80000305175781,107.8499984741211,107.8499984741211,24966
2022-08-03-10-15-00 GMT-0400,107.8550033569336,107.9000015258789,107.76000213623047,107.81999969482422,107.81999969482422,35150
2022-08-03-10-16-00 GMT-0400,107.81999969482422,107.83000183105469,107.62000274658203,107.65180206298828,107.65180206298828,29993
2022-08-03-10-17-00 GMT-0400,107.6500015258789,107.6500015258789,107.4800033569336,107.4800033569336,107.4800033569336,30529
2022-08-03-10-18-00 GMT-0400,107.46189880371094,107.52999877929688,107.31999969482422,107.33999633789062,107.33999633789062,26502
2022-08-03-10-19-00 GMT-0400,107.33000183105469,107.33000183105469,107.16999816894531,107.16999816894531,107.16999816894531,38607
2022-08-03-10-20-00 GMT-0400,107.18000030517578,107.19999694824219,107.05999755859375,107.18000030517578,107.18000030517578,26633
2022-08-03-10-21-00 GMT-0400,107.16500091552734,107.22129821777344,107.09500122070312,107.22000122070312,107.22000122070312,16031
2022-08-03-10-22-00 GMT-0400,107.20999908447266,107.20999908447266,107.0614013671875,107.1072998046875,107.1072998046875,26492
2022-08-03-10-23-00 GMT-0400,107.0999984741211,107.18569946289062,107.06999969482422,107.12999725341797,107.12999725341797,20609
2022-08-03-10-24-00 GMT-0400,107.12999725341797,107.18000030517578,107.11000061035156,107.16000366210938,107.16000366210938,16224
2022-08-03-10-25-00 GMT-0400,107.18000030517578,107.19999694824219,107.12999725341797,107.16999816894531,107.16999816894531,16293
2022-08-03-10-26-00 GMT-0400,107.19000244140625,107.22989654541016,107.0999984741211,107.16500091552734,107.16500091552734,20491
2022-08-03-10-27-00 GMT-0400,107.18000030517578,107.20999908447266,107.1500015258789,107.16000366210938,107.16000366210938,16545
2022-08-03-10-28-00 GMT-0400,107.16000366210938,107.25499725341797,107.12999725341797,107.25,107.25,21060
2022-08-03-10-29-00 GMT-0400,107.26399993896484,107.27999877929688,107.19000244140625,107.22000122070312,107.22000122070312,20512
2022-08-03-10-30-00 GMT-0400,107.19000244140625,107.33499908447266,107.1780014038086,107.30999755859375,107.30999755859375,187656
2022-08-03-10-31-00 GMT-0400,107.31999969482422,107.31999969482422,107.11000061035156,107.19999694824219,107.19999694824219,24816
2022-08-03-10-32-00 GMT-0400,107.19499969482422,107.23999786376953,107.12999725341797,107.13999938964844,107.13999938964844,14813
2022-08-03-10-33-00 GMT-0400,107.13999938964844,107.15699768066406,107.05000305175781,107.05999755859375,107.05999755859375,12928
2022-08-03-10-34-00 GMT-0400,107.05000305175781,107.08000183105469,106.95999908447266,107.04550170898438,107.04550170898438,54522
2022-08-03-10-35-00 GMT-0400,107.05999755859375,107.10900115966797,106.88849639892578,106.88849639892578,106.88849639892578,23440
2022-08-03-10-36-00 GMT-0400,106.87000274658203,107.0199966430664,106.81999969482422,107.0,107.0,25497
2022-08-03-10-37-00 GMT-0400,106.98999786376953,107.20989990234375,106.98999786376953,107.17269897460938,107.17269897460938,29221
2022-08-03-10-38-00 GMT-0400,107.18000030517578,107.2750015258789,107.16999816894531,107.2750015258789,107.2750015258789,29213
2022-08-03-10-39-00 GMT-0400,107.27999877929688,107.30000305175781,107.20999908447266,107.2699966430664,107.2699966430664,19494
2022-08-03-10-40-00 GMT-0400,107.29000091552734,107.30999755859375,107.12999725341797,107.18000030517578,107.18000030517578,31161
2022-08-03-10-41-00 GMT-0400,107.16000366210938,107.2698974609375,107.12000274658203,107.2300033569336,107.2300033569336,10965
2022-08-03-10-42-00 GMT-0400,107.25990295410156,107.3499984741211,107.25499725341797,107.2699966430664,107.2699966430664,9718
2022-08-03-10-43-00 GMT-0400,107.26000213623047,107.27999877929688,107.2300033569336,107.26000213623047,107.26000213623047,11687
2022-08-03-10-44-00 GMT-0400,107.27999877929688,107.33000183105469,107.26309967041016,107.27999877929688,107.27999877929688,19262
2022-08-03-10-45-00 GMT-0400,107.26000213623047,107.36000061035156,107.23999786376953,107.36000061035156,107.36000061035156,15747
2022-08-03-10-46-00 GMT-0400,107.36000061035156,107.45999908447266,107.3499984741211,107.40840148925781,107.40840148925781,11293
2022-08-03-10-47-00 GMT-0400,107.41999816894531,107.44999694824219,107.36000061035156,107.36000061035156,107.36000061035156,14834
2022-08-03-10-48-00 GMT-0400,107.32649993896484,107.37000274658203,107.31999969482422,107.36009979248047,107.36009979248047,9482
2022-08-03-10-49-00 GMT-0400,107.36000061035156,107.43579864501953,107.36000061035156,107.38749694824219,107.38749694824219,13955
2022-08-03-10-50-00 GMT-0400,107.38999938964844,107.52999877929688,107.37000274658203,107.51380157470703,107.51380157470703,21746
2022-08-03-10-51-00 GMT-0400,107.50029754638672,107.55999755859375,107.4845962524414,107.52999877929688,107.52999877929688,21084
2022-08-03-10-52-00 GMT-0400,107.52999877929688,107.58000183105469,107.4800033569336,107.58000183105469,107.58000183105469,15916
2022-08-03-10-53-00 GMT-0400,107.58000183105469,107.58000183105469,107.46499633789062,107.5,107.5,26066
2022-08-03-10-54-00 GMT-0400,107.5,107.5,107.44999694824219,107.45999908447266,107.45999908447266,5775
2022-08-03-10-55-00 GMT-0400,107.47000122070312,107.56999969482422,107.47000122070312,107.54499816894531,107.54499816894531,15561
2022-08-03-10-56-00 GMT-0400,107.55999755859375,107.56999969482422,107.52999877929688,107.55000305175781,107.55000305175781,12725
2022-08-03-10-57-00 GMT-0400,107.54000091552734,107.55000305175781,107.47000122070312,107.5199966430664,107.5199966430664,35280
2022-08-03-10-58-00 GMT-0400,107.51000213623047,107.5250015258789,107.47000122070312,107.47270202636719,107.47270202636719,25407
2022-08-03-10-59-00 GMT-0400,107.47000122070312,107.4800033569336,107.42500305175781,107.47000122070312,107.47000122070312,25576
2022-08-03-11-00-00 GMT-0400,107.4800033569336,107.51529693603516,107.44000244140625,107.47000122070312,107.47000122070312,9994
2022-08-03-11-01-00 GMT-0400,107.5,107.53839874267578,107.43009948730469,107.45999908447266,107.45999908447266,10084
2022-08-03-11-02-00 GMT-0400,107.45500183105469,107.5521011352539,107.44999694824219,107.54000091552734,107.54000091552734,12033
2022-08-03-11-03-00 GMT-0400,107.54000091552734,107.54000091552734,107.41000366210938,107.41999816894531,107.41999816894531,43847
2022-08-03-11-04-00 GMT-0400,107.43000030517578,107.48999786376953,107.4000015258789,107.48500061035156,107.48500061035156,17688
2022-08-03-11-05-00 GMT-0400,107.48999786376953,107.55999755859375,107.4811019897461,107.5386962890625,107.5386962890625,14977
2022-08-03-11-06-00 GMT-0400,107.52999877929688,107.52999877929688,107.4800033569336,107.5,107.5,29670
2022-08-03-11-07-00 GMT-0400,107.5,107.5199966430664,107.48500061035156,107.48500061035156,107.48500061035156,16092
2022-08-03-11-08-00 GMT-0400,107.48999786376953,107.6500015258789,107.48999786376953,107.63770294189453,107.63770294189453,12888
2022-08-03-11-09-00 GMT-0400,107.63999938964844,107.66850280761719,107.62000274658203,107.62999725341797,107.62999725341797,10541
2022-08-03-11-10-00 GMT-0400,107.6500015258789,107.6500015258789,107.58599853515625,107.58999633789062,107.58999633789062,10384
2022-08-03-11-11-00 GMT-0400,107.58999633789062,107.76000213623047,107.58999633789062,107.75,107.75,14824
2022-08-03-11-12-00 GMT-0400,107.75,107.83000183105469,107.73999786376953,107.82499694824219,107.82499694824219,20982
2022-08-03-11-13-00 GMT-0400,107.83989715576172,107.91000366210938,107.80999755859375,107.83999633789062,107.83999633789062,13956
2022-08-03-11-14-00 GMT-0400,107.85559844970703,107.87999725341797,107.80999755859375,107.81999969482422,107.81999969482422,16552
2022-08-03-11-15-00 GMT-0400,107.81999969482422,107.83799743652344,107.78700256347656,107.83799743652344,107.83799743652344,17903
2022-08-03-11-16-00 GMT-0400,107.80999755859375,107.87999725341797,107.79879760742188,107.8499984741211,107.8499984741211,10052
2022-08-03-11-17-00 GMT-0400,107.85590362548828,107.92990112304688,107.85590362548828,107.90499877929688,107.90499877929688,40879
2022-08-03-11-18-00 GMT-0400,107.91000366210938,107.94000244140625,107.8949966430664,107.94000244140625,107.94000244140625,21354
2022-08-03-11-19-00 GMT-0400,107.93830108642578,107.94999694824219,107.87999725341797,107.88009643554688,107.88009643554688,33206
2022-08-03-11-20-00 GMT-0400,107.87999725341797,107.87999725341797,107.80000305175781,107.82499694824219,107.82499694824219,17843
2022-08-03-11-21-00 GMT-0400,107.83000183105469,107.88999938964844,107.80899810791016,107.88500213623047,107.88500213623047,16952
2022-08-03-11-22-00 GMT-0400,107.88999938964844,107.94999694824219,107.88999938964844,107.91000366210938,107.91000366210938,16961
2022-08-03-11-23-00 GMT-0400,107.91999816894531,107.94000244140625,107.87999725341797,107.91000366210938,107.91000366210938,18138
2022-08-03-11-24-00 GMT-0400,107.9198989868164,107.95989990234375,107.9000015258789,107.93000030517578,107.93000030517578,13431
2022-08-03-11-25-00 GMT-0400,107.93000030517578,107.97270202636719,107.91500091552734,107.97000122070312,107.97000122070312,17103
2022-08-03-11-26-00 GMT-0400,107.97000122070312,108.04769897460938,107.97000122070312,108.04769897460938,108.04769897460938,90925
2022-08-03-11-27-00 GMT-0400,108.04499816894531,108.19000244140625,108.03990173339844,108.16999816894531,108.16999816894531,24700
2022-08-03-11-28-00 GMT-0400,108.18000030517578,108.20690155029297,108.11000061035156,108.11000061035156,108.11000061035156,12501
2022-08-03-11-29-00 GMT-0400,108.0999984741211,108.0999984741211,108.03500366210938,108.05709838867188,108.05709838867188,14613
2022-08-03-11-30-00 GMT-0400,108.06269836425781,108.06990051269531,108.0199966430664,108.05999755859375,108.05999755859375,14486
2022-08-03-11-31-00 GMT-0400,108.05999755859375,108.06999969482422,108.0199966430664,108.0199966430664,108.0199966430664,19008
2022-08-03-11-32-00 GMT-0400,108.0199966430664,108.0999984741211,107.9800033569336,108.06999969482422,108.06999969482422,15429
2022-08-03-11-33-00 GMT-0400,108.06999969482422,108.06999969482422,108.00900268554688,108.0199966430664,108.0199966430664,9287
2022-08-03-11-34-00 GMT-0400,108.0199966430664,108.04949951171875,108.0,108.02999877929688,108.02999877929688,10369
2022-08-03-11-35-00 GMT-0400,108.02999877929688,108.18990325927734,108.02999877929688,108.16000366210938,108.16000366210938,25360
2022-08-03-11-36-00 GMT-0400,108.16999816894531,108.19999694824219,108.08000183105469,108.08000183105469,108.08000183105469,16987
2022-08-03-11-37-00 GMT-0400,108.05999755859375,108.08999633789062,108.02999877929688,108.02999877929688,108.02999877929688,9719
2022-08-03-11-38-00 GMT-0400,108.02999877929688,108.08999633789062,108.0,108.06999969482422,108.06999969482422,15281
2022-08-03-11-39-00 GMT-0400,108.05000305175781,108.05999755859375,108.0,108.04989624023438,108.04989624023438,10325
2022-08-03-11-40-00 GMT-0400,108.05000305175781,108.1500015258789,108.0199966430664,108.11000061035156,108.11000061035156,26610
2022-08-03-11-41-00 GMT-0400,108.08000183105469,108.13999938964844,108.05000305175781,108.125,108.125,22080
2022-08-03-11-42-00 GMT-0400,108.10009765625,108.21990203857422,108.0999984741211,108.20269775390625,108.20269775390625,39240
2022-08-03-11-43-00 GMT-0400,108.19999694824219,108.27999877929688,108.19999694824219,108.22000122070312,108.22000122070312,17535
2022-08-03-11-44-00 GMT-0400,108.22000122070312,108.25,108.19999694824219,108.22000122070312,108.22000122070312,10752
2022-08-03-11-45-00 GMT-0400,108.22000122070312,108.25,108.20999908447266,108.2249984741211,108.2249984741211,15802
2022-08-03-11-46-00 GMT-0400,108.21499633789062,108.2300033569336,108.17549896240234,108.17549896240234,108.17549896240234,16535
2022-08-03-11-47-00 GMT-0400,108.19000244140625,108.30000305175781,108.16999816894531,108.2699966430664,108.2699966430664,15884
2022-08-03-11-48-00 GMT-0400,108.27999877929688,108.27999877929688,108.1500015258789,108.17269897460938,108.17269897460938,12962
2022-08-03-11-49-00 GMT-0400,108.18000030517578,108.18000030517578,108.12000274658203,108.1270980834961,108.1270980834961,13638
2022-08-03-11-50-00 GMT-0400,108.12000274658203,108.13999938964844,108.06009674072266,108.09500122070312,108.09500122070312,12207
2022-08-03-11-51-00 GMT-0400,108.08999633789062,108.0999984741211,108.01000213623047,108.06999969482422,108.06999969482422,24102
2022-08-03-11-52-00 GMT-0400,108.05999755859375,108.0739974975586,107.9800033569336,107.98999786376953,107.98999786376953,26113
2022-08-03-11-53-00 GMT-0400,107.98999786376953,108.10220336914062,107.97000122070312,108.08000183105469,108.08000183105469,17841
2022-08-03-11-54-00 GMT-0400,108.06449890136719,108.08000183105469,108.05000305175781,108.05989837646484,108.05989837646484,13257
2022-08-03-11-55-00 GMT-0400,108.05999755859375,108.118896484375,108.03939819335938,108.11000061035156,108.11000061035156,12966
2022-08-03-11-56-00 GMT-0400,108.1500015258789,108.2699966430664,108.1500015258789,108.26000213623047,108.26000213623047,13710
2022-08-03-11-57-00 GMT-0400,108.2699966430664,108.2699966430664,108.20999908447266,108.2249984741211,108.2249984741211,9737
2022-08-03-11-58-00 GMT-0400,108.23500061035156,108.27999877929688,108.22000122070312,108.24759674072266,108.24759674072266,7953
2022-08-03-11-59-00 GMT-0400,108.23989868164062,108.23999786376953,108.16999816894531,108.21499633789062,108.21499633789062,8623
2022-08-03-12-00-00 GMT-0400,108.20999908447266,108.2300033569336,108.17500305175781,108.17500305175781,108.17500305175781,5838
2022-08-03-12-01-00 GMT-0400,108.16000366210938,108.27999877929688,108.1500015258789,108.25,108.25,6138
2022-08-03-12-02-00 GMT-0400,108.23999786376953,108.33999633789062,108.23999786376953,108.30999755859375,108.30999755859375,19633
2022-08-03-12-03-00 GMT-0400,108.30000305175781,108.30999755859375,108.17970275878906,108.19000244140625,108.19000244140625,22074
2022-08-03-12-04-00 GMT-0400,108.20999908447266,108.2699966430664,108.16999816894531,108.2699966430664,108.2699966430664,9675
2022-08-03-12-05-00 GMT-0400,108.29000091552734,108.36499786376953,108.27999877929688,108.34709930419922,108.34709930419922,15002
2022-08-03-12-06-00 GMT-0400,108.36000061035156,108.4000015258789,108.3499984741211,108.3499984741211,108.3499984741211,16932
2022-08-03-12-07-00 GMT-0400,108.3550033569336,108.36990356445312,108.30999755859375,108.3102035522461,108.3102035522461,11576
2022-08-03-12-08-00 GMT-0400,108.30999755859375,108.31999969482422,108.25,108.26370239257812,108.26370239257812,11644
2022-08-03-12-09-00 GMT-0400,108.26000213623047,108.26000213623047,108.22000122070312,108.25,108.25,14874
2022-08-03-12-10-00 GMT-0400,108.25499725341797,108.25499725341797,108.20449829101562,108.20999908447266,108.20999908447266,11167
2022-08-03-12-11-00 GMT-0400,108.20999908447266,108.21959686279297,108.05999755859375,108.08000183105469,108.08000183105469,15633
2022-08-03-12-12-00 GMT-0400,108.07550048828125,108.13999938964844,108.06600189208984,108.11000061035156,108.11000061035156,11892
2022-08-03-12-13-00 GMT-0400,108.12999725341797,108.15499877929688,108.1050033569336,108.1500015258789,108.1500015258789,12719
2022-08-03-12-14-00 GMT-0400,108.13999938964844,108.20999908447266,108.12999725341797,108.1449966430664,108.1449966430664,13649
2022-08-03-12-15-00 GMT-0400,108.1449966430664,108.18000030517578,108.12999725341797,108.14939880371094,108.14939880371094,12909
2022-08-03-12-16-00 GMT-0400,108.14910125732422,108.1500015258789,108.12999725341797,108.13999938964844,108.13999938964844,8470
2022-08-03-12-17-00 GMT-0400,108.14029693603516,108.19999694824219,108.12000274658203,108.19999694824219,108.19999694824219,10502
2022-08-03-12-18-00 GMT-0400,108.22000122070312,108.30000305175781,108.22000122070312,108.2699966430664,108.2699966430664,27919
2022-08-03-12-19-00 GMT-0400,108.29000091552734,108.4000015258789,108.29000091552734,108.38999938964844,108.38999938964844,13284
2022-08-03-12-20-00 GMT-0400,108.38999938964844,108.44000244140625,108.37999725341797,108.41999816894531,108.41999816894531,18108
2022-08-03-12-21-00 GMT-0400,108.43990325927734,108.48999786376953,108.4000015258789,108.48999786376953,108.48999786376953,49758
2022-08-03-12-22-00 GMT-0400,108.4800033569336,108.55999755859375,108.4800033569336,108.5,108.5,56633
2022-08-03-12-23-00 GMT-0400,108.49949645996094,108.56999969482422,108.49250030517578,108.52100372314453,108.52100372314453,24999
2022-08-03-12-24-00 GMT-0400,108.53170013427734,108.56500244140625,108.52999877929688,108.56089782714844,108.56089782714844,15523
2022-08-03-12-25-00 GMT-0400,108.56500244140625,108.56500244140625,108.5,108.5199966430664,108.5199966430664,20681
2022-08-03-12-26-00 GMT-0400,108.5199966430664,108.5199966430664,108.47000122070312,108.5,108.5,11376
2022-08-03-12-27-00 GMT-0400,108.50499725341797,108.51499938964844,108.4800033569336,108.48999786376953,108.48999786376953,16115
2022-08-03-12-28-00 GMT-0400,108.48999786376953,108.52999877929688,108.47000122070312,108.5198974609375,108.5198974609375,12818
2022-08-03-12-29-00 GMT-0400,108.51000213623047,108.55999755859375,108.51000213623047,108.5199966430664,108.5199966430664,17197
2022-08-03-12-30-00 GMT-0400,108.5199966430664,108.52999877929688,108.48999786376953,108.5250015258789,108.5250015258789,19639
2022-08-03-12-31-00 GMT-0400,108.53600311279297,108.58000183105469,108.52999877929688,108.55999755859375,108.55999755859375,21611
2022-08-03-12-32-00 GMT-0400,108.56999969482422,108.625,108.55999755859375,108.61499786376953,108.61499786376953,13781
2022-08-03-12-33-00 GMT-0400,108.61150360107422,108.72000122070312,108.56999969482422,108.70999908447266,108.70999908447266,21336
2022-08-03-12-34-00 GMT-0400,108.70500183105469,108.78500366210938,108.70500183105469,108.7699966430664,108.7699966430664,17947
2022-08-03-12-35-00 GMT-0400,108.7699966430664,108.80000305175781,108.72000122070312,108.80000305175781,108.80000305175781,27799
2022-08-03-12-36-00 GMT-0400,108.80000305175781,108.80000305175781,108.74500274658203,108.79499816894531,108.79499816894531,18215
2022-08-03-12-37-00 GMT-0400,108.77999877929688,108.86000061035156,108.77999877929688,108.86000061035156,108.86000061035156,15984
2022-08-03-12-38-00 GMT-0400,108.8499984741211,108.8499984741211,108.7699966430664,108.79000091552734,108.79000091552734,21367
2022-08-03-12-39-00 GMT-0400,108.79000091552734,108.81999969482422,108.75,108.81999969482422,108.81999969482422,18282
2022-08-03-12-40-00 GMT-0400,108.81999969482422,108.83999633789062,108.77999877929688,108.83000183105469,108.83000183105469,27924
2022-08-03-12-41-00 GMT-0400,108.83000183105469,108.85399627685547,108.81999969482422,108.83000183105469,108.83000183105469,11226
2022-08-03-12-42-00 GMT-0400,108.81999969482422,108.8499984741211,108.81999969482422,108.84100341796875,108.84100341796875,13658
2022-08-03-12-43-00 GMT-0400,108.8499984741211,108.88999938964844,108.8499984741211,108.88999938964844,108.88999938964844,16371
2022-08-03-12-44-00 GMT-0400,108.87999725341797,108.9000015258789,108.87999725341797,108.87999725341797,108.87999725341797,10846
2022-08-03-12-45-00 GMT-0400,108.87999725341797,108.91000366210938,108.83999633789062,108.91000366210938,108.91000366210938,19144
2022-08-03-12-46-00 GMT-0400,108.89009857177734,108.94000244140625,108.87999725341797,108.94000244140625,108.94000244140625,10959
2022-08-03-12-47-00 GMT-0400,108.93000030517578,108.9800033569336,108.91000366210938,108.91000366210938,108.91000366210938,17473
2022-08-03-12-48-00 GMT-0400,108.91999816894531,108.94000244140625,108.91000366210938,108.91000366210938,108.91000366210938,7548
2022-08-03-12-49-00 GMT-0400,108.91000366210938,108.97000122070312,108.91000366210938,108.96499633789062,108.96499633789062,8674
2022-08-03-12-50-00 GMT-0400,108.96499633789062,108.96499633789062,108.91000366210938,108.93000030517578,108.93000030517578,13047
2022-08-03-12-51-00 GMT-0400,108.93000030517578,108.98999786376953,108.90499877929688,108.98500061035156,108.98500061035156,33532
2022-08-03-12-52-00 GMT-0400,108.98999786376953,109.05000305175781,108.9800033569336,109.01850128173828,109.01850128173828,35157
2022-08-03-12-53-00 GMT-0400,109.01000213623047,109.06999969482422,109.01000213623047,109.02999877929688,109.02999877929688,31302
2022-08-03-12-54-00 GMT-0400,109.02999877929688,109.02999877929688,108.98570251464844,109.0,109.0,21344
2022-08-03-12-55-00 GMT-0400,109.01000213623047,109.06999969482422,108.99099731445312,109.05220031738281,109.05220031738281,12556
2022-08-03-12-56-00 GMT-0400,109.05000305175781,109.05000305175781,108.97000122070312,108.97000122070312,108.97000122070312,11460
2022-08-03-12-57-00 GMT-0400,108.96399688720703,108.98999786376953,108.95999908447266,108.9800033569336,108.9800033569336,12071
2022-08-03-12-58-00 GMT-0400,108.9800033569336,109.01000213623047,108.97000122070312,108.9800033569336,108.9800033569336,13940
2022-08-03-12-59-00 GMT-0400,108.9800033569336,108.98999786376953,108.94000244140625,108.95999908447266,108.95999908447266,21482
2022-08-03-13-00-00 GMT-0400,108.9800033569336,109.12000274658203,108.9800033569336,109.11000061035156,109.11000061035156,26152
2022-08-03-13-01-00 GMT-0400,109.12000274658203,109.19000244140625,109.08999633789062,109.11000061035156,109.11000061035156,23570
2022-08-03-13-02-00 GMT-0400,109.08999633789062,109.13999938964844,109.08000183105469,109.11499786376953,109.11499786376953,21042
2022-08-03-13-03-00 GMT-0400,109.11000061035156,109.11000061035156,109.06300354003906,109.06300354003906,109.06300354003906,12623
2022-08-03-13-04-00 GMT-0400,109.06999969482422,109.16999816894531,109.0698013305664,109.16000366210938,109.16000366210938,19681
2022-08-03-13-05-00 GMT-0400,109.15499877929688,109.20999908447266,109.15499877929688,109.19999694824219,109.19999694824219,17500
2022-08-03-13-06-00 GMT-0400,109.20999908447266,109.23809814453125,109.19000244140625,109.22000122070312,109.22000122070312,25126
2022-08-03-13-07-00 GMT-0400,109.23999786376953,109.30000305175781,109.23999786376953,109.2750015258789,109.2750015258789,21164
2022-08-03-13-08-00 GMT-0400,109.27999877929688,109.3499984741211,109.2699966430664,109.3499984741211,109.3499984741211,35792
2022-08-03-13-09-00 GMT-0400,109.36000061035156,109.36000061035156,109.29000091552734,109.31009674072266,109.31009674072266,17755
2022-08-03-13-10-00 GMT-0400,109.31999969482422,109.37999725341797,109.31999969482422,109.37000274658203,109.37000274658203,20674
2022-08-03-13-11-00 GMT-0400,109.37010192871094,109.41500091552734,109.37000274658203,109.4000015258789,109.4000015258789,28716
2022-08-03-13-12-00 GMT-0400,109.4000015258789,109.4198989868164,109.38999938964844,109.4197998046875,109.4197998046875,15630
2022-08-03-13-13-00 GMT-0400,109.41000366210938,109.41000366210938,109.33000183105469,109.4000015258789,109.4000015258789,25277
2022-08-03-13-14-00 GMT-0400,109.39869689941406,109.4800033569336,109.39869689941406,109.4800033569336,109.4800033569336,16062
2022-08-03-13-15-00 GMT-0400,109.48989868164062,109.51000213623047,109.44000244140625,109.5,109.5,23183
2022-08-03-13-16-00 GMT-0400,109.51000213623047,109.53500366210938,109.4677963256836,109.52999877929688,109.52999877929688,303297
2022-08-03-13-17-00 GMT-0400,109.52999877929688,109.55000305175781,109.5,109.54499816894531,109.54499816894531,21066
2022-08-03-13-18-00 GMT-0400,109.55000305175781,109.59500122070312,109.54000091552734,109.55000305175781,109.55000305175781,14837
2022-08-03-13-19-00 GMT-0400,109.55000305175781,109.55000305175781,109.43000030517578,109.44000244140625,109.44000244140625,21836
2022-08-03-13-20-00 GMT-0400,109.41999816894531,109.4800033569336,109.4000015258789,109.41999816894531,109.41999816894531,16031
2022-08-03-13-21-00 GMT-0400,109.4000015258789,109.41999816894531,109.32499694824219,109.3499984741211,109.3499984741211,21965
2022-08-03-13-22-00 GMT-0400,109.37000274658203,109.44000244140625,109.37000274658203,109.44000244140625,109.44000244140625,16777
2022-08-03-13-23-00 GMT-0400,109.43000030517578,109.43000030517578,109.37000274658203,109.40499877929688,109.40499877929688,13740
2022-08-03-13-24-00 GMT-0400,109.40499877929688,109.47000122070312,109.4000015258789,109.45999908447266,109.45999908447266,14211
2022-08-03-13-25-00 GMT-0400,109.45999908447266,109.54000091552734,109.44000244140625,109.54000091552734,109.54000091552734,31192
2022-08-03-13-26-00 GMT-0400,109.5199966430664,109.55000305175781,109.48999786376953,109.54010009765625,109.54010009765625,20673
2022-08-03-13-27-00 GMT-0400,109.55000305175781,109.62000274658203,109.55000305175781,109.5999984741211,109.5999984741211,34726
2022-08-03-13-28-00 GMT-0400,109.61000061035156,109.62000274658203,109.58999633789062,109.62000274658203,109.62000274658203,18151
2022-08-03-13-29-00 GMT-0400,109.62989807128906,109.62989807128906,109.56999969482422,109.56999969482422,109.56999969482422,18269
2022-08-03-13-30-00 GMT-0400,109.57839965820312,109.62940216064453,109.56430053710938,109.62940216064453,109.62940216064453,16438
2022-08-03-13-31-00 GMT-0400,109.62000274658203,109.62999725341797,109.58000183105469,109.58000183105469,109.58000183105469,43601
2022-08-03-13-32-00 GMT-0400,109.58999633789062,109.66220092773438,109.56999969482422,109.66220092773438,109.66220092773438,14306
2022-08-03-13-33-00 GMT-0400,109.6500015258789,109.66999816894531,109.63999938964844,109.6500015258789,109.6500015258789,23853
2022-08-03-13-34-00 GMT-0400,109.65499877929688,109.65499877929688,109.62999725341797,109.6500015258789,109.6500015258789,12612
2022-08-03-13-35-00 GMT-0400,109.63999938964844,109.6500015258789,109.61000061035156,109.63999938964844,109.63999938964844,24787
2022-08-03-13-36-00 GMT-0400,109.6500015258789,109.69999694824219,109.61499786376953,109.63500213623047,109.63500213623047,25359
2022-08-03-13-37-00 GMT-0400,109.62999725341797,109.66000366210938,109.5999984741211,109.66000366210938,109.66000366210938,21835
2022-08-03-13-38-00 GMT-0400,109.66000366210938,109.68000030517578,109.51000213623047,109.5199966430664,109.5199966430664,19737
2022-08-03-13-39-00 GMT-0400,109.51000213623047,109.56999969482422,109.4800033569336,109.55000305175781,109.55000305175781,17581
2022-08-03-13-40-00 GMT-0400,109.55729675292969,109.55729675292969,109.52999877929688,109.54989624023438,109.54989624023438,39875
2022-08-03-13-41-00 GMT-0400,109.54000091552734,109.55000305175781,109.33999633789062,109.33999633789062,109.33999633789062,29078
2022-08-03-13-42-00 GMT-0400,109.33999633789062,109.44000244140625,109.3364028930664,109.41000366210938,109.41000366210938,39089
2022-08-03-13-43-00 GMT-0400,109.43000030517578,109.43000030517578,109.30999755859375,109.3499984741211,109.3499984741211,12709
2022-08-03-13-44-00 GMT-0400,109.36000061035156,109.38999938964844,109.3499984741211,109.36000061035156,109.36000061035156,10473
2022-08-03-13-45-00 GMT-0400,109.3499984741211,109.37000274658203,109.31670379638672,109.32499694824219,109.32499694824219,6462
2022-08-03-13-46-00 GMT-0400,109.3218002319336,109.4000015258789,109.2699966430664,109.4000015258789,109.4000015258789,25438
2022-08-03-13-47-00 GMT-0400,109.38999938964844,109.44000244140625,109.372802734375,109.43000030517578,109.43000030517578,13936
2022-08-03-13-48-00 GMT-0400,109.44000244140625,109.44999694824219,109.42780303955078,109.44999694824219,109.44999694824219,10974
2022-08-03-13-49-00 GMT-0400,109.443603515625,109.52999877929688,109.44000244140625,109.5199966430664,109.5199966430664,19150
2022-08-03-13-50-00 GMT-0400,109.5199966430664,109.52999877929688,109.47000122070312,109.51000213623047,109.51000213623047,68046
2022-08-03-13-51-00 GMT-0400,109.51000213623047,109.56999969482422,109.48999786376953,109.52999877929688,109.52999877929688,18746
2022-08-03-13-52-00 GMT-0400,109.52999877929688,109.52999877929688,109.45999908447266,109.5,109.5,15423
2022-08-03-13-53-00 GMT-0400,109.50160217285156,109.56999969482422,109.4520034790039,109.4520034790039,109.4520034790039,49195
2022-08-03-13-54-00 GMT-0400,109.46499633789062,109.48999786376953,109.4540023803711,109.46990203857422,109.46990203857422,11411
2022-08-03-13-55-00 GMT-0400,109.47000122070312,109.4800033569336,109.375,109.375,109.375,37070
2022-08-03-13-56-00 GMT-0400,109.41000366210938,109.45999908447266,109.36000061035156,109.44499969482422,109.44499969482422,39916
2022-08-03-13-57-00 GMT-0400,109.45999908447266,109.48999786376953,109.44999694824219,109.4800033569336,109.4800033569336,21750
2022-08-03-13-58-00 GMT-0400,109.4800033569336,109.50499725341797,109.45020294189453,109.5,109.5,8398
2022-08-03-13-59-00 GMT-0400,109.5,109.51010131835938,109.44999694824219,109.44999694824219,109.44999694824219,11655
2022-08-03-14-00-00 GMT-0400,109.45500183105469,109.45999908447266,109.1500015258789,109.15010070800781,109.15010070800781,39950
2022-08-03-14-01-00 GMT-0400,109.1500015258789,109.33499908447266,109.1500015258789,109.33499908447266,109.33499908447266,17252
2022-08-03-14-02-00 GMT-0400,109.36000061035156,109.38999938964844,109.30000305175781,109.37999725341797,109.37999725341797,11934
2022-08-03-14-03-00 GMT-0400,109.38929748535156,109.39990234375,109.24829864501953,109.27999877929688,109.27999877929688,10999
2022-08-03-14-04-00 GMT-0400,109.2791976928711,109.30000305175781,109.2300033569336,109.25,109.25,63947
2022-08-03-14-05-00 GMT-0400,109.24600219726562,109.30000305175781,109.23999786376953,109.29499816894531,109.29499816894531,18551
2022-08-03-14-06-00 GMT-0400,109.29000091552734,109.30000305175781,109.18000030517578,109.20999908447266,109.20999908447266,11522
2022-08-03-14-07-00 GMT-0400,109.20999908447266,109.22329711914062,109.18000030517578,109.22000122070312,109.22000122070312,8722
2022-08-03-14-08-00 GMT-0400,109.21499633789062,109.26000213623047,109.16999816894531,109.16999816894531,109.16999816894531,8114
2022-08-03-14-09-00 GMT-0400,109.16999816894531,109.19499969482422,109.0999984741211,109.19499969482422,109.19499969482422,14904
2022-08-03-14-10-00 GMT-0400,109.20999908447266,109.25,109.19999694824219,109.25,109.25,26563
2022-08-03-14-11-00 GMT-0400,109.25,109.2699966430664,109.11000061035156,109.11000061035156,109.11000061035156,20984
2022-08-03-14-12-00 GMT-0400,109.12339782714844,109.19000244140625,109.1050033569336,109.1500015258789,109.1500015258789,8521
2022-08-03-14-13-00 GMT-0400,109.13999938964844,109.19000244140625,109.05000305175781,109.19000244140625,109.19000244140625,17356
2022-08-03-14-14-00 GMT-0400,109.20999908447266,109.26000213623047,109.19000244140625,109.19999694824219,109.19999694824219,13582
2022-08-03-14-15-00 GMT-0400,109.19499969482422,109.20999908447266,109.13999938964844,109.18000030517578,109.18000030517578,18956
2022-08-03-14-16-00 GMT-0400,109.20999908447266,109.22000122070312,109.14360046386719,109.1500015258789,109.1500015258789,12376
2022-08-03-14-17-00 GMT-0400,109.14730072021484,109.16999816894531,109.1417007446289,109.16500091552734,109.16500091552734,17764
2022-08-03-14-18-00 GMT-0400,109.16000366210938,109.19999694824219,109.12999725341797,109.15070343017578,109.15070343017578,13786
2022-08-03-14-19-00 GMT-0400,109.1500015258789,109.19000244140625,109.1500015258789,109.18000030517578,109.18000030517578,8686
2022-08-03-14-20-00 GMT-0400,109.20999908447266,109.22000122070312,109.16000366210938,109.16999816894531,109.16999816894531,6542
2022-08-03-14-21-00 GMT-0400,109.16999816894531,109.18000030517578,109.13999938964844,109.16000366210938,109.16000366210938,13739
2022-08-03-14-22-00 GMT-0400,109.12999725341797,109.12999725341797,108.9800033569336,108.98999786376953,108.98999786376953,36181
2022-08-03-14-23-00 GMT-0400,108.98999786376953,109.02159881591797,108.94840240478516,109.01000213623047,109.01000213623047,16239
2022-08-03-14-24-00 GMT-0400,109.00499725341797,109.01000213623047,108.9800033569336,108.9800033569336,108.9800033569336,5927
2022-08-03-14-25-00 GMT-0400,108.97969818115234,109.04000091552734,108.97969818115234,109.03500366210938,109.03500366210938,42678
2022-08-03-14-26-00 GMT-0400,109.03500366210938,109.06099700927734,108.83999633789062,108.87000274658203,108.87000274658203,80736
2022-08-03-14-27-00 GMT-0400,108.86499786376953,108.86499786376953,108.77999877929688,108.77999877929688,108.77999877929688,58619
2022-08-03-14-28-00 GMT-0400,108.78150177001953,108.83999633789062,108.78150177001953,108.80000305175781,108.80000305175781,23959
2022-08-03-14-29-00 GMT-0400,108.79000091552734,108.87590026855469,108.79000091552734,108.8499984741211,108.8499984741211,17878
2022-08-03-14-30-00 GMT-0400,108.83190155029297,108.87000274658203,108.82499694824219,108.84500122070312,108.84500122070312,15138
2022-08-03-14-31-00 GMT-0400,108.8499984741211,108.94999694824219,108.8499984741211,108.88999938964844,108.88999938964844,25560
2022-08-03-14-32-00 GMT-0400,108.8760986328125,108.98999786376953,108.8760986328125,108.97000122070312,108.97000122070312,17006
2022-08-03-14-33-00 GMT-0400,108.97000122070312,109.01850128173828,108.97000122070312,108.98999786376953,108.98999786376953,15072
2022-08-03-14-34-00 GMT-0400,108.98999786376953,109.0199966430664,108.9800033569336,109.01000213623047,109.01000213623047,12317
2022-08-03-14-35-00 GMT-0400,109.0,109.00360107421875,108.86000061035156,108.88999938964844,108.88999938964844,10628
2022-08-03-14-36-00 GMT-0400,108.9010009765625,108.94000244140625,108.87000274658203,108.87000274658203,108.87000274658203,27615
2022-08-03-14-37-00 GMT-0400,108.88999938964844,108.9000015258789,108.83999633789062,108.8550033569336,108.8550033569336,13916
2022-08-03-14-38-00 GMT-0400,108.86199951171875,108.88500213623047,108.83470153808594,108.87000274658203,108.87000274658203,8881
2022-08-03-14-39-00 GMT-0400,108.87999725341797,108.87999725341797,108.77999877929688,108.79000091552734,108.79000091552734,26271
2022-08-03-14-40-00 GMT-0400,108.78500366210938,108.83000183105469,108.7593002319336,108.76969909667969,108.76969909667969,14054
2022-08-03-14-41-00 GMT-0400,108.7699966430664,108.87999725341797,108.7699966430664,108.87000274658203,108.87000274658203,59639
2022-08-03-14-42-00 GMT-0400,108.86199951171875,108.94000244140625,108.86000061035156,108.87809753417969,108.87809753417969,24432
2022-08-03-14-43-00 GMT-0400,108.87960052490234,108.87999725341797,108.79499816894531,108.80999755859375,108.80999755859375,18582
2022-08-03-14-44-00 GMT-0400,108.82499694824219,108.86000061035156,108.80999755859375,108.81009674072266,108.81009674072266,10955
2022-08-03-14-45-00 GMT-0400,108.80000305175781,108.80999755859375,108.67150115966797,108.70500183105469,108.70500183105469,19894
2022-08-03-14-46-00 GMT-0400,108.70999908447266,108.83000183105469,108.70999908447266,108.83000183105469,108.83000183105469,13167
2022-08-03-14-47-00 GMT-0400,108.83999633789062,108.91000366210938,108.83000183105469,108.9000015258789,108.9000015258789,13357
2022-08-03-14-48-00 GMT-0400,108.9000015258789,108.93000030517578,108.88999938964844,108.91500091552734,108.91500091552734,36884
2022-08-03-14-49-00 GMT-0400,108.91500091552734,108.97000122070312,108.91500091552734,108.97000122070312,108.97000122070312,27713
2022-08-03-14-50-00 GMT-0400,108.97000122070312,109.0250015258789,108.95999908447266,109.00599670410156,109.00599670410156,25545
2022-08-03-14-51-00 GMT-0400,109.0199966430664,109.10990142822266,109.01399993896484,109.08999633789062,109.08999633789062,39537
2022-08-03-14-52-00 GMT-0400,109.06500244140625,109.12999725341797,109.06500244140625,109.08000183105469,109.08000183105469,43923
2022-08-03-14-53-00 GMT-0400,109.0886001586914,109.1449966430664,109.0636978149414,109.12999725341797,109.12999725341797,58500
2022-08-03-14-54-00 GMT-0400,109.12640380859375,109.18000030517578,109.11360168457031,109.177001953125,109.177001953125,35401
2022-08-03-14-55-00 GMT-0400,109.18000030517578,109.18000030517578,109.10820007324219,109.13999938964844,109.13999938964844,33710
2022-08-03-14-56-00 GMT-0400,109.1500015258789,109.2300033569336,109.12999725341797,109.19999694824219,109.19999694824219,56015
2022-08-03-14-57-00 GMT-0400,109.19499969482422,109.20999908447266,109.08000183105469,109.08000183105469,109.08000183105469,22108
2022-08-03-14-58-00 GMT-0400,109.05999755859375,109.18000030517578,109.05500030517578,109.18000030517578,109.18000030517578,29903
2022-08-03-14-59-00 GMT-0400,109.16999816894531,109.16999816894531,109.08499908447266,109.12999725341797,109.12999725341797,44107
2022-08-03-15-00-00 GMT-0400,109.12010192871094,109.18499755859375,109.11000061035156,109.12000274658203,109.12000274658203,17003
2022-08-03-15-01-00 GMT-0400,109.11000061035156,109.16000366210938,109.08999633789062,109.12999725341797,109.12999725341797,13611
2022-08-03-15-02-00 GMT-0400,109.13999938964844,109.17990112304688,109.12999725341797,109.15969848632812,109.15969848632812,12539
2022-08-03-15-03-00 GMT-0400,109.15499877929688,109.23999786376953,109.15499877929688,109.2300033569336,109.2300033569336,19905
2022-08-03-15-04-00 GMT-0400,109.23999786376953,109.33000183105469,109.22000122070312,109.33000183105469,109.33000183105469,42641
2022-08-03-15-05-00 GMT-0400,109.33000183105469,109.36000061035156,109.2699966430664,109.30000305175781,109.30000305175781,48785
2022-08-03-15-06-00 GMT-0400,109.30999755859375,109.38999938964844,109.30999755859375,109.38999938964844,109.38999938964844,47562
2022-08-03-15-07-00 GMT-0400,109.38999938964844,109.44999694824219,109.36000061035156,109.43000030517578,109.43000030517578,41272
2022-08-03-15-08-00 GMT-0400,109.41000366210938,109.43000030517578,109.23999786376953,109.26000213623047,109.26000213623047,20705
2022-08-03-15-09-00 GMT-0400,109.26000213623047,109.31999969482422,109.26000213623047,109.30000305175781,109.30000305175781,10868
2022-08-03-15-10-00 GMT-0400,109.29000091552734,109.30999755859375,109.23999786376953,109.30999755859375,109.30999755859375,33268
2022-08-03-15-11-00 GMT-0400,109.30999755859375,109.33999633789062,109.2699966430664,109.28800201416016,109.28800201416016,23453
2022-08-03-15-12-00 GMT-0400,109.29000091552734,109.29000091552734,109.14830017089844,109.1500015258789,109.1500015258789,12036
2022-08-03-15-13-00 GMT-0400,109.11499786376953,109.13999938964844,109.08000183105469,109.11630249023438,109.11630249023438,10749
2022-08-03-15-14-00 GMT-0400,109.12000274658203,109.19000244140625,109.12000274658203,109.1500015258789,109.1500015258789,17964
2022-08-03-15-15-00 GMT-0400,109.15270233154297,109.20999908447266,109.12100219726562,109.20999908447266,109.20999908447266,12457
2022-08-03-15-16-00 GMT-0400,109.21499633789062,109.23719787597656,109.20999908447266,109.21499633789062,109.21499633789062,14362
2022-08-03-15-17-00 GMT-0400,109.2300033569336,109.23999786376953,109.12999725341797,109.12999725341797,109.12999725341797,10393
2022-08-03-15-18-00 GMT-0400,109.12999725341797,109.22000122070312,109.12999725341797,109.22000122070312,109.22000122070312,13171
2022-08-03-15-19-00 GMT-0400,109.22989654541016,109.25959777832031,109.22000122070312,109.2249984741211,109.2249984741211,25850
2022-08-03-15-20-00 GMT-0400,109.2300033569336,109.25,109.2031021118164,109.23500061035156,109.23500061035156,18093
2022-08-03-15-21-00 GMT-0400,109.23999786376953,109.30500030517578,109.23999786376953,109.27999877929688,109.27999877929688,17659
2022-08-03-15-22-00 GMT-0400,109.2699966430664,109.31999969482422,109.25,109.28500366210938,109.28500366210938,20049
2022-08-03-15-23-00 GMT-0400,109.27999877929688,109.29000091552734,109.23999786376953,109.26000213623047,109.26000213623047,14484
2022-08-03-15-24-00 GMT-0400,109.26000213623047,109.2750015258789,109.23999786376953,109.24500274658203,109.24500274658203,11005
2022-08-03-15-25-00 GMT-0400,109.23999786376953,109.25,109.1500015258789,109.16000366210938,109.16000366210938,24419
2022-08-03-15-26-00 GMT-0400,109.16000366210938,109.19000244140625,109.13999938964844,109.13999938964844,109.13999938964844,13655
2022-08-03-15-27-00 GMT-0400,109.13999938964844,109.20500183105469,109.13500213623047,109.19999694824219,109.19999694824219,16385
2022-08-03-15-28-00 GMT-0400,109.19999694824219,109.19999694824219,109.12999725341797,109.18000030517578,109.18000030517578,24653
2022-08-03-15-29-00 GMT-0400,109.18049621582031,109.19999694824219,109.16000366210938,109.17500305175781,109.17500305175781,13208
2022-08-03-15-30-00 GMT-0400,109.17320251464844,109.18000030517578,109.13999938964844,109.1500015258789,109.1500015258789,21573
2022-08-03-15-31-00 GMT-0400,109.1500015258789,109.15499877929688,109.1050033569336,109.12999725341797,109.12999725341797,18183
2022-08-03-15-32-00 GMT-0400,109.13500213623047,109.15499877929688,109.08999633789062,109.0999984741211,109.0999984741211,25737
2022-08-03-15-33-00 GMT-0400,109.11000061035156,109.16500091552734,109.0999984741211,109.16500091552734,109.16500091552734,21119
2022-08-03-15-34-00 GMT-0400,109.16999816894531,109.16999816894531,109.14330291748047,109.16500091552734,109.16500091552734,41770
2022-08-03-15-35-00 GMT-0400,109.16000366210938,109.25,109.1449966430664,109.21499633789062,109.21499633789062,26635
2022-08-03-15-36-00 GMT-0400,109.21499633789062,109.25499725341797,109.20999908447266,109.20999908447266,109.20999908447266,21540
2022-08-03-15-37-00 GMT-0400,109.21690368652344,109.2249984741211,109.19000244140625,109.19999694824219,109.19999694824219,35408
2022-08-03-15-38-00 GMT-0400,109.20159912109375,109.25499725341797,109.19000244140625,109.25,109.25,31905
2022-08-03-15-39-00 GMT-0400,109.24500274658203,109.24500274658203,109.19999694824219,109.23989868164062,109.23989868164062,25271
2022-08-03-15-40-00 GMT-0400,109.23999786376953,109.27999877929688,109.20999908447266,109.27999877929688,109.27999877929688,30214
2022-08-03-15-41-00 GMT-0400,109.29000091552734,109.30500030517578,109.2699966430664,109.30000305175781,109.30000305175781,19763
2022-08-03-15-42-00 GMT-0400,109.30000305175781,109.32499694824219,109.2699966430664,109.2699966430664,109.2699966430664,22262
2022-08-03-15-43-00 GMT-0400,109.2699966430664,109.29989624023438,109.26499938964844,109.27999877929688,109.27999877929688,26018
2022-08-03-15-44-00 GMT-0400,109.28880310058594,109.45999908447266,109.28050231933594,109.41729736328125,109.41729736328125,59700
2022-08-03-15-45-00 GMT-0400,109.4000015258789,109.4000015258789,109.30999755859375,109.33999633789062,109.33999633789062,37490
2022-08-03-15-46-00 GMT-0400,109.33999633789062,109.375,109.28500366210938,109.3550033569336,109.3550033569336,29175
2022-08-03-15-47-00 GMT-0400,109.3499984741211,109.37000274658203,109.29000091552734,109.30999755859375,109.30999755859375,31176
2022-08-03-15-48-00 GMT-0400,109.30000305175781,109.33999633789062,109.30000305175781,109.33999633789062,109.33999633789062,36996
2022-08-03-15-49-00 GMT-0400,109.33219909667969,109.33219909667969,109.19999694824219,109.2300033569336,109.2300033569336,34825
2022-08-03-15-50-00 GMT-0400,109.23999786376953,109.30999755859375,109.22000122070312,109.2699966430664,109.2699966430664,52978
2022-08-03-15-51-00 GMT-0400,109.2699966430664,109.30999755859375,109.24500274658203,109.26499938964844,109.26499938964844,61841
2022-08-03-15-52-00 GMT-0400,109.2699966430664,109.34420013427734,109.2699966430664,109.33000183105469,109.33000183105469,37519
2022-08-03-15-53-00 GMT-0400,109.33999633789062,109.3550033569336,109.31999969482422,109.33499908447266,109.33499908447266,35097
2022-08-03-15-54-00 GMT-0400,109.33999633789062,109.3499984741211,109.30999755859375,109.33000183105469,109.33000183105469,44977
2022-08-03-15-55-00 GMT-0400,109.33499908447266,109.33999633789062,109.29000091552734,109.30000305175781,109.30000305175781,64034
2022-08-03-15-56-00 GMT-0400,109.29499816894531,109.31999969482422,109.2300033569336,109.2300033569336,109.2300033569336,59266
2022-08-03-15-57-00 GMT-0400,109.23999786376953,109.23999786376953,109.11000061035156,109.12000274658203,109.12000274658203,86947
2022-08-03-15-58-00 GMT-0400,109.12789916992188,109.14800262451172,109.05999755859375,109.08499908447266,109.08499908447266,78949
2022-08-03-15-59-00 GMT-0400,109.08999633789062,109.11000061035156,108.91000366210938,109.0,109.0,159743
2022-08-03-16-00-00 GMT-0400,108.8,109.2,108.8,109.0,109.0,0
2022-08-03-16-01-00 GMT-0400,109.2,109.45,104.785,108.8,108.8,0
2022-08-03-16-02-00 GMT-0400,108.8,109.28,108.8,108.82,108.82,0
2022-08-03-16-03-00 GMT-0400,109.01,109.35,108.8,108.8,108.8,0
2022-08-03-16-04-00 GMT-0400,109.0,109.35,108.8,109.02,109.02,0
2022-08-03-16-05-00 GMT-0400,109.0,109.35,108.82,108.9,108.9,0
2022-08-03-16-06-00 GMT-0400,109.0,109.0,108.82,108.84,108.84,0
2022-08-03-16-07-00 GMT-0400,109.0,109.2,109.0,109.14,109.14,0
2022-08-03-16-08-00 GMT-0400,109.0,109.2,109.0,109.05,109.05,0
2022-08-03-16-09-00 GMT-0400,109.0,109.2,109.0,109.02,109.02,0
2022-08-03-16-10-00 GMT-0400,109.14,109.14,109.0,109.0,109.0,0
2022-08-03-16-11-00 GMT-0400,108.9,109.05,108.9,109.05,109.05,0
2022-08-03-16-12-00 GMT-0400,108.902,109.05,108.902,109.05,109.05,0
2022-08-03-16-13-00 GMT-0400,108.82,109.02,108.82,109.0,109.0,0
2022-08-03-16-14-00 GMT-0400,109.0,109.0,108.9,108.9,108.9,0
2022-08-03-16-15-00 GMT-0400,108.9,109.0,108.82,108.82,108.82,0
2022-08-03-16-16-00 GMT-0400,109.0,109.1,109.0,109.1,109.1,0
2022-08-03-16-17-00 GMT-0400,109.01,109.01,109.01,109.01,109.01,0
2022-08-03-16-18-00 GMT-0400,109.01,109.01,108.82,109.0,109.0,0
2022-08-03-16-19-00 GMT-0400,108.82,108.8332,108.82,108.8332,108.8332,0
2022-08-03-16-20-00 GMT-0400,109.01,109.01,108.8408,109.0,109.0,0
2022-08-03-16-21-00 GMT-0400,109.0,109.0,108.86,108.9,108.9,0
2022-08-03-16-22-00 GMT-0400,108.88,108.99,108.88,108.88,108.88,0
2022-08-03-16-23-00 GMT-0400,108.9,109.0,108.9,109.0,109.0,0
2022-08-03-16-24-00 GMT-0400,108.98,109.0,108.88,108.88,108.88,0
2022-08-03-16-25-00 GMT-0400,108.88,108.88,108.88,108.88,108.88,0
2022-08-03-16-26-00 GMT-0400,108.86,108.88,108.86,108.88,108.88,0
2022-08-03-16-27-00 GMT-0400,108.88,109.0,108.88,108.88,108.88,0
2022-08-03-16-28-00 GMT-0400,108.97,109.0,108.97,108.97,108.97,0
2022-08-03-16-29-00 GMT-0400,108.97,109.0,108.97,109.0,109.0,0
2022-08-03-16-30-00 GMT-0400,108.86,109.0,108.86,108.99,108.99,0
2022-08-03-16-31-00 GMT-0400,108.9,109.0,108.9,108.9795,108.9795,0
2022-08-03-16-32-00 GMT-0400,108.9,108.98,108.9,108.98,108.98,0
2022-08-03-16-33-00 GMT-0400,108.98,108.99,108.87,108.99,108.99,0
2022-08-03-16-34-00 GMT-0400,108.88,108.98,108.87,108.87,108.87,0
2022-08-03-16-35-00 GMT-0400,108.99,108.99,108.99,108.99,108.99,0
2022-08-03-16-36-00 GMT-0400,108.9828,108.9828,108.95,108.95,108.95,0
2022-08-03-16-37-00 GMT-0400,108.95,108.99,108.87,108.97,108.97,0
2022-08-03-16-39-00 GMT-0400,108.99,108.99,108.87,108.87,108.87,0
2022-08-03-16-40-00 GMT-0400,108.95,108.95,108.9,108.9,108.9,0
2022-08-03-16-41-00 GMT-0400,108.98,108.99,108.88,108.88,108.88,0
2022-08-03-16-42-00 GMT-0400,108.93,108.93,108.87,108.88,108.88,0
2022-08-03-16-43-00 GMT-0400,108.92,108.92,108.87,108.92,108.92,0
2022-08-03-16-44-00 GMT-0400,108.92,108.92,108.87,108.87,108.87,0
2022-08-03-16-45-00 GMT-0400,108.92,108.99,108.92,108.95,108.95,0
2022-08-03-16-48-00 GMT-0400,108.88,108.95,108.88,108.95,108.95,0
2022-08-03-16-49-00 GMT-0400,108.88,108.99,108.87,108.99,108.99,0
2022-08-03-16-53-00 GMT-0400,108.9,108.95,108.9,108.95,108.95,0
2022-08-03-16-54-00 GMT-0400,108.95,108.99,108.9,108.903,108.903,0
2022-08-03-16-55-00 GMT-0400,108.95,108.99,108.91,108.99,108.99,0
2022-08-03-16-56-00 GMT-0400,108.9,108.91,108.9,108.91,108.91,0
2022-08-03-16-57-00 GMT-0400,108.95,108.99,108.9,108.99,108.99,0
2022-08-03-16-58-00 GMT-0400,108.92,108.99,108.92,108.99,108.99,0
2022-08-03-17-00-00 GMT-0400,108.901,108.91,108.901,108.91,108.91,0
2022-08-03-17-01-00 GMT-0400,108.91,108.99,108.91,108.93,108.93,0
2022-08-03-17-02-00 GMT-0400,108.99,108.99,108.9,108.9,108.9,0
2022-08-03-17-03-00 GMT-0400,108.9,108.9,108.9,108.9,108.9,0
2022-08-03-17-06-00 GMT-0400,108.9,108.95,108.9,108.93,108.93,0
2022-08-03-17-07-00 GMT-0400,108.95,108.98,108.95,108.98,108.98,0
2022-08-03-17-09-00 GMT-0400,108.94,108.99,108.9,108.94,108.94,0
2022-08-03-17-10-00 GMT-0400,108.9,108.99,108.9,108.99,108.99,0
2022-08-03-17-11-00 GMT-0400,108.9,108.97,108.9,108.93,108.93,0
2022-08-03-17-12-00 GMT-0400,108.94,108.94,108.92,108.92,108.92,0
2022-08-03-17-14-00 GMT-0400,108.9,108.92,108.9,108.9,108.9,0
2022-08-03-17-15-00 GMT-0400,108.98,108.98,108.9,108.9,108.9,0
2022-08-03-17-16-00 GMT-0400,108.88,108.98,108.88,108.98,108.98,0
2022-08-03-17-17-00 GMT-0400,108.98,108.98,108.88,108.88,108.88,0
2022-08-03-17-18-00 GMT-0400,108.98,108.99,108.88,108.99,108.99,0
2022-08-03-17-19-00 GMT-0400,108.95,108.95,108.88,108.88,108.88,0
2022-08-03-17-22-00 GMT-0400,108.99,108.99,108.89,108.89,108.89,0
2022-08-03-17-24-00 GMT-0400,108.89,108.99,108.89,108.99,108.99,0
2022-08-03-17-25-00 GMT-0400,108.9,108.99,108.8905,108.8905,108.8905,0
2022-08-03-17-26-00 GMT-0400,108.99,108.99,108.98,108.98,108.98,0
2022-08-03-17-30-00 GMT-0400,108.95,108.99,108.89,108.89,108.89,0
2022-08-03-17-32-00 GMT-0400,108.9,108.99,108.9,108.98,108.98,0
2022-08-03-17-34-00 GMT-0400,108.95,108.95,108.95,108.95,108.95,0
2022-08-03-17-38-00 GMT-0400,108.92,108.92,108.92,108.92,108.92,0
2022-08-03-17-41-00 GMT-0400,108.92,109.02,108.92,109.02,109.02,0
2022-08-03-17-42-00 GMT-0400,109.02,109.02,109.02,109.02,109.02,0
2022-08-03-17-45-00 GMT-0400,109.02,109.1,109.02,109.02,109.02,0
2022-08-03-17-46-00 GMT-0400,109.1,109.1,109.02,109.02,109.02,0
2022-08-03-17-47-00 GMT-0400,109.03,109.09,109.03,109.09,109.09,0
2022-08-03-17-48-00 GMT-0400,109.0,109.09,109.0,109.09,109.09,0
2022-08-03-17-49-00 GMT-0400,109.09,109.09,109.09,109.09,109.09,0
2022-08-03-17-50-00 GMT-0400,109.09,109.09,109.02,109.02,109.02,0
2022-08-03-17-51-00 GMT-0400,108.97,109.02,108.97,109.02,109.02,0
2022-08-03-17-52-00 GMT-0400,108.97,109.09,108.97,109.09,109.09,0
2022-08-03-17-53-00 GMT-0400,108.9604,108.9604,108.9604,108.9604,108.9604,0
2022-08-03-17-54-00 GMT-0400,109.04,109.04,109.04,109.04,109.04,0
2022-08-03-17-55-00 GMT-0400,109.06,109.09,109.06,109.09,109.09,0
2022-08-03-17-56-00 GMT-0400,109.04,109.04,109.02,109.02,109.02,0
2022-08-03-17-57-00 GMT-0400,109.07,109.08,109.07,109.08,109.08,0
2022-08-03-17-58-00 GMT-0400,109.08,109.08,109.08,109.08,109.08,0
2022-08-03-17-59-00 GMT-0400,109.02,109.08,109.02,109.08,109.08,0
2022-08-03-18-01-00 GMT-0400,109.0,109.0,109.0,109.0,109.0,0
2022-08-03-18-02-00 GMT-0400,109.0,109.02,108.92,109.02,109.02,0
2022-08-03-18-05-00 GMT-0400,109.09,109.09,109.05,109.09,109.09,0
2022-08-03-18-06-00 GMT-0400,108.94,108.94,108.94,108.94,108.94,0
2022-08-03-18-08-00 GMT-0400,109.01,109.01,108.9,108.9,108.9,0
2022-08-03-18-09-00 GMT-0400,108.89,108.89,108.89,108.89,108.89,0
2022-08-03-18-12-00 GMT-0400,108.89,108.89,108.88,108.88,108.88,0
2022-08-03-18-14-00 GMT-0400,108.9,108.9,108.88,108.88,108.88,0
2022-08-03-18-16-00 GMT-0400,108.9,108.92,108.9,108.92,108.92,0
2022-08-03-18-17-00 GMT-0400,108.92,108.99,108.9,108.9,108.9,0
2022-08-03-18-18-00 GMT-0400,108.98,108.99,108.98,108.99,108.99,0
2022-08-03-18-19-00 GMT-0400,108.98,109.01,108.95,109.0,109.0,0
2022-08-03-18-27-00 GMT-0400,109.0,109.01,108.97,109.01,109.01,0
2022-08-03-18-33-00 GMT-0400,108.9,108.99,108.9,108.95,108.95,0
2022-08-03-18-36-00 GMT-0400,108.99,108.99,108.95,108.99,108.99,0
2022-08-03-18-42-00 GMT-0400,108.98,108.98,108.97,108.97,108.97,0
2022-08-03-18-44-00 GMT-0400,108.97,108.97,108.97,108.97,108.97,0
2022-08-03-18-45-00 GMT-0400,108.94,108.95,108.9,108.93,108.93,0
2022-08-03-18-46-00 GMT-0400,108.9,108.9,108.89,108.89,108.89,0
2022-08-03-18-47-00 GMT-0400,108.88,108.88,108.87,108.87,108.87,0
2022-08-03-18-48-00 GMT-0400,108.9,108.9,108.85,108.85,108.85,0
2022-08-03-18-49-00 GMT-0400,108.83,108.83,108.83,108.83,108.83,0
2022-08-03-18-53-00 GMT-0400,108.98,108.98,108.98,108.98,108.98,0
2022-08-03-18-54-00 GMT-0400,108.9,108.9,108.87,108.87,108.87,0
2022-08-03-18-56-00 GMT-0400,108.8,108.8,108.8,108.8,108.8,0
2022-08-03-18-59-00 GMT-0400,108.78,108.9,108.78,108.9,108.9,0
2022-08-03-19-00-00 GMT-0400,108.8,109.01,108.8,109.01,109.01,0
2022-08-03-19-02-00 GMT-0400,108.94,108.99,108.76,108.83,108.83,0
2022-08-03-19-03-00 GMT-0400,108.99,108.99,108.8,108.8,108.8,0
2022-08-03-19-11-00 GMT-0400,108.96,108.96,108.96,108.96,108.96,0
2022-08-03-19-20-00 GMT-0400,108.77,109.0,108.77,108.77,108.77,0
2022-08-03-19-22-00 GMT-0400,108.77,108.77,108.77,108.77,108.77,0
2022-08-03-19-23-00 GMT-0400,108.76,108.92,108.76,108.92,108.92,0
2022-08-03-19-24-00 GMT-0400,108.77,108.88,108.77,108.88,108.88,0
2022-08-03-19-26-00 GMT-0400,108.92,108.92,108.76,108.76,108.76,0
2022-08-03-19-27-00 GMT-0400,108.94,108.95,108.94,108.95,108.95,0
2022-08-03-19-30-00 GMT-0400,108.92,108.92,108.77,108.77,108.77,0
2022-08-03-19-32-00 GMT-0400,108.9,108.9,108.78,108.79,108.79,0
2022-08-03-19-33-00 GMT-0400,108.95,108.95,108.92,108.92,108.92,0
2022-08-03-19-35-00 GMT-0400,108.79,108.79,108.79,108.79,108.79,0
2022-08-03-19-36-00 GMT-0400,108.94,108.94,108.76,108.92,108.92,0
2022-08-03-19-37-00 GMT-0400,108.76,108.92,108.76,108.77,108.77,0
2022-08-03-19-38-00 GMT-0400,108.89,109.0,108.8,109.0,109.0,0
2022-08-03-19-39-00 GMT-0400,108.94,108.94,108.9,108.9,108.9,0
2022-08-03-19-40-00 GMT-0400,108.87,108.87,108.87,108.87,108.87,0
2022-08-03-19-43-00 GMT-0400,108.81,108.81,108.81,108.81,108.81,0
2022-08-03-19-44-00 GMT-0400,108.83,108.83,108.78,108.78,108.78,0
2022-08-03-19-47-00 GMT-0400,108.82,108.82,108.8,108.8,108.8,0
2022-08-03-19-51-00 GMT-0400,108.82,108.99,108.82,108.9,108.9,0
2022-08-03-19-53-00 GMT-0400,108.85,108.85,108.85,108.85,108.85,0
2022-08-03-19-57-00 GMT-0400,108.95,108.99,108.85,108.99,108.99,0
2022-08-03-19-58-00 GMT-0400,108.99,108.99,108.85,108.85,108.85,0
2022-08-03-19-59-00 GMT-0400,108.9,108.99,108.85,108.85,108.85,0
