Datetime,Open,High,Low,Close,Adj Close,Volume
2022-04-12-06-46-00 GMT-0400,44.45,44.45,44.43,44.43,44.43,0
2022-04-12-07-15-00 GMT-0400,44.51,44.51,44.5,44.5,44.5,0
2022-04-12-07-20-00 GMT-0400,44.54,44.54,44.54,44.54,44.54,0
2022-04-12-07-21-00 GMT-0400,44.54,44.61,44.54,44.61,44.61,0
2022-04-12-07-48-00 GMT-0400,44.51,44.51,44.49,44.49,44.49,0
2022-04-12-07-49-00 GMT-0400,44.53,44.53,44.53,44.53,44.53,0
2022-04-12-08-00-00 GMT-0400,44.61,44.61,44.48,44.5,44.5,0
2022-04-12-08-04-00 GMT-0400,44.5,44.52,44.5,44.5,44.5,0
2022-04-12-08-07-00 GMT-0400,44.43,44.5,44.43,44.5,44.5,0
2022-04-12-08-15-00 GMT-0400,44.5099,44.5099,44.5099,44.5099,44.5099,0
2022-04-12-08-20-00 GMT-0400,44.51,44.51,44.5099,44.5099,44.5099,0
2022-04-12-08-23-00 GMT-0400,44.48,44.48,44.45,44.45,44.45,0
2022-04-12-08-30-00 GMT-0400,44.61,44.68,44.61,44.68,44.68,0
2022-04-12-08-31-00 GMT-0400,44.68,44.7,44.68,44.68,44.68,0
2022-04-12-08-33-00 GMT-0400,44.7,44.7,44.68,44.7,44.7,0
2022-04-12-08-34-00 GMT-0400,44.68,44.7,44.68,44.69,44.69,0
2022-04-12-08-39-00 GMT-0400,44.5,44.5,44.48,44.48,44.48,0
2022-04-12-08-42-00 GMT-0400,44.48,44.48,44.48,44.48,44.48,0
2022-04-12-08-43-00 GMT-0400,44.67,44.7,44.67,44.68,44.68,0
2022-04-12-08-52-00 GMT-0400,44.69,44.76,44.69,44.76,44.76,0
2022-04-12-08-53-00 GMT-0400,44.76,44.77,44.75,44.75,44.75,0
2022-04-12-08-54-00 GMT-0400,44.73,44.73,44.64,44.69,44.69,0
2022-04-12-08-55-00 GMT-0400,44.7,44.71,44.7,44.71,44.71,0
2022-04-12-08-56-00 GMT-0400,44.71,44.7388,44.71,44.73,44.73,0
2022-04-12-08-58-00 GMT-0400,44.73,44.74,44.73,44.74,44.74,0
2022-04-12-09-00-00 GMT-0400,44.71,44.72,44.69,44.69,44.69,0
2022-04-12-09-01-00 GMT-0400,44.69,44.82,44.69,44.82,44.82,0
2022-04-12-09-02-00 GMT-0400,44.72,44.82,44.72,44.82,44.82,0
2022-04-12-09-03-00 GMT-0400,44.82,44.82,44.82,44.82,44.82,0
2022-04-12-09-05-00 GMT-0400,44.71,44.72,44.71,44.72,44.72,0
2022-04-12-09-07-00 GMT-0400,44.71,44.71,44.7,44.7,44.7,0
2022-04-12-09-08-00 GMT-0400,44.67,44.67,44.61,44.61,44.61,0
2022-04-12-09-10-00 GMT-0400,44.54,44.61,44.54,44.55,44.55,0
2022-04-12-09-13-00 GMT-0400,44.5,44.53,44.49,44.53,44.53,0
2022-04-12-09-14-00 GMT-0400,44.49,44.49,44.48,44.48,44.48,0
2022-04-12-09-30-00 GMT-0400,44.540000915527344,44.599998474121094,44.45000076293945,44.4900016784668,44.4900016784668,190248
2022-04-12-09-31-00 GMT-0400,44.47999954223633,44.494998931884766,44.349998474121094,44.369998931884766,44.369998931884766,14399
2022-04-12-09-32-00 GMT-0400,44.38990020751953,44.38990020751953,44.27000045776367,44.349998474121094,44.349998474121094,22223
2022-04-12-09-33-00 GMT-0400,44.3650016784668,44.43000030517578,44.36029815673828,44.369998931884766,44.369998931884766,19371
2022-04-12-09-34-00 GMT-0400,44.369998931884766,44.47999954223633,44.369998931884766,44.47999954223633,44.47999954223633,19401
2022-04-12-09-35-00 GMT-0400,44.4994010925293,44.66999816894531,44.459999084472656,44.64500045776367,44.64500045776367,23380
2022-04-12-09-36-00 GMT-0400,44.650001525878906,44.79990005493164,44.63999938964844,44.78499984741211,44.78499984741211,25757
2022-04-12-09-37-00 GMT-0400,44.77000045776367,44.904998779296875,44.77000045776367,44.869998931884766,44.869998931884766,32395
2022-04-12-09-38-00 GMT-0400,44.849998474121094,44.849998474121094,44.66999816894531,44.6703987121582,44.6703987121582,20361
2022-04-12-09-39-00 GMT-0400,44.68000030517578,44.84000015258789,44.68000030517578,44.83000183105469,44.83000183105469,26094
2022-04-12-09-40-00 GMT-0400,44.84000015258789,44.880001068115234,44.810001373291016,44.869998931884766,44.869998931884766,26185
2022-04-12-09-41-00 GMT-0400,44.880001068115234,44.90999984741211,44.849998474121094,44.86009979248047,44.86009979248047,15101
2022-04-12-09-42-00 GMT-0400,44.880001068115234,44.939998626708984,44.84000015258789,44.84000015258789,44.84000015258789,27165
2022-04-12-09-43-00 GMT-0400,44.84000015258789,44.84000015258789,44.695499420166016,44.7599983215332,44.7599983215332,16390
2022-04-12-09-44-00 GMT-0400,44.7400016784668,44.80070114135742,44.73500061035156,44.75,44.75,16884
2022-04-12-09-45-00 GMT-0400,44.7400016784668,44.7599983215332,44.720001220703125,44.72999954223633,44.72999954223633,14054
2022-04-12-09-46-00 GMT-0400,44.720001220703125,44.72999954223633,44.63999938964844,44.720001220703125,44.720001220703125,16016
2022-04-12-09-47-00 GMT-0400,44.71500015258789,44.7599983215332,44.63999938964844,44.7599983215332,44.7599983215332,13483
2022-04-12-09-48-00 GMT-0400,44.755001068115234,44.82619857788086,44.75,44.7599983215332,44.7599983215332,14598
2022-04-12-09-49-00 GMT-0400,44.77000045776367,44.80500030517578,44.75,44.779998779296875,44.779998779296875,8998
2022-04-12-09-50-00 GMT-0400,44.790000915527344,44.81999969482422,44.75,44.7781982421875,44.7781982421875,13513
2022-04-12-09-51-00 GMT-0400,44.775001525878906,44.82500076293945,44.77000045776367,44.79499816894531,44.79499816894531,9069
2022-04-12-09-52-00 GMT-0400,44.797698974609375,44.869998931884766,44.790000915527344,44.86000061035156,44.86000061035156,9726
2022-04-12-09-53-00 GMT-0400,44.8650016784668,44.88999938964844,44.810001373291016,44.83000183105469,44.83000183105469,10497
2022-04-12-09-54-00 GMT-0400,44.83000183105469,44.83610153198242,44.74919891357422,44.76499938964844,44.76499938964844,6841
2022-04-12-09-55-00 GMT-0400,44.76499938964844,44.77000045776367,44.709999084472656,44.724998474121094,44.724998474121094,9060
2022-04-12-09-56-00 GMT-0400,44.709999084472656,44.709999084472656,44.654998779296875,44.689998626708984,44.689998626708984,10532
2022-04-12-09-57-00 GMT-0400,44.68000030517578,44.720001220703125,44.665000915527344,44.70000076293945,44.70000076293945,11876
2022-04-12-09-58-00 GMT-0400,44.689998626708984,44.709999084472656,44.66999816894531,44.70000076293945,44.70000076293945,12449
2022-04-12-09-59-00 GMT-0400,44.70009994506836,44.709999084472656,44.654998779296875,44.654998779296875,44.654998779296875,17586
2022-04-12-10-00-00 GMT-0400,44.65999984741211,44.72999954223633,44.650001525878906,44.70000076293945,44.70000076293945,38702
2022-04-12-10-01-00 GMT-0400,44.70500183105469,44.70500183105469,44.650001525878906,44.69499969482422,44.69499969482422,30771
2022-04-12-10-02-00 GMT-0400,44.69499969482422,44.7400016784668,44.69499969482422,44.7400016784668,44.7400016784668,16125
2022-04-12-10-03-00 GMT-0400,44.75,44.75,44.689998626708984,44.689998626708984,44.689998626708984,9707
2022-04-12-10-04-00 GMT-0400,44.689998626708984,44.70000076293945,44.650001525878906,44.654998779296875,44.654998779296875,19818
2022-04-12-10-05-00 GMT-0400,44.650001525878906,44.68000030517578,44.650001525878906,44.67499923706055,44.67499923706055,14225
2022-04-12-10-06-00 GMT-0400,44.65999984741211,44.7400016784668,44.65999984741211,44.7400016784668,44.7400016784668,37441
2022-04-12-10-07-00 GMT-0400,44.72999954223633,44.75,44.709999084472656,44.720001220703125,44.720001220703125,13589
2022-04-12-10-08-00 GMT-0400,44.70000076293945,44.70000076293945,44.61000061035156,44.619998931884766,44.619998931884766,23940
2022-04-12-10-09-00 GMT-0400,44.61000061035156,44.68000030517578,44.61000061035156,44.68000030517578,44.68000030517578,14749
2022-04-12-10-10-00 GMT-0400,44.68000030517578,44.7400016784668,44.68000030517578,44.72999954223633,44.72999954223633,17590
2022-04-12-10-11-00 GMT-0400,44.720001220703125,44.7599983215332,44.68000030517578,44.7599983215332,44.7599983215332,19720
2022-04-12-10-12-00 GMT-0400,44.7599983215332,44.85499954223633,44.7599983215332,44.85499954223633,44.85499954223633,10890
2022-04-12-10-13-00 GMT-0400,44.86000061035156,44.959999084472656,44.86000061035156,44.88999938964844,44.88999938964844,26341
2022-04-12-10-14-00 GMT-0400,44.880001068115234,44.880001068115234,44.84000015258789,44.849998474121094,44.849998474121094,7106
2022-04-12-10-15-00 GMT-0400,44.849998474121094,44.849998474121094,44.79119873046875,44.81999969482422,44.81999969482422,10584
2022-04-12-10-16-00 GMT-0400,44.810001373291016,44.83000183105469,44.77000045776367,44.83000183105469,44.83000183105469,13199
2022-04-12-10-17-00 GMT-0400,44.82500076293945,44.94499969482422,44.82500076293945,44.939998626708984,44.939998626708984,102919
2022-04-12-10-18-00 GMT-0400,44.939998626708984,44.959999084472656,44.84000015258789,44.84000015258789,44.84000015258789,20206
2022-04-12-10-19-00 GMT-0400,44.84000015258789,44.86000061035156,44.790000915527344,44.82979965209961,44.82979965209961,12215
2022-04-12-10-20-00 GMT-0400,44.824501037597656,44.900001525878906,44.79999923706055,44.869998931884766,44.869998931884766,11589
2022-04-12-10-21-00 GMT-0400,44.880001068115234,44.93000030517578,44.880001068115234,44.89500045776367,44.89500045776367,10646
2022-04-12-10-22-00 GMT-0400,44.8650016784668,44.89500045776367,44.86000061035156,44.880001068115234,44.880001068115234,5966
2022-04-12-10-23-00 GMT-0400,44.880001068115234,44.900001525878906,44.869998931884766,44.880001068115234,44.880001068115234,16252
2022-04-12-10-24-00 GMT-0400,44.88999938964844,44.939998626708984,44.875,44.902000427246094,44.902000427246094,7146
2022-04-12-10-25-00 GMT-0400,44.9010009765625,44.939998626708984,44.900001525878906,44.904998779296875,44.904998779296875,7305
2022-04-12-10-26-00 GMT-0400,44.900001525878906,44.939998626708984,44.900001525878906,44.92499923706055,44.92499923706055,21106
2022-04-12-10-27-00 GMT-0400,44.92499923706055,44.93000030517578,44.84199905395508,44.875,44.875,33460
2022-04-12-10-28-00 GMT-0400,44.875,44.875,44.779998779296875,44.78499984741211,44.78499984741211,13182
2022-04-12-10-29-00 GMT-0400,44.7869987487793,44.834999084472656,44.779998779296875,44.790000915527344,44.790000915527344,9329
2022-04-12-10-30-00 GMT-0400,44.76499938964844,44.79999923706055,44.73500061035156,44.7400016784668,44.7400016784668,16286
2022-04-12-10-31-00 GMT-0400,44.744998931884766,44.779998779296875,44.73500061035156,44.73500061035156,44.73500061035156,16871
2022-04-12-10-32-00 GMT-0400,44.7400016784668,44.77000045776367,44.72999954223633,44.7599983215332,44.7599983215332,5742
2022-04-12-10-33-00 GMT-0400,44.77000045776367,44.779998779296875,44.75,44.755001068115234,44.755001068115234,4728
2022-04-12-10-34-00 GMT-0400,44.755001068115234,44.790000915527344,44.75,44.7599983215332,44.7599983215332,6163
2022-04-12-10-35-00 GMT-0400,44.7599983215332,44.779998779296875,44.755001068115234,44.77000045776367,44.77000045776367,4023
2022-04-12-10-36-00 GMT-0400,44.76499938964844,44.76499938964844,44.720001220703125,44.720001220703125,44.720001220703125,11227
2022-04-12-10-37-00 GMT-0400,44.720001220703125,44.7400016784668,44.709999084472656,44.7400016784668,44.7400016784668,6972
2022-04-12-10-38-00 GMT-0400,44.75,44.75,44.72999954223633,44.73500061035156,44.73500061035156,6217
2022-04-12-10-39-00 GMT-0400,44.72999954223633,44.72999954223633,44.685001373291016,44.69419860839844,44.69419860839844,12942
2022-04-12-10-40-00 GMT-0400,44.69499969482422,44.709999084472656,44.65999984741211,44.65999984741211,44.65999984741211,5742
2022-04-12-10-41-00 GMT-0400,44.65999984741211,44.665000915527344,44.59000015258789,44.59000015258789,44.59000015258789,6932
2022-04-12-10-42-00 GMT-0400,44.59000015258789,44.599998474121094,44.584999084472656,44.584999084472656,44.584999084472656,4711
2022-04-12-10-43-00 GMT-0400,44.58000183105469,44.58000183105469,44.560001373291016,44.58000183105469,44.58000183105469,6045
2022-04-12-10-44-00 GMT-0400,44.57500076293945,44.61000061035156,44.564998626708984,44.609901428222656,44.609901428222656,6772
2022-04-12-10-45-00 GMT-0400,44.60499954223633,44.619998931884766,44.599998474121094,44.61000061035156,44.61000061035156,7521
2022-04-12-10-46-00 GMT-0400,44.599998474121094,44.599998474121094,44.560001373291016,44.584999084472656,44.584999084472656,17955
2022-04-12-10-47-00 GMT-0400,44.584999084472656,44.599998474121094,44.560001373291016,44.599998474121094,44.599998474121094,8468
2022-04-12-10-48-00 GMT-0400,44.599998474121094,44.63999938964844,44.599998474121094,44.61000061035156,44.61000061035156,9591
2022-04-12-10-49-00 GMT-0400,44.619998931884766,44.66999816894531,44.619998931884766,44.654998779296875,44.654998779296875,5712
2022-04-12-10-50-00 GMT-0400,44.65999984741211,44.66999816894531,44.650001525878906,44.650001525878906,44.650001525878906,2480
2022-04-12-10-52-00 GMT-0400,44.720001220703125,44.72999954223633,44.71500015258789,44.71500015258789,44.71500015258789,53232
2022-04-12-10-53-00 GMT-0400,44.71500015258789,44.7599983215332,44.70000076293945,44.755001068115234,44.755001068115234,16153
2022-04-12-10-54-00 GMT-0400,44.7599983215332,44.81669998168945,44.7599983215332,44.81669998168945,44.81669998168945,7730
2022-04-12-10-55-00 GMT-0400,44.80500030517578,44.80500030517578,44.779998779296875,44.79499816894531,44.79499816894531,5453
2022-04-12-10-56-00 GMT-0400,44.79499816894531,44.81999969482422,44.790000915527344,44.79499816894531,44.79499816894531,8535
2022-04-12-10-57-00 GMT-0400,44.79499816894531,44.81999969482422,44.78499984741211,44.810001373291016,44.810001373291016,3119
2022-04-12-10-58-00 GMT-0400,44.810001373291016,44.86000061035156,44.79999923706055,44.85499954223633,44.85499954223633,5817
2022-04-12-10-59-00 GMT-0400,44.849998474121094,44.849998474121094,44.810001373291016,44.81999969482422,44.81999969482422,5880
2022-04-12-11-00-00 GMT-0400,44.819698333740234,44.81999969482422,44.77000045776367,44.779998779296875,44.779998779296875,18490
2022-04-12-11-01-00 GMT-0400,44.775001525878906,44.810001373291016,44.775001525878906,44.78499984741211,44.78499984741211,6266
2022-04-12-11-02-00 GMT-0400,44.790000915527344,44.83000183105469,44.779998779296875,44.83000183105469,44.83000183105469,7299
2022-04-12-11-03-00 GMT-0400,44.82500076293945,44.82500076293945,44.79499816894531,44.80500030517578,44.80500030517578,4423
2022-04-12-11-04-00 GMT-0400,44.810001373291016,44.814998626708984,44.779998779296875,44.779998779296875,44.779998779296875,7726
2022-04-12-11-05-00 GMT-0400,44.79499816894531,44.810001373291016,44.790000915527344,44.79499816894531,44.79499816894531,4941
2022-04-12-11-06-00 GMT-0400,44.79999923706055,44.84000015258789,44.79999923706055,44.810001373291016,44.810001373291016,8024
2022-04-12-11-07-00 GMT-0400,44.80500030517578,44.81999969482422,44.79999923706055,44.79999923706055,44.79999923706055,6883
2022-04-12-11-08-00 GMT-0400,44.790000915527344,44.79999923706055,44.77280044555664,44.790000915527344,44.790000915527344,11409
2022-04-12-11-09-00 GMT-0400,44.779998779296875,44.79499816894531,44.75,44.7848014831543,44.7848014831543,9431
2022-04-12-11-10-00 GMT-0400,44.790000915527344,44.790000915527344,44.76499938964844,44.76499938964844,44.76499938964844,9564
2022-04-12-11-11-00 GMT-0400,44.76499938964844,44.81999969482422,44.755001068115234,44.81999969482422,44.81999969482422,20716
2022-04-12-11-12-00 GMT-0400,44.81999969482422,44.84000015258789,44.79999923706055,44.84000015258789,44.84000015258789,9495
2022-04-12-11-13-00 GMT-0400,44.834999084472656,44.834999084472656,44.790000915527344,44.810001373291016,44.810001373291016,15084
2022-04-12-11-14-00 GMT-0400,44.79999923706055,44.880001068115234,44.79999923706055,44.880001068115234,44.880001068115234,26671
2022-04-12-11-15-00 GMT-0400,44.875,44.88999938964844,44.845001220703125,44.875,44.875,16466
2022-04-12-11-16-00 GMT-0400,44.869998931884766,44.93000030517578,44.869998931884766,44.88999938964844,44.88999938964844,30434
2022-04-12-11-17-00 GMT-0400,44.875,44.880001068115234,44.85499954223633,44.85499954223633,44.85499954223633,2402
2022-04-12-11-18-00 GMT-0400,44.84000015258789,44.88999938964844,44.84000015258789,44.88999938964844,44.88999938964844,7833
2022-04-12-11-19-00 GMT-0400,44.8922004699707,44.939998626708984,44.88999938964844,44.939998626708984,44.939998626708984,8343
2022-04-12-11-20-00 GMT-0400,44.94499969482422,44.96500015258789,44.90999984741211,44.959999084472656,44.959999084472656,7869
2022-04-12-11-21-00 GMT-0400,44.95000076293945,44.96500015258789,44.93000030517578,44.93000030517578,44.93000030517578,5296
2022-04-12-11-22-00 GMT-0400,44.915000915527344,44.915000915527344,44.880001068115234,44.88999938964844,44.88999938964844,3428
2022-04-12-11-23-00 GMT-0400,44.89500045776367,44.90999984741211,44.880001068115234,44.880001068115234,44.880001068115234,6436
2022-04-12-11-24-00 GMT-0400,44.880001068115234,44.939998626708984,44.880001068115234,44.91999816894531,44.91999816894531,8851
2022-04-12-11-25-00 GMT-0400,44.91999816894531,44.939998626708984,44.90999984741211,44.939998626708984,44.939998626708984,8243
2022-04-12-11-26-00 GMT-0400,44.939998626708984,44.939998626708984,44.90999984741211,44.92499923706055,44.92499923706055,7398
2022-04-12-11-27-00 GMT-0400,44.91999816894531,44.939998626708984,44.91999816894531,44.91999816894531,44.91999816894531,6861
2022-04-12-11-28-00 GMT-0400,44.91999816894531,44.93000030517578,44.915000915527344,44.91999816894531,44.91999816894531,3723
2022-04-12-11-29-00 GMT-0400,44.915000915527344,44.91999816894531,44.869998931884766,44.880001068115234,44.880001068115234,6703
2022-04-12-11-30-00 GMT-0400,44.88999938964844,44.900001525878906,44.849998474121094,44.869998931884766,44.869998931884766,9031
2022-04-12-11-31-00 GMT-0400,44.87220001220703,44.880001068115234,44.86009979248047,44.875,44.875,4378
2022-04-12-11-32-00 GMT-0400,44.87990188598633,44.90999984741211,44.875,44.90999984741211,44.90999984741211,5582
2022-04-12-11-33-00 GMT-0400,44.91999816894531,44.91999816894531,44.89030075073242,44.900001525878906,44.900001525878906,5939
2022-04-12-11-34-00 GMT-0400,44.89500045776367,44.900001525878906,44.87289810180664,44.89500045776367,44.89500045776367,5555
2022-04-12-11-35-00 GMT-0400,44.90019989013672,44.90999984741211,44.880001068115234,44.880001068115234,44.880001068115234,12770
2022-04-12-11-36-00 GMT-0400,44.880001068115234,44.8849983215332,44.849998474121094,44.86000061035156,44.86000061035156,15535
2022-04-12-11-37-00 GMT-0400,44.86000061035156,44.8650016784668,44.82500076293945,44.84000015258789,44.84000015258789,11132
2022-04-12-11-38-00 GMT-0400,44.834999084472656,44.834999084472656,44.79499816894531,44.79499816894531,44.79499816894531,14282
2022-04-12-11-39-00 GMT-0400,44.79499816894531,44.79499816894531,44.7400016784668,44.7400016784668,44.7400016784668,4531
2022-04-12-11-40-00 GMT-0400,44.72999954223633,44.73929977416992,44.70500183105469,44.73929977416992,44.73929977416992,6619
2022-04-12-11-41-00 GMT-0400,44.7400016784668,44.75,44.720001220703125,44.720001220703125,44.720001220703125,3067
2022-04-12-11-42-00 GMT-0400,44.72999954223633,44.7400016784668,44.7224006652832,44.72999954223633,44.72999954223633,3187
2022-04-12-11-43-00 GMT-0400,44.72999954223633,44.77000045776367,44.71500015258789,44.77000045776367,44.77000045776367,10881
2022-04-12-11-44-00 GMT-0400,44.790000915527344,44.790000915527344,44.7400016784668,44.75,44.75,3449
2022-04-12-11-45-00 GMT-0400,44.75,44.77000045776367,44.742698669433594,44.77000045776367,44.77000045776367,4462
2022-04-12-11-46-00 GMT-0400,44.7599983215332,44.7599983215332,44.75,44.75,44.75,2478
2022-04-12-11-47-00 GMT-0400,44.755001068115234,44.779998779296875,44.755001068115234,44.77920150756836,44.77920150756836,3966
2022-04-12-11-48-00 GMT-0400,44.77000045776367,44.775001525878906,44.7599983215332,44.76499938964844,44.76499938964844,2485
2022-04-12-11-49-00 GMT-0400,44.76499938964844,44.790000915527344,44.76499938964844,44.78499984741211,44.78499984741211,9334
2022-04-12-11-50-00 GMT-0400,44.779998779296875,44.779998779296875,44.76250076293945,44.779998779296875,44.779998779296875,2370
2022-04-12-11-51-00 GMT-0400,44.77000045776367,44.810001373291016,44.76499938964844,44.79999923706055,44.79999923706055,8864
2022-04-12-11-52-00 GMT-0400,44.79999923706055,44.81460189819336,44.78499984741211,44.81460189819336,44.81460189819336,5848
2022-04-12-11-53-00 GMT-0400,44.814998626708984,44.81999969482422,44.78499984741211,44.78499984741211,44.78499984741211,3609
2022-04-12-11-54-00 GMT-0400,44.779998779296875,44.779998779296875,44.75,44.7599983215332,44.7599983215332,3389
2022-04-12-11-55-00 GMT-0400,44.77000045776367,44.810001373291016,44.77000045776367,44.810001373291016,44.810001373291016,12371
2022-04-12-11-56-00 GMT-0400,44.80500030517578,44.81999969482422,44.779998779296875,44.78499984741211,44.78499984741211,10144
2022-04-12-11-57-00 GMT-0400,44.76499938964844,44.76499938964844,44.75,44.75,44.75,618
2022-04-12-11-58-00 GMT-0400,44.75,44.7599983215332,44.73500061035156,44.7400016784668,44.7400016784668,16463
2022-04-12-11-59-00 GMT-0400,44.72999954223633,44.7400016784668,44.72999954223633,44.7400016784668,44.7400016784668,4056
2022-04-12-12-00-00 GMT-0400,44.7400016784668,44.7400016784668,44.685001373291016,44.689998626708984,44.689998626708984,6742
2022-04-12-12-01-00 GMT-0400,44.70000076293945,44.71500015258789,44.69499969482422,44.71289825439453,44.71289825439453,6486
2022-04-12-12-02-00 GMT-0400,44.720001220703125,44.73500061035156,44.709999084472656,44.726600646972656,44.726600646972656,8039
2022-04-12-12-03-00 GMT-0400,44.724998474121094,44.724998474121094,44.709999084472656,44.71900177001953,44.71900177001953,11928
2022-04-12-12-04-00 GMT-0400,44.71500015258789,44.71500015258789,44.69499969482422,44.70000076293945,44.70000076293945,3542
2022-04-12-12-05-00 GMT-0400,44.70000076293945,44.72999954223633,44.69499969482422,44.709999084472656,44.709999084472656,17436
2022-04-12-12-06-00 GMT-0400,44.69499969482422,44.69499969482422,44.66999816894531,44.66999816894531,44.66999816894531,3128
2022-04-12-12-07-00 GMT-0400,44.66999816894531,44.70000076293945,44.66999816894531,44.67499923706055,44.67499923706055,8713
2022-04-12-12-08-00 GMT-0400,44.66999816894531,44.685001373291016,44.65999984741211,44.685001373291016,44.685001373291016,9958
2022-04-12-12-09-00 GMT-0400,44.689998626708984,44.689998626708984,44.665000915527344,44.68000030517578,44.68000030517578,11664
2022-04-12-12-10-00 GMT-0400,44.68000030517578,44.689998626708984,44.654998779296875,44.65999984741211,44.65999984741211,4421
2022-04-12-12-11-00 GMT-0400,44.654998779296875,44.66999816894531,44.650001525878906,44.654998779296875,44.654998779296875,3007
2022-04-12-12-12-00 GMT-0400,44.650001525878906,44.654998779296875,44.599998474121094,44.599998474121094,44.599998474121094,5283
2022-04-12-12-13-00 GMT-0400,44.60499954223633,44.60499954223633,44.584999084472656,44.599998474121094,44.599998474121094,7831
2022-04-12-12-14-00 GMT-0400,44.59000015258789,44.61000061035156,44.58000183105469,44.61000061035156,44.61000061035156,5015
2022-04-12-12-15-00 GMT-0400,44.61000061035156,44.619998931884766,44.59000015258789,44.61000061035156,44.61000061035156,7443
2022-04-12-12-16-00 GMT-0400,44.61000061035156,44.6150016784668,44.584999084472656,44.584999084472656,44.584999084472656,6645
2022-04-12-12-17-00 GMT-0400,44.58000183105469,44.59000015258789,44.56999969482422,44.584999084472656,44.584999084472656,5797
2022-04-12-12-18-00 GMT-0400,44.59000015258789,44.60499954223633,44.59000015258789,44.595001220703125,44.595001220703125,8602
2022-04-12-12-19-00 GMT-0400,44.584999084472656,44.59000015258789,44.564998626708984,44.58000183105469,44.58000183105469,9041
2022-04-12-12-20-00 GMT-0400,44.56999969482422,44.56999969482422,44.529998779296875,44.53499984741211,44.53499984741211,6154
2022-04-12-12-21-00 GMT-0400,44.540000915527344,44.564998626708984,44.540000915527344,44.560001373291016,44.560001373291016,7137
2022-04-12-12-22-00 GMT-0400,44.560001373291016,44.599998474121094,44.560001373291016,44.599998474121094,44.599998474121094,10934
2022-04-12-12-23-00 GMT-0400,44.595001220703125,44.61000061035156,44.595001220703125,44.60900115966797,44.60900115966797,6077
2022-04-12-12-24-00 GMT-0400,44.609901428222656,44.609901428222656,44.56999969482422,44.58000183105469,44.58000183105469,4371
2022-04-12-12-25-00 GMT-0400,44.59000015258789,44.59000015258789,44.529998779296875,44.560001373291016,44.560001373291016,13399
2022-04-12-12-26-00 GMT-0400,44.564998626708984,44.564998626708984,44.52000045776367,44.540000915527344,44.540000915527344,5203
2022-04-12-12-27-00 GMT-0400,44.525001525878906,44.53960037231445,44.525001525878906,44.533599853515625,44.533599853515625,4658
2022-04-12-12-28-00 GMT-0400,44.53010177612305,44.540000915527344,44.5099983215332,44.5099983215332,44.5099983215332,5212
2022-04-12-12-29-00 GMT-0400,44.5099983215332,44.5177001953125,44.5,44.505001068115234,44.505001068115234,2724
2022-04-12-12-30-00 GMT-0400,44.5,44.51499938964844,44.4900016784668,44.5099983215332,44.5099983215332,13199
2022-04-12-12-31-00 GMT-0400,44.51499938964844,44.560001373291016,44.51499938964844,44.560001373291016,44.560001373291016,7246
2022-04-12-12-32-00 GMT-0400,44.560001373291016,44.569801330566406,44.53499984741211,44.560001373291016,44.560001373291016,4121
2022-04-12-12-33-00 GMT-0400,44.560001373291016,44.56999969482422,44.560001373291016,44.56999969482422,44.56999969482422,3088
2022-04-12-12-34-00 GMT-0400,44.560001373291016,44.560001373291016,44.505001068115234,44.505001068115234,44.505001068115234,4299
2022-04-12-12-35-00 GMT-0400,44.5099983215332,44.5442008972168,44.5099983215332,44.5099983215332,44.5099983215332,5267
2022-04-12-12-36-00 GMT-0400,44.51300048828125,44.519901275634766,44.505001068115234,44.51369857788086,44.51369857788086,4467
2022-04-12-12-37-00 GMT-0400,44.5099983215332,44.599998474121094,44.505001068115234,44.55500030517578,44.55500030517578,65054
2022-04-12-12-38-00 GMT-0400,44.55500030517578,44.56999969482422,44.54999923706055,44.54999923706055,44.54999923706055,5999
2022-04-12-12-39-00 GMT-0400,44.540000915527344,44.540000915527344,44.53499984741211,44.540000915527344,44.540000915527344,2162
2022-04-12-12-40-00 GMT-0400,44.525001525878906,44.53499984741211,44.502601623535156,44.505001068115234,44.505001068115234,4582
2022-04-12-12-41-00 GMT-0400,44.505001068115234,44.525001525878906,44.500099182128906,44.525001525878906,44.525001525878906,3920
2022-04-12-12-42-00 GMT-0400,44.52000045776367,44.52000045776367,44.48500061035156,44.4900016784668,44.4900016784668,11194
2022-04-12-12-43-00 GMT-0400,44.4900016784668,44.4900016784668,44.470001220703125,44.4900016784668,44.4900016784668,5797
2022-04-12-12-44-00 GMT-0400,44.4900016784668,44.4900016784668,44.474998474121094,44.48970031738281,44.48970031738281,7686
2022-04-12-12-45-00 GMT-0400,44.5,44.505001068115234,44.5,44.5,44.5,2335
2022-04-12-12-46-00 GMT-0400,44.4900016784668,44.493099212646484,44.474998474121094,44.48500061035156,44.48500061035156,5270
2022-04-12-12-47-00 GMT-0400,44.4900016784668,44.5,44.47999954223633,44.5,44.5,2876
2022-04-12-12-48-00 GMT-0400,44.5,44.5,44.47999954223633,44.5,44.5,4257
2022-04-12-12-49-00 GMT-0400,44.5,44.51850128173828,44.5,44.5099983215332,44.5099983215332,5486
2022-04-12-12-50-00 GMT-0400,44.505001068115234,44.540000915527344,44.505001068115234,44.52149963378906,44.52149963378906,8431
2022-04-12-12-51-00 GMT-0400,44.529998779296875,44.540000915527344,44.525901794433594,44.525901794433594,44.525901794433594,2735
2022-04-12-12-52-00 GMT-0400,44.525001525878906,44.540000915527344,44.52000045776367,44.540000915527344,44.540000915527344,1913
2022-04-12-12-53-00 GMT-0400,44.53499984741211,44.54999923706055,44.529998779296875,44.529998779296875,44.529998779296875,2752
2022-04-12-12-54-00 GMT-0400,44.525001525878906,44.525001525878906,44.5099983215332,44.5099983215332,44.5099983215332,1943
2022-04-12-12-55-00 GMT-0400,44.5088996887207,44.5099983215332,44.494998931884766,44.5,44.5,5161
2022-04-12-12-56-00 GMT-0400,44.5099983215332,44.51390075683594,44.5,44.505001068115234,44.505001068115234,2161
2022-04-12-12-57-00 GMT-0400,44.5,44.52000045776367,44.4900016784668,44.505001068115234,44.505001068115234,7232
2022-04-12-12-58-00 GMT-0400,44.505001068115234,44.52000045776367,44.502498626708984,44.5099983215332,44.5099983215332,3308
2022-04-12-12-59-00 GMT-0400,44.5,44.540000915527344,44.49020004272461,44.49020004272461,44.49020004272461,35377
2022-04-12-13-00-00 GMT-0400,44.494998931884766,44.525001525878906,44.4900016784668,44.52000045776367,44.52000045776367,5200
2022-04-12-13-01-00 GMT-0400,44.51499938964844,44.519901275634766,44.5099983215332,44.519901275634766,44.519901275634766,1177
2022-04-12-13-02-00 GMT-0400,44.52000045776367,44.540000915527344,44.459999084472656,44.470001220703125,44.470001220703125,21166
2022-04-12-13-03-00 GMT-0400,44.48500061035156,44.48500061035156,44.470001220703125,44.474998474121094,44.474998474121094,4260
2022-04-12-13-04-00 GMT-0400,44.470001220703125,44.474998474121094,44.435001373291016,44.46500015258789,44.46500015258789,8791
2022-04-12-13-05-00 GMT-0400,44.470001220703125,44.525001525878906,44.470001220703125,44.525001525878906,44.525001525878906,9133
2022-04-12-13-06-00 GMT-0400,44.525001525878906,44.53499984741211,44.5099983215332,44.51499938964844,44.51499938964844,5984
2022-04-12-13-07-00 GMT-0400,44.52000045776367,44.560001373291016,44.52000045776367,44.540000915527344,44.540000915527344,8629
2022-04-12-13-08-00 GMT-0400,44.540000915527344,44.540000915527344,44.52000045776367,44.52000045776367,44.52000045776367,1112
2022-04-12-13-09-00 GMT-0400,44.519901275634766,44.519901275634766,44.5,44.5099983215332,44.5099983215332,2142
2022-04-12-13-10-00 GMT-0400,44.505001068115234,44.529998779296875,44.5,44.5,44.5,5821
2022-04-12-13-11-00 GMT-0400,44.505001068115234,44.505001068115234,44.5,44.5,44.5,3143
2022-04-12-13-12-00 GMT-0400,44.494998931884766,44.51499938964844,44.47999954223633,44.505001068115234,44.505001068115234,5888
2022-04-12-13-13-00 GMT-0400,44.505001068115234,44.55500030517578,44.505001068115234,44.529998779296875,44.529998779296875,13792
2022-04-12-13-14-00 GMT-0400,44.53900146484375,44.54499816894531,44.5099983215332,44.5099983215332,44.5099983215332,3309
2022-04-12-13-15-00 GMT-0400,44.5,44.529701232910156,44.494998931884766,44.5099983215332,44.5099983215332,5023
2022-04-12-13-16-00 GMT-0400,44.519901275634766,44.52000045776367,44.494998931884766,44.5,44.5,4323
2022-04-12-13-17-00 GMT-0400,44.5,44.52000045776367,44.5,44.514198303222656,44.514198303222656,4730
2022-04-12-13-18-00 GMT-0400,44.51499938964844,44.51499938964844,44.48500061035156,44.48500061035156,44.48500061035156,2908
2022-04-12-13-19-00 GMT-0400,44.48500061035156,44.494998931884766,44.48500061035156,44.494998931884766,44.494998931884766,3087
2022-04-12-13-20-00 GMT-0400,44.494998931884766,44.529998779296875,44.47999954223633,44.5,44.5,13315
2022-04-12-13-21-00 GMT-0400,44.50400161743164,44.5099983215332,44.50400161743164,44.5099983215332,44.5099983215332,1069
2022-04-12-13-22-00 GMT-0400,44.5,44.51499938964844,44.494998931884766,44.5,44.5,5739
2022-04-12-13-23-00 GMT-0400,44.505001068115234,44.529998779296875,44.5,44.5099983215332,44.5099983215332,22909
2022-04-12-13-24-00 GMT-0400,44.5099983215332,44.519901275634766,44.5099983215332,44.5099983215332,44.5099983215332,2493
2022-04-12-13-25-00 GMT-0400,44.51499938964844,44.52000045776367,44.5,44.5099983215332,44.5099983215332,2924
2022-04-12-13-26-00 GMT-0400,44.5099983215332,44.52000045776367,44.4900016784668,44.4900016784668,44.4900016784668,4098
2022-04-12-13-27-00 GMT-0400,44.48500061035156,44.49530029296875,44.47999954223633,44.47999954223633,44.47999954223633,3705
2022-04-12-13-28-00 GMT-0400,44.47999954223633,44.47999954223633,44.45500183105469,44.4651985168457,44.4651985168457,4961
2022-04-12-13-29-00 GMT-0400,44.470001220703125,44.49580001831055,44.470001220703125,44.4900016784668,44.4900016784668,7466
2022-04-12-13-30-00 GMT-0400,44.4900016784668,44.4900016784668,44.45000076293945,44.46500015258789,44.46500015258789,6033
2022-04-12-13-31-00 GMT-0400,44.46500015258789,44.47999954223633,44.45500183105469,44.47999954223633,44.47999954223633,5234
2022-04-12-13-32-00 GMT-0400,44.4838981628418,44.505001068115234,44.474998474121094,44.4900016784668,44.4900016784668,10020
2022-04-12-13-33-00 GMT-0400,44.494998931884766,44.494998931884766,44.482200622558594,44.48500061035156,44.48500061035156,2859
2022-04-12-13-34-00 GMT-0400,44.48500061035156,44.5,44.48500061035156,44.497501373291016,44.497501373291016,3821
2022-04-12-13-35-00 GMT-0400,44.4900016784668,44.4900016784668,44.474998474121094,44.47999954223633,44.47999954223633,5172
2022-04-12-13-36-00 GMT-0400,44.47999954223633,44.48500061035156,44.47999954223633,44.48400115966797,44.48400115966797,3320
2022-04-12-13-37-00 GMT-0400,44.47999954223633,44.48500061035156,44.46500015258789,44.48500061035156,44.48500061035156,5342
2022-04-12-13-38-00 GMT-0400,44.48500061035156,44.48500061035156,44.46500015258789,44.46500015258789,44.46500015258789,1480
2022-04-12-13-39-00 GMT-0400,44.459999084472656,44.46500015258789,44.45500183105469,44.45500183105469,44.45500183105469,3411
2022-04-12-13-40-00 GMT-0400,44.45500183105469,44.47999954223633,44.45000076293945,44.459999084472656,44.459999084472656,7988
2022-04-12-13-41-00 GMT-0400,44.45500183105469,44.459999084472656,44.454200744628906,44.45500183105469,44.45500183105469,2245
2022-04-12-13-42-00 GMT-0400,44.44499969482422,44.44499969482422,44.435001373291016,44.435001373291016,44.435001373291016,2081
2022-04-12-13-43-00 GMT-0400,44.435001373291016,44.435001373291016,44.41999816894531,44.43000030517578,44.43000030517578,6559
2022-04-12-13-44-00 GMT-0400,44.43000030517578,44.435001373291016,44.40230178833008,44.415000915527344,44.415000915527344,4962
2022-04-12-13-45-00 GMT-0400,44.415000915527344,44.415000915527344,44.39500045776367,44.400001525878906,44.400001525878906,6034
2022-04-12-13-46-00 GMT-0400,44.39500045776367,44.404998779296875,44.3849983215332,44.3849983215332,44.3849983215332,5525
2022-04-12-13-47-00 GMT-0400,44.380001068115234,44.3849983215332,44.369998931884766,44.380001068115234,44.380001068115234,4586
2022-04-12-13-48-00 GMT-0400,44.38999938964844,44.38999938964844,44.369998931884766,44.380001068115234,44.380001068115234,3398
2022-04-12-13-49-00 GMT-0400,44.369998931884766,44.380001068115234,44.36000061035156,44.375,44.375,5517
2022-04-12-13-50-00 GMT-0400,44.375,44.3849983215332,44.360198974609375,44.360198974609375,44.360198974609375,3342
2022-04-12-13-51-00 GMT-0400,44.369998931884766,44.369998931884766,44.345001220703125,44.345001220703125,44.345001220703125,7554
2022-04-12-13-52-00 GMT-0400,44.34000015258789,44.3650016784668,44.34000015258789,44.36000061035156,44.36000061035156,14854
2022-04-12-13-53-00 GMT-0400,44.3650016784668,44.3650016784668,44.35499954223633,44.36000061035156,44.36000061035156,2615
2022-04-12-13-54-00 GMT-0400,44.349998474121094,44.349998474121094,44.34000015258789,44.3400993347168,44.3400993347168,3638
2022-04-12-13-55-00 GMT-0400,44.34479904174805,44.34989929199219,44.310001373291016,44.31990051269531,44.31990051269531,10434
2022-04-12-13-56-00 GMT-0400,44.31129837036133,44.314998626708984,44.29999923706055,44.29999923706055,44.29999923706055,3451
2022-04-12-13-57-00 GMT-0400,44.310001373291016,44.310001373291016,44.30500030517578,44.310001373291016,44.310001373291016,3526
2022-04-12-13-58-00 GMT-0400,44.310001373291016,44.314998626708984,44.3031005859375,44.30500030517578,44.30500030517578,6200
2022-04-12-13-59-00 GMT-0400,44.310001373291016,44.314998626708984,44.290000915527344,44.290000915527344,44.290000915527344,17222
2022-04-12-14-00-00 GMT-0400,44.290000915527344,44.29499816894531,44.27000045776367,44.27000045776367,44.27000045776367,4216
2022-04-12-14-01-00 GMT-0400,44.272098541259766,44.272098541259766,44.25,44.255001068115234,44.255001068115234,8028
2022-04-12-14-02-00 GMT-0400,44.25,44.27000045776367,44.25,44.2599983215332,44.2599983215332,7736
2022-04-12-14-03-00 GMT-0400,44.27000045776367,44.279998779296875,44.255001068115234,44.2599983215332,44.2599983215332,5938
2022-04-12-14-04-00 GMT-0400,44.26499938964844,44.30500030517578,44.26499938964844,44.30500030517578,44.30500030517578,5982
2022-04-12-14-05-00 GMT-0400,44.29999923706055,44.310001373291016,44.275001525878906,44.310001373291016,44.310001373291016,7540
2022-04-12-14-06-00 GMT-0400,44.314998626708984,44.34000015258789,44.29999923706055,44.334999084472656,44.334999084472656,11560
2022-04-12-14-07-00 GMT-0400,44.349998474121094,44.3650016784668,44.33000183105469,44.33000183105469,44.33000183105469,19129
2022-04-12-14-08-00 GMT-0400,44.34000015258789,44.369998931884766,44.33000183105469,44.33000183105469,44.33000183105469,5070
2022-04-12-14-09-00 GMT-0400,44.32500076293945,44.375,44.32500076293945,44.369998931884766,44.369998931884766,20619
2022-04-12-14-10-00 GMT-0400,44.375,44.375,44.31999969482422,44.33000183105469,44.33000183105469,15032
2022-04-12-14-11-00 GMT-0400,44.31999969482422,44.31999969482422,44.29999923706055,44.30500030517578,44.30500030517578,3541
2022-04-12-14-12-00 GMT-0400,44.310001373291016,44.314998626708984,44.290000915527344,44.29499816894531,44.29499816894531,5007
2022-04-12-14-13-00 GMT-0400,44.290000915527344,44.33000183105469,44.279998779296875,44.31999969482422,44.31999969482422,10747
2022-04-12-14-14-00 GMT-0400,44.31999969482422,44.31999969482422,44.290000915527344,44.290000915527344,44.290000915527344,6418
2022-04-12-14-15-00 GMT-0400,44.29499816894531,44.31079864501953,44.290000915527344,44.29999923706055,44.29999923706055,17502
2022-04-12-14-16-00 GMT-0400,44.310001373291016,44.310001373291016,44.28499984741211,44.290000915527344,44.290000915527344,4968
2022-04-12-14-17-00 GMT-0400,44.290000915527344,44.290000915527344,44.279998779296875,44.290000915527344,44.290000915527344,2782
2022-04-12-14-18-00 GMT-0400,44.279998779296875,44.310001373291016,44.27000045776367,44.310001373291016,44.310001373291016,7381
2022-04-12-14-19-00 GMT-0400,44.314998626708984,44.31999969482422,44.30500030517578,44.310001373291016,44.310001373291016,6138
2022-04-12-14-20-00 GMT-0400,44.31159973144531,44.34000015258789,44.310001373291016,44.34000015258789,44.34000015258789,6161
2022-04-12-14-21-00 GMT-0400,44.34000015258789,44.34000015258789,44.33000183105469,44.334999084472656,44.334999084472656,3192
2022-04-12-14-22-00 GMT-0400,44.34000015258789,44.3650016784668,44.34000015258789,44.3650016784668,44.3650016784668,8989
2022-04-12-14-23-00 GMT-0400,44.36989974975586,44.369998931884766,44.33000183105469,44.33000183105469,44.33000183105469,5209
2022-04-12-14-24-00 GMT-0400,44.334999084472656,44.349998474121094,44.334999084472656,44.33980178833008,44.33980178833008,6153
2022-04-12-14-25-00 GMT-0400,44.32500076293945,44.36000061035156,44.320098876953125,44.36000061035156,44.36000061035156,7192
2022-04-12-14-26-00 GMT-0400,44.349998474121094,44.349998474121094,44.33000183105469,44.34000015258789,44.34000015258789,3073
2022-04-12-14-27-00 GMT-0400,44.334999084472656,44.349998474121094,44.32500076293945,44.349998474121094,44.349998474121094,5011
2022-04-12-14-28-00 GMT-0400,44.34000015258789,44.349998474121094,44.33000183105469,44.34000015258789,44.34000015258789,3956
2022-04-12-14-29-00 GMT-0400,44.33000183105469,44.345001220703125,44.31999969482422,44.334999084472656,44.334999084472656,5286
2022-04-12-14-30-00 GMT-0400,44.33300018310547,44.35499954223633,44.33000183105469,44.33000183105469,44.33000183105469,7204
2022-04-12-14-31-00 GMT-0400,44.33000183105469,44.349998474121094,44.33000183105469,44.330101013183594,44.330101013183594,11111
2022-04-12-14-32-00 GMT-0400,44.34000015258789,44.34000015258789,44.29499816894531,44.29499816894531,44.29499816894531,7157
2022-04-12-14-33-00 GMT-0400,44.290000915527344,44.30500030517578,44.274898529052734,44.29499816894531,44.29499816894531,12081
2022-04-12-14-34-00 GMT-0400,44.290000915527344,44.34000015258789,44.290000915527344,44.34000015258789,44.34000015258789,13710
2022-04-12-14-35-00 GMT-0400,44.34000015258789,44.369998931884766,44.32500076293945,44.369998931884766,44.369998931884766,10219
2022-04-12-14-36-00 GMT-0400,44.375,44.375,44.349998474121094,44.352298736572266,44.352298736572266,2959
2022-04-12-14-37-00 GMT-0400,44.34000015258789,44.349998474121094,44.334999084472656,44.334999084472656,44.334999084472656,7116
2022-04-12-14-38-00 GMT-0400,44.334999084472656,44.334999084472656,44.312400817871094,44.31999969482422,44.31999969482422,5852
2022-04-12-14-39-00 GMT-0400,44.31999969482422,44.31999969482422,44.29999923706055,44.29999923706055,44.29999923706055,7811
2022-04-12-14-40-00 GMT-0400,44.29499816894531,44.30500030517578,44.279998779296875,44.28499984741211,44.28499984741211,3456
2022-04-12-14-41-00 GMT-0400,44.290000915527344,44.310001373291016,44.28070068359375,44.310001373291016,44.310001373291016,10571
2022-04-12-14-42-00 GMT-0400,44.30500030517578,44.30500030517578,44.2599983215332,44.2599983215332,44.2599983215332,3149
2022-04-12-14-43-00 GMT-0400,44.2599983215332,44.2776985168457,44.25,44.2776985168457,44.2776985168457,6925
2022-04-12-14-44-00 GMT-0400,44.27000045776367,44.275001525878906,44.2599983215332,44.27000045776367,44.27000045776367,10750
2022-04-12-14-45-00 GMT-0400,44.279998779296875,44.310001373291016,44.279998779296875,44.306400299072266,44.306400299072266,6622
2022-04-12-14-46-00 GMT-0400,44.29999923706055,44.31999969482422,44.28499984741211,44.31999969482422,44.31999969482422,7724
2022-04-12-14-47-00 GMT-0400,44.33000183105469,44.345001220703125,44.31999969482422,44.33000183105469,44.33000183105469,8532
2022-04-12-14-48-00 GMT-0400,44.33000183105469,44.33000183105469,44.279998779296875,44.279998779296875,44.279998779296875,6356
2022-04-12-14-49-00 GMT-0400,44.28499984741211,44.29499816894531,44.279998779296875,44.279998779296875,44.279998779296875,11889
2022-04-12-14-50-00 GMT-0400,44.290000915527344,44.290000915527344,44.268001556396484,44.27000045776367,44.27000045776367,6894
2022-04-12-14-51-00 GMT-0400,44.27000045776367,44.29999923706055,44.2599983215332,44.28919982910156,44.28919982910156,13706
2022-04-12-14-52-00 GMT-0400,44.28499984741211,44.28499984741211,44.279998779296875,44.28499984741211,44.28499984741211,908
2022-04-12-14-53-00 GMT-0400,44.28499984741211,44.29499816894531,44.28499984741211,44.290000915527344,44.290000915527344,3976
2022-04-12-14-54-00 GMT-0400,44.29999923706055,44.310001373291016,44.290000915527344,44.290000915527344,44.290000915527344,8613
2022-04-12-14-55-00 GMT-0400,44.29499816894531,44.31999969482422,44.290000915527344,44.310001373291016,44.310001373291016,8914
2022-04-12-14-56-00 GMT-0400,44.31999969482422,44.31999969482422,44.310001373291016,44.314998626708984,44.314998626708984,5300
2022-04-12-14-57-00 GMT-0400,44.310001373291016,44.310001373291016,44.30400085449219,44.30400085449219,44.30400085449219,2234
2022-04-12-14-58-00 GMT-0400,44.30500030517578,44.31399917602539,44.29499816894531,44.29999923706055,44.29999923706055,5595
2022-04-12-14-59-00 GMT-0400,44.310001373291016,44.314998626708984,44.29499816894531,44.29499816894531,44.29499816894531,4321
2022-04-12-15-00-00 GMT-0400,44.29499816894531,44.29999923706055,44.28499984741211,44.290000915527344,44.290000915527344,10427
2022-04-12-15-01-00 GMT-0400,44.28499984741211,44.28499984741211,44.2599983215332,44.2599983215332,44.2599983215332,15133
2022-04-12-15-02-00 GMT-0400,44.26499938964844,44.26499938964844,44.21500015258789,44.23500061035156,44.23500061035156,23736
2022-04-12-15-03-00 GMT-0400,44.22999954223633,44.22999954223633,44.20000076293945,44.209999084472656,44.209999084472656,9188
2022-04-12-15-04-00 GMT-0400,44.21500015258789,44.21500015258789,44.189998626708984,44.19499969482422,44.19499969482422,8899
2022-04-12-15-05-00 GMT-0400,44.189998626708984,44.19499969482422,44.16999816894531,44.16999816894531,44.16999816894531,7198
2022-04-12-15-06-00 GMT-0400,44.17499923706055,44.220001220703125,44.17499923706055,44.21009826660156,44.21009826660156,12678
2022-04-12-15-07-00 GMT-0400,44.209999084472656,44.209999084472656,44.17499923706055,44.18149948120117,44.18149948120117,7353
2022-04-12-15-08-00 GMT-0400,44.18000030517578,44.18000030517578,44.150001525878906,44.150001525878906,44.150001525878906,8138
2022-04-12-15-09-00 GMT-0400,44.14500045776367,44.150001525878906,44.130001068115234,44.14500045776367,44.14500045776367,6677
2022-04-12-15-10-00 GMT-0400,44.14500045776367,44.15999984741211,44.1349983215332,44.1349983215332,44.1349983215332,5990
2022-04-12-15-11-00 GMT-0400,44.13999938964844,44.15999984741211,44.1349983215332,44.15999984741211,44.15999984741211,6540
2022-04-12-15-12-00 GMT-0400,44.154998779296875,44.18000030517578,44.150001525878906,44.154998779296875,44.154998779296875,7111
2022-04-12-15-13-00 GMT-0400,44.150001525878906,44.150001525878906,44.119998931884766,44.125,44.125,6679
2022-04-12-15-14-00 GMT-0400,44.130001068115234,44.13999938964844,44.119998931884766,44.1349983215332,44.1349983215332,12755
2022-04-12-15-15-00 GMT-0400,44.13999938964844,44.150001525878906,44.127601623535156,44.150001525878906,44.150001525878906,7958
2022-04-12-15-16-00 GMT-0400,44.154998779296875,44.1693000793457,44.150001525878906,44.15999984741211,44.15999984741211,5470
2022-04-12-15-17-00 GMT-0400,44.15999984741211,44.160099029541016,44.13999938964844,44.150001525878906,44.150001525878906,8585
2022-04-12-15-18-00 GMT-0400,44.154998779296875,44.154998779296875,44.130001068115234,44.1349983215332,44.1349983215332,10389
2022-04-12-15-19-00 GMT-0400,44.1349983215332,44.14500045776367,44.119998931884766,44.13999938964844,44.13999938964844,11393
2022-04-12-15-20-00 GMT-0400,44.150001525878906,44.16999816894531,44.14500045776367,44.15999984741211,44.15999984741211,19683
2022-04-12-15-21-00 GMT-0400,44.150001525878906,44.18000030517578,44.14500045776367,44.16999816894531,44.16999816894531,7016
2022-04-12-15-22-00 GMT-0400,44.16999816894531,44.16999816894531,44.130001068115234,44.133399963378906,44.133399963378906,15176
2022-04-12-15-23-00 GMT-0400,44.130001068115234,44.16999816894531,44.130001068115234,44.154998779296875,44.154998779296875,11298
2022-04-12-15-24-00 GMT-0400,44.150001525878906,44.150001525878906,44.125,44.125,44.125,10468
2022-04-12-15-25-00 GMT-0400,44.125,44.130001068115234,44.11000061035156,44.11000061035156,44.11000061035156,25536
2022-04-12-15-26-00 GMT-0400,44.11000061035156,44.1150016784668,44.08000183105469,44.099998474121094,44.099998474121094,6353
2022-04-12-15-27-00 GMT-0400,44.10499954223633,44.119998931884766,44.09590148925781,44.10499954223633,44.10499954223633,6999
2022-04-12-15-28-00 GMT-0400,44.10499954223633,44.11000061035156,44.084999084472656,44.084999084472656,44.084999084472656,6958
2022-04-12-15-29-00 GMT-0400,44.08000183105469,44.10499954223633,44.06999969482422,44.099998474121094,44.099998474121094,10741
2022-04-12-15-30-00 GMT-0400,44.099998474121094,44.11000061035156,44.084999084472656,44.10499954223633,44.10499954223633,12062
2022-04-12-15-31-00 GMT-0400,44.10499954223633,44.1150016784668,44.099998474121094,44.099998474121094,44.099998474121094,10314
2022-04-12-15-32-00 GMT-0400,44.095001220703125,44.09659957885742,44.04999923706055,44.07500076293945,44.07500076293945,11957
2022-04-12-15-33-00 GMT-0400,44.06999969482422,44.11000061035156,44.064998626708984,44.099998474121094,44.099998474121094,16805
2022-04-12-15-34-00 GMT-0400,44.084999084472656,44.09000015258789,44.070899963378906,44.08000183105469,44.08000183105469,8339
2022-04-12-15-35-00 GMT-0400,44.07500076293945,44.08000183105469,44.060001373291016,44.08000183105469,44.08000183105469,10315
2022-04-12-15-36-00 GMT-0400,44.08000183105469,44.11800003051758,44.060001373291016,44.11800003051758,44.11800003051758,12184
2022-04-12-15-37-00 GMT-0400,44.119998931884766,44.125,44.10499954223633,44.11000061035156,44.11000061035156,11798
2022-04-12-15-38-00 GMT-0400,44.119998931884766,44.165000915527344,44.119998931884766,44.165000915527344,44.165000915527344,13834
2022-04-12-15-39-00 GMT-0400,44.15999984741211,44.189998626708984,44.154998779296875,44.17959976196289,44.17959976196289,16851
2022-04-12-15-40-00 GMT-0400,44.16999816894531,44.19499969482422,44.16999816894531,44.16999816894531,44.16999816894531,16251
2022-04-12-15-41-00 GMT-0400,44.17499923706055,44.19499969482422,44.15999984741211,44.15999984741211,44.15999984741211,7818
2022-04-12-15-42-00 GMT-0400,44.15999984741211,44.17499923706055,44.150001525878906,44.154998779296875,44.154998779296875,25206
2022-04-12-15-43-00 GMT-0400,44.154998779296875,44.165000915527344,44.13999938964844,44.150001525878906,44.150001525878906,18509
2022-04-12-15-44-00 GMT-0400,44.154998779296875,44.185001373291016,44.150001525878906,44.1599006652832,44.1599006652832,18855
2022-04-12-15-45-00 GMT-0400,44.154998779296875,44.16999816894531,44.13999938964844,44.165000915527344,44.165000915527344,23618
2022-04-12-15-46-00 GMT-0400,44.165000915527344,44.19499969482422,44.154998779296875,44.19499969482422,44.19499969482422,20103
2022-04-12-15-47-00 GMT-0400,44.19499969482422,44.25,44.189998626708984,44.25,44.25,24749
2022-04-12-15-48-00 GMT-0400,44.25,44.29499816894531,44.25,44.26499938964844,44.26499938964844,20033
2022-04-12-15-49-00 GMT-0400,44.26559829711914,44.26559829711914,44.2400016784668,44.2400016784668,44.2400016784668,24506
2022-04-12-15-50-00 GMT-0400,44.22999954223633,44.28499984741211,44.22999954223633,44.2599983215332,44.2599983215332,36397
2022-04-12-15-51-00 GMT-0400,44.27000045776367,44.275001525878906,44.19499969482422,44.20000076293945,44.20000076293945,38305
2022-04-12-15-52-00 GMT-0400,44.189998626708984,44.20000076293945,44.16999816894531,44.185001373291016,44.185001373291016,27410
2022-04-12-15-53-00 GMT-0400,44.185001373291016,44.189998626708984,44.15999984741211,44.185001373291016,44.185001373291016,56868
2022-04-12-15-54-00 GMT-0400,44.189998626708984,44.22999954223633,44.17499923706055,44.220001220703125,44.220001220703125,47516
2022-04-12-15-55-00 GMT-0400,44.220001220703125,44.25,44.220001220703125,44.2400016784668,44.2400016784668,71329
2022-04-12-15-56-00 GMT-0400,44.244998931884766,44.27000045776367,44.23500061035156,44.26499938964844,44.26499938964844,76068
2022-04-12-15-57-00 GMT-0400,44.26499938964844,44.26499938964844,44.2400016784668,44.244998931884766,44.244998931884766,82822
2022-04-12-15-58-00 GMT-0400,44.244998931884766,44.279998779296875,44.2400016784668,44.275001525878906,44.275001525878906,66740
2022-04-12-15-59-00 GMT-0400,44.27000045776367,44.279998779296875,44.220001220703125,44.220001220703125,44.220001220703125,104562
2022-04-12-16-00-00 GMT-0400,44.22,44.28,44.22,44.23,44.23,405714
2022-04-12-16-01-00 GMT-0400,44.23,44.23,44.23,44.23,44.23,0
2022-04-12-16-02-00 GMT-0400,44.23,44.23,44.0895,44.23,44.23,0
2022-04-12-16-03-00 GMT-0400,44.21,44.21,44.21,44.21,44.21,0
2022-04-12-16-08-00 GMT-0400,44.19,44.23,44.19,44.19,44.19,0
2022-04-12-16-12-00 GMT-0400,44.2,44.23,44.2,44.23,44.23,0
2022-04-12-16-14-00 GMT-0400,44.2,44.2,44.2,44.2,44.2,0
2022-04-12-16-15-00 GMT-0400,44.23,44.23,44.19,44.19,44.19,0
2022-04-12-16-18-00 GMT-0400,44.24,44.24,44.24,44.24,44.24,0
2022-04-12-16-19-00 GMT-0400,44.19,44.19,44.19,44.19,44.19,0
2022-04-12-16-20-00 GMT-0400,44.23,44.24,44.23,44.24,44.24,0
2022-04-12-16-21-00 GMT-0400,44.28,44.28,44.28,44.28,44.28,0
2022-04-12-16-40-00 GMT-0400,44.28,44.28,44.2326,44.2326,44.2326,0
2022-04-12-16-41-00 GMT-0400,44.24,44.24,44.23,44.23,44.23,0
2022-04-12-17-09-00 GMT-0400,44.235,44.235,44.235,44.235,44.235,0
2022-04-12-17-18-00 GMT-0400,44.2799,44.28,44.2799,44.28,44.28,0
2022-04-12-17-51-00 GMT-0400,44.25,44.25,44.23,44.23,44.23,0
2022-04-12-17-57-00 GMT-0400,44.28,44.3,44.28,44.3,44.3,0
2022-04-12-18-35-00 GMT-0400,44.25,44.25,44.25,44.25,44.25,0
2022-04-12-19-05-00 GMT-0400,44.25,44.3,44.25,44.3,44.3,0
