Datetime,Open,High,Low,Close,Adj Close,Volume
2021-07-28-04-00-00 GMT-0400,2764.7,2780.0,2762.81,2762.81,2762.81,0
2021-07-28-04-02-00 GMT-0400,2771.0,2771.0,2764.16,2764.16,2764.16,0
2021-07-28-04-03-00 GMT-0400,2764.16,2767.02,2764.16,2767.02,2767.02,0
2021-07-28-04-04-00 GMT-0400,2771.27,2771.27,2768.0,2771.09,2771.09,0
2021-07-28-04-05-00 GMT-0400,2775.82,2775.82,2775.0,2775.0,2775.0,0
2021-07-28-04-06-00 GMT-0400,2771.0,2780.65,2771.0,2780.65,2780.65,0
2021-07-28-04-07-00 GMT-0400,2780.0,2780.0,2780.0,2780.0,2780.0,0
2021-07-28-04-08-00 GMT-0400,2778.92,2778.92,2776.96,2776.96,2776.96,0
2021-07-28-04-10-00 GMT-0400,2775.01,2778.44,2775.0,2776.21,2776.21,0
2021-07-28-04-13-00 GMT-0400,2777.0,2777.0,2777.0,2777.0,2777.0,0
2021-07-28-04-14-00 GMT-0400,2777.0,2778.66,2777.0,2778.66,2778.66,0
2021-07-28-04-15-00 GMT-0400,2778.66,2778.72,2778.66,2778.72,2778.72,0
2021-07-28-04-17-00 GMT-0400,2778.5,2778.5,2778.5,2778.5,2778.5,0
2021-07-28-04-19-00 GMT-0400,2778.5,2780.21,2777.0,2779.81,2779.81,0
2021-07-28-04-20-00 GMT-0400,2780.0,2780.0,2778.0,2778.0,2778.0,0
2021-07-28-04-21-00 GMT-0400,2780.94,2784.0,2777.0,2782.14,2782.14,0
2021-07-28-04-24-00 GMT-0400,2783.9,2783.9,2783.9,2783.9,2783.9,0
2021-07-28-04-26-00 GMT-0400,2783.84,2783.84,2783.84,2783.84,2783.84,0
2021-07-28-04-27-00 GMT-0400,2783.84,2783.9,2783.84,2783.9,2783.9,0
2021-07-28-04-28-00 GMT-0400,2784.66,2784.66,2783.84,2783.84,2783.84,0
2021-07-28-04-29-00 GMT-0400,2783.9,2783.9,2783.0,2783.79,2783.79,0
2021-07-28-04-30-00 GMT-0400,2783.9,2786.0,2783.89,2785.0,2785.0,0
2021-07-28-04-31-00 GMT-0400,2787.39,2787.39,2787.39,2787.39,2787.39,0
2021-07-28-04-32-00 GMT-0400,2788.0,2789.15,2788.0,2789.15,2789.15,0
2021-07-28-04-33-00 GMT-0400,2789.15,2789.15,2789.0,2789.0,2789.0,0
2021-07-28-04-34-00 GMT-0400,2789.0,2789.0,2787.0,2787.0,2787.0,0
2021-07-28-04-35-00 GMT-0400,2789.0,2789.0,2784.64,2784.64,2784.64,0
2021-07-28-04-36-00 GMT-0400,2788.8,2788.8,2782.9,2782.9,2782.9,0
2021-07-28-04-38-00 GMT-0400,2784.69,2784.69,2784.0,2784.0,2784.0,0
2021-07-28-04-39-00 GMT-0400,2787.8,2787.8,2787.8,2787.8,2787.8,0
2021-07-28-04-40-00 GMT-0400,2788.6,2789.5,2784.35,2784.35,2784.35,0
2021-07-28-04-41-00 GMT-0400,2785.8,2786.1,2784.33,2784.33,2784.33,0
2021-07-28-04-42-00 GMT-0400,2787.78,2789.25,2787.78,2789.25,2789.25,0
2021-07-28-04-45-00 GMT-0400,2788.99,2788.99,2788.0,2788.0,2788.0,0
2021-07-28-04-46-00 GMT-0400,2788.99,2788.99,2785.04,2787.0,2787.0,0
2021-07-28-04-47-00 GMT-0400,2786.0,2786.0,2786.0,2786.0,2786.0,0
2021-07-28-04-52-00 GMT-0400,2785.97,2786.0,2785.97,2786.0,2786.0,0
2021-07-28-04-55-00 GMT-0400,2785.9,2785.9,2785.9,2785.9,2785.9,0
2021-07-28-04-58-00 GMT-0400,2785.06,2785.06,2784.16,2784.16,2784.16,0
2021-07-28-04-59-00 GMT-0400,2783.15,2783.15,2783.15,2783.15,2783.15,0
2021-07-28-05-01-00 GMT-0400,2783.97,2783.98,2783.97,2783.97,2783.97,0
2021-07-28-05-02-00 GMT-0400,2783.0,2783.98,2783.0,2783.97,2783.97,0
2021-07-28-05-03-00 GMT-0400,2785.06,2785.06,2785.06,2785.06,2785.06,0
2021-07-28-05-06-00 GMT-0400,2783.85,2784.0,2781.39,2784.0,2784.0,0
2021-07-28-05-07-00 GMT-0400,2780.0,2781.0,2780.0,2781.0,2781.0,0
2021-07-28-05-08-00 GMT-0400,2780.01,2781.0,2780.0,2781.0,2781.0,0
2021-07-28-05-10-00 GMT-0400,2781.0,2781.0,2780.0,2780.0,2780.0,0
2021-07-28-05-13-00 GMT-0400,2780.0,2780.0,2777.9,2777.9,2777.9,0
2021-07-28-05-14-00 GMT-0400,2778.15,2778.15,2778.15,2778.15,2778.15,0
2021-07-28-05-16-00 GMT-0400,2780.05,2781.0,2780.05,2781.0,2781.0,0
2021-07-28-05-18-00 GMT-0400,2782.02,2782.03,2782.02,2782.03,2782.03,0
2021-07-28-05-19-00 GMT-0400,2782.02,2782.02,2782.02,2782.02,2782.02,0
2021-07-28-05-22-00 GMT-0400,2781.0,2781.0,2779.43,2779.48,2779.48,0
2021-07-28-05-26-00 GMT-0400,2779.48,2779.48,2779.48,2779.48,2779.48,0
2021-07-28-05-28-00 GMT-0400,2781.72,2782.83,2777.0,2777.0,2777.0,0
2021-07-28-05-32-00 GMT-0400,2779.77,2780.0,2779.77,2780.0,2780.0,0
2021-07-28-05-33-00 GMT-0400,2779.0,2779.0,2779.0,2779.0,2779.0,0
2021-07-28-05-34-00 GMT-0400,2780.28,2780.28,2780.27,2780.27,2780.27,0
2021-07-28-05-38-00 GMT-0400,2779.99,2780.0,2779.99,2780.0,2780.0,0
2021-07-28-05-43-00 GMT-0400,2779.23,2779.23,2779.23,2779.23,2779.23,0
2021-07-28-05-44-00 GMT-0400,2779.2,2779.2,2779.2,2779.2,2779.2,0
2021-07-28-05-45-00 GMT-0400,2779.69,2780.0,2779.69,2780.0,2780.0,0
2021-07-28-05-46-00 GMT-0400,2779.0,2779.0,2777.0,2777.04,2777.04,0
2021-07-28-05-49-00 GMT-0400,2777.03,2777.03,2777.03,2777.03,2777.03,0
2021-07-28-05-51-00 GMT-0400,2779.7,2779.7,2779.7,2779.7,2779.7,0
2021-07-28-05-59-00 GMT-0400,2778.98,2778.98,2778.98,2778.98,2778.98,0
2021-07-28-06-00-00 GMT-0400,2778.82,2781.0,2778.82,2781.0,2781.0,0
2021-07-28-06-01-00 GMT-0400,2781.0,2781.0,2781.0,2781.0,2781.0,0
2021-07-28-06-02-00 GMT-0400,2781.92,2787.97,2779.41,2780.07,2780.07,0
2021-07-28-06-04-00 GMT-0400,2783.89,2783.89,2783.89,2783.89,2783.89,0
2021-07-28-06-08-00 GMT-0400,2783.89,2784.8,2783.89,2784.8,2784.8,0
2021-07-28-06-11-00 GMT-0400,2784.7,2784.7,2784.7,2784.7,2784.7,0
2021-07-28-06-14-00 GMT-0400,2784.7,2784.7,2784.68,2784.68,2784.68,0
2021-07-28-06-19-00 GMT-0400,2783.97,2783.97,2783.97,2783.97,2783.97,0
2021-07-28-06-23-00 GMT-0400,2781.25,2781.25,2781.25,2781.25,2781.25,0
2021-07-28-06-25-00 GMT-0400,2782.47,2782.47,2782.47,2782.47,2782.47,0
2021-07-28-06-28-00 GMT-0400,2781.22,2781.22,2780.81,2780.81,2780.81,0
2021-07-28-06-31-00 GMT-0400,2782.01,2782.01,2782.0,2782.0,2782.0,0
2021-07-28-06-32-00 GMT-0400,2782.35,2782.35,2781.9,2782.0,2782.0,0
2021-07-28-06-34-00 GMT-0400,2782.9,2784.47,2781.92,2784.47,2784.47,0
2021-07-28-06-35-00 GMT-0400,2783.65,2784.47,2783.65,2784.47,2784.47,0
2021-07-28-06-36-00 GMT-0400,2781.21,2781.31,2780.0,2780.0,2780.0,0
2021-07-28-06-39-00 GMT-0400,2782.18,2783.0,2782.18,2783.0,2783.0,0
2021-07-28-06-43-00 GMT-0400,2780.0,2784.2,2778.0,2784.2,2784.2,0
2021-07-28-06-50-00 GMT-0400,2778.61,2779.67,2777.03,2778.06,2778.06,0
2021-07-28-06-53-00 GMT-0400,2777.57,2777.73,2777.0,2777.0,2777.0,0
2021-07-28-06-54-00 GMT-0400,2777.33,2777.33,2777.0,2777.0,2777.0,0
2021-07-28-06-55-00 GMT-0400,2774.96,2777.0,2774.96,2777.0,2777.0,0
2021-07-28-07-00-00 GMT-0400,2781.22,2784.89,2777.0,2778.85,2778.85,0
2021-07-28-07-01-00 GMT-0400,2780.0,2781.88,2778.74,2781.88,2781.88,0
2021-07-28-07-02-00 GMT-0400,2780.01,2781.7,2780.01,2781.7,2781.7,0
2021-07-28-07-03-00 GMT-0400,2781.0,2781.19,2781.0,2781.0,2781.0,0
2021-07-28-07-04-00 GMT-0400,2780.05,2780.99,2779.0,2779.0,2779.0,0
2021-07-28-07-05-00 GMT-0400,2781.36,2781.36,2780.0,2780.0,2780.0,0
2021-07-28-07-06-00 GMT-0400,2780.51,2781.0,2780.51,2781.0,2781.0,0
2021-07-28-07-07-00 GMT-0400,2780.0,2782.98,2780.0,2782.98,2782.98,0
2021-07-28-07-08-00 GMT-0400,2782.17,2783.0,2778.92,2782.0,2782.0,0
2021-07-28-07-09-00 GMT-0400,2782.0,2783.28,2780.0,2783.28,2783.28,0
2021-07-28-07-10-00 GMT-0400,2783.28,2785.0,2783.28,2785.0,2785.0,0
2021-07-28-07-11-00 GMT-0400,2785.0,2785.8,2784.97,2784.99,2784.99,0
2021-07-28-07-12-00 GMT-0400,2784.98,2786.46,2784.98,2785.0,2785.0,0
2021-07-28-07-13-00 GMT-0400,2784.12,2784.12,2784.0,2784.0,2784.0,0
2021-07-28-07-14-00 GMT-0400,2784.69,2785.0,2784.69,2785.0,2785.0,0
2021-07-28-07-15-00 GMT-0400,2785.0,2785.0,2784.0,2784.0,2784.0,0
2021-07-28-07-16-00 GMT-0400,2783.64,2784.0,2783.64,2784.0,2784.0,0
2021-07-28-07-17-00 GMT-0400,2782.08,2783.0,2781.8,2782.0,2782.0,0
2021-07-28-07-18-00 GMT-0400,2782.0,2783.0,2782.0,2782.0,2782.0,0
2021-07-28-07-19-00 GMT-0400,2781.47,2783.0,2780.0,2783.0,2783.0,0
2021-07-28-07-20-00 GMT-0400,2782.0,2782.0,2782.0,2782.0,2782.0,0
2021-07-28-07-21-00 GMT-0400,2781.75,2781.75,2780.59,2780.69,2780.69,0
2021-07-28-07-22-00 GMT-0400,2781.66,2782.8,2780.18,2782.8,2782.8,0
2021-07-28-07-23-00 GMT-0400,2782.4,2782.48,2781.51,2781.51,2781.51,0
2021-07-28-07-24-00 GMT-0400,2782.48,2784.36,2780.01,2780.01,2780.01,0
2021-07-28-07-25-00 GMT-0400,2780.9,2783.19,2780.4,2783.0,2783.0,0
2021-07-28-07-26-00 GMT-0400,2783.0,2783.0,2781.18,2781.18,2781.18,0
2021-07-28-07-27-00 GMT-0400,2781.13,2781.13,2780.97,2780.97,2780.97,0
2021-07-28-07-28-00 GMT-0400,2780.27,2782.23,2780.27,2782.23,2782.23,0
2021-07-28-07-29-00 GMT-0400,2782.23,2782.48,2782.0,2782.48,2782.48,0
2021-07-28-07-30-00 GMT-0400,2782.9,2782.9,2781.16,2781.51,2781.51,0
2021-07-28-07-31-00 GMT-0400,2781.0,2781.06,2781.0,2781.06,2781.06,0
2021-07-28-07-33-00 GMT-0400,2782.4,2782.4,2782.4,2782.4,2782.4,0
2021-07-28-07-34-00 GMT-0400,2780.06,2782.58,2780.06,2781.15,2781.15,0
2021-07-28-07-36-00 GMT-0400,2780.76,2781.17,2780.1,2781.0,2781.0,0
2021-07-28-07-37-00 GMT-0400,2780.17,2780.17,2780.17,2780.17,2780.17,0
2021-07-28-07-38-00 GMT-0400,2782.8,2782.89,2781.07,2782.0,2782.0,0
2021-07-28-07-39-00 GMT-0400,2782.0,2782.0,2780.0,2781.34,2781.34,0
2021-07-28-07-42-00 GMT-0400,2778.21,2780.0,2778.21,2780.0,2780.0,0
2021-07-28-07-44-00 GMT-0400,2779.0,2779.07,2778.0,2778.76,2778.76,0
2021-07-28-07-45-00 GMT-0400,2778.78,2778.9,2778.05,2778.05,2778.05,0
2021-07-28-07-46-00 GMT-0400,2779.0,2779.0,2778.99,2779.0,2779.0,0
2021-07-28-07-47-00 GMT-0400,2779.0,2779.46,2777.0,2777.0,2777.0,0
2021-07-28-07-48-00 GMT-0400,2777.0,2777.0,2775.19,2775.19,2775.19,0
2021-07-28-07-49-00 GMT-0400,2776.05,2777.17,2776.05,2777.17,2777.17,0
2021-07-28-07-50-00 GMT-0400,2775.96,2777.17,2775.0,2777.17,2777.17,0
2021-07-28-07-51-00 GMT-0400,2776.13,2776.13,2775.0,2775.0,2775.0,0
2021-07-28-07-52-00 GMT-0400,2777.0,2777.67,2777.0,2777.67,2777.67,0
2021-07-28-07-53-00 GMT-0400,2775.0,2775.0,2774.98,2774.98,2774.98,0
2021-07-28-07-54-00 GMT-0400,2775.0,2776.71,2774.99,2776.71,2776.71,0
2021-07-28-07-55-00 GMT-0400,2775.07,2777.61,2775.07,2777.61,2777.61,0
2021-07-28-07-56-00 GMT-0400,2774.97,2774.97,2774.0,2774.55,2774.55,0
2021-07-28-07-57-00 GMT-0400,2777.6,2783.0,2775.37,2781.1,2781.1,0
2021-07-28-07-59-00 GMT-0400,2780.25,2780.25,2780.25,2780.25,2780.25,0
2021-07-28-08-00-00 GMT-0400,2780.25,2788.0,2771.0,2782.0,2782.0,0
2021-07-28-08-01-00 GMT-0400,2779.0,2779.02,2770.03,2778.0,2778.0,0
2021-07-28-08-02-00 GMT-0400,2777.66,2778.0,2777.66,2777.95,2777.95,0
2021-07-28-08-03-00 GMT-0400,2777.0,2778.0,2777.0,2777.0,2777.0,0
2021-07-28-08-04-00 GMT-0400,2777.0,2777.0,2775.16,2776.45,2776.45,0
2021-07-28-08-05-00 GMT-0400,2776.32,2776.6,2774.55,2774.55,2774.55,0
2021-07-28-08-06-00 GMT-0400,2774.01,2776.32,2773.09,2776.32,2776.32,0
2021-07-28-08-07-00 GMT-0400,2774.55,2775.2,2773.02,2775.2,2775.2,0
2021-07-28-08-08-00 GMT-0400,2774.49,2776.1,2774.25,2775.0,2775.0,0
2021-07-28-08-09-00 GMT-0400,2775.0,2775.0,2775.0,2775.0,2775.0,0
2021-07-28-08-10-00 GMT-0400,2770.01,2781.96,2770.01,2776.82,2776.82,0
2021-07-28-08-11-00 GMT-0400,2779.99,2779.99,2776.0,2776.0,2776.0,0
2021-07-28-08-12-00 GMT-0400,2778.91,2778.91,2776.26,2777.58,2777.58,0
2021-07-28-08-13-00 GMT-0400,2777.5,2779.99,2777.5,2778.0,2778.0,0
2021-07-28-08-14-00 GMT-0400,2778.87,2779.99,2735.93,2735.93,2735.93,0
2021-07-28-08-15-00 GMT-0400,2777.58,2777.58,2776.5,2776.5,2776.5,0
2021-07-28-08-16-00 GMT-0400,2778.87,2779.0,2778.87,2778.87,2778.87,0
2021-07-28-08-17-00 GMT-0400,2778.91,2778.92,2777.34,2778.92,2778.92,0
2021-07-28-08-18-00 GMT-0400,2778.91,2780.0,2778.0,2778.92,2778.92,0
2021-07-28-08-19-00 GMT-0400,2777.81,2779.94,2776.0,2776.0,2776.0,0
2021-07-28-08-20-00 GMT-0400,2776.1,2779.99,2770.03,2770.03,2770.03,0
2021-07-28-08-21-00 GMT-0400,2778.0,2778.0,2776.0,2777.62,2777.62,0
2021-07-28-08-22-00 GMT-0400,2777.21,2777.97,2774.59,2776.02,2776.02,0
2021-07-28-08-23-00 GMT-0400,2777.0,2777.0,2775.03,2776.0,2776.0,0
2021-07-28-08-24-00 GMT-0400,2776.98,2780.0,2776.98,2777.0,2777.0,0
2021-07-28-08-25-00 GMT-0400,2777.0,2777.0,2776.0,2776.0,2776.0,0
2021-07-28-08-26-00 GMT-0400,2776.0,2777.0,2776.0,2777.0,2777.0,0
2021-07-28-08-27-00 GMT-0400,2776.0,2780.0,2775.0,2775.1,2775.1,0
2021-07-28-08-28-00 GMT-0400,2775.03,2779.98,2775.0,2779.98,2779.98,0
2021-07-28-08-29-00 GMT-0400,2775.98,2776.55,2775.98,2776.0,2776.0,0
2021-07-28-08-30-00 GMT-0400,2776.83,2778.0,2776.83,2777.0,2777.0,0
2021-07-28-08-31-00 GMT-0400,2777.02,2781.58,2777.0,2780.23,2780.23,0
2021-07-28-08-32-00 GMT-0400,2781.32,2783.0,2781.32,2783.0,2783.0,0
2021-07-28-08-33-00 GMT-0400,2783.0,2786.89,2735.93,2782.29,2782.29,0
2021-07-28-08-34-00 GMT-0400,2785.0,2785.0,2780.8,2781.1,2781.1,0
2021-07-28-08-35-00 GMT-0400,2781.1,2782.0,2780.3,2781.0,2781.0,0
2021-07-28-08-36-00 GMT-0400,2780.99,2783.0,2780.75,2782.17,2782.17,0
2021-07-28-08-37-00 GMT-0400,2781.46,2783.0,2776.0,2781.05,2781.05,0
2021-07-28-08-38-00 GMT-0400,2781.35,2782.17,2780.0,2780.75,2780.75,0
2021-07-28-08-39-00 GMT-0400,2780.4,2780.4,2779.98,2780.03,2780.03,0
2021-07-28-08-40-00 GMT-0400,2781.2,2784.6,2781.2,2784.44,2784.44,0
2021-07-28-08-42-00 GMT-0400,2784.44,2788.0,2780.0,2785.0,2785.0,0
2021-07-28-08-43-00 GMT-0400,2784.44,2787.89,2782.73,2784.0,2784.0,0
2021-07-28-08-44-00 GMT-0400,2783.12,2784.46,2783.12,2784.46,2784.46,0
2021-07-28-08-45-00 GMT-0400,2783.5,2784.53,2783.5,2784.0,2784.0,0
2021-07-28-08-46-00 GMT-0400,2784.0,2784.0,2779.01,2779.01,2779.01,0
2021-07-28-08-47-00 GMT-0400,2780.06,2783.0,2777.41,2778.06,2778.06,0
2021-07-28-08-48-00 GMT-0400,2779.7,2781.53,2777.4,2777.4,2777.4,0
2021-07-28-08-49-00 GMT-0400,2779.84,2780.0,2776.44,2780.0,2780.0,0
2021-07-28-08-50-00 GMT-0400,2777.0,2781.0,2776.09,2781.0,2781.0,0
2021-07-28-08-51-00 GMT-0400,2779.91,2780.0,2775.84,2777.76,2777.76,0
2021-07-28-08-52-00 GMT-0400,2776.0,2779.0,2776.0,2779.0,2779.0,0
2021-07-28-08-53-00 GMT-0400,2777.0,2779.9,2776.0,2777.99,2777.99,0
2021-07-28-08-54-00 GMT-0400,2778.2,2779.26,2775.99,2777.0,2777.0,0
2021-07-28-08-55-00 GMT-0400,2774.54,2777.0,2774.54,2777.0,2777.0,0
2021-07-28-08-56-00 GMT-0400,2777.0,2777.0,2776.98,2776.98,2776.98,0
2021-07-28-08-57-00 GMT-0400,2776.0,2776.0,2772.25,2774.94,2774.94,0
2021-07-28-08-58-00 GMT-0400,2773.0,2773.0,2770.61,2771.4,2771.4,0
2021-07-28-08-59-00 GMT-0400,2771.5,2772.6667,2770.5,2771.51,2771.51,0
2021-07-28-09-00-00 GMT-0400,2771.0,2773.0,2770.0,2772.11,2772.11,0
2021-07-28-09-01-00 GMT-0400,2771.5,2773.0,2770.0,2771.0,2771.0,0
2021-07-28-09-02-00 GMT-0400,2772.205,2775.13,2770.0,2772.95,2772.95,0
2021-07-28-09-03-00 GMT-0400,2773.0,2773.0,2771.5,2773.0,2773.0,0
2021-07-28-09-04-00 GMT-0400,2771.505,2775.0,2770.02,2770.08,2770.08,0
2021-07-28-09-05-00 GMT-0400,2770.5,2775.0,2767.31,2771.59,2771.59,0
2021-07-28-09-06-00 GMT-0400,2775.87,2775.87,2767.31,2769.155,2769.155,0
2021-07-28-09-07-00 GMT-0400,2769.155,2775.0,2767.31,2772.81,2772.81,0
2021-07-28-09-08-00 GMT-0400,2772.81,2775.63,2767.31,2767.31,2767.31,0
2021-07-28-09-09-00 GMT-0400,2770.155,2774.99,2769.62,2774.99,2774.99,0
2021-07-28-09-10-00 GMT-0400,2772.19,2772.82,2772.0,2772.82,2772.82,0
2021-07-28-09-11-00 GMT-0400,2771.5,2774.0,2771.0,2772.005,2772.005,0
2021-07-28-09-12-00 GMT-0400,2771.99,2774.0,2770.43,2772.5,2772.5,0
2021-07-28-09-13-00 GMT-0400,2771.06,2774.0,2770.0,2770.85,2770.85,0
2021-07-28-09-14-00 GMT-0400,2772.0,2772.0,2736.5183,2771.995,2771.995,0
2021-07-28-09-16-00 GMT-0400,2772.0,2772.84,2771.99,2771.995,2771.995,0
2021-07-28-09-30-00 GMT-0400,2776.93994140625,2776.989990234375,2776.93994140625,2776.989990234375,2776.989990234375,85896
2021-07-28-09-31-00 GMT-0400,2776.679931640625,2789.47998046875,2774.389892578125,2789.47998046875,2789.47998046875,27823
2021-07-28-09-32-00 GMT-0400,2789.889892578125,2793.52001953125,2787.0,2788.300048828125,2788.300048828125,23993
2021-07-28-09-33-00 GMT-0400,2787.39990234375,2788.330078125,2780.383056640625,2780.5,2780.5,16573
2021-07-28-09-34-00 GMT-0400,2781.885009765625,2785.72509765625,2778.8701171875,2779.47998046875,2779.47998046875,12229
2021-07-28-09-35-00 GMT-0400,2778.989990234375,2779.6201171875,2774.60009765625,2774.60009765625,2774.60009765625,12486
2021-07-28-09-36-00 GMT-0400,2773.35009765625,2774.675048828125,2765.1201171875,2765.1201171875,2765.1201171875,10179
2021-07-28-09-37-00 GMT-0400,2763.919921875,2764.800048828125,2756.0,2757.671875,2757.671875,25505
2021-07-28-09-38-00 GMT-0400,2760.9599609375,2761.8701171875,2755.469970703125,2758.860107421875,2758.860107421875,14911
2021-07-28-09-39-00 GMT-0400,2755.580078125,2755.72998046875,2743.06005859375,2745.64990234375,2745.64990234375,15250
2021-07-28-09-40-00 GMT-0400,2746.0,2747.179931640625,2743.169921875,2745.43994140625,2745.43994140625,15470
2021-07-28-09-41-00 GMT-0400,2745.030029296875,2754.77978515625,2745.030029296875,2752.080078125,2752.080078125,5351
2021-07-28-09-42-00 GMT-0400,2749.639892578125,2756.093505859375,2748.22998046875,2755.0,2755.0,13173
2021-07-28-09-43-00 GMT-0400,2755.18212890625,2757.02978515625,2750.719970703125,2753.530029296875,2753.530029296875,8031
2021-07-28-09-44-00 GMT-0400,2754.449951171875,2757.9755859375,2752.429931640625,2754.3798828125,2754.3798828125,6858
2021-07-28-09-45-00 GMT-0400,2754.239990234375,2755.25,2750.669921875,2751.764892578125,2751.764892578125,10736
2021-07-28-09-46-00 GMT-0400,2750.8798828125,2753.35009765625,2745.0,2745.610107421875,2745.610107421875,13225
2021-07-28-09-47-00 GMT-0400,2747.02001953125,2750.510009765625,2747.02001953125,2747.800048828125,2747.800048828125,3259
2021-07-28-09-48-00 GMT-0400,2746.93994140625,2749.9599609375,2744.409912109375,2749.510009765625,2749.510009765625,4872
2021-07-28-09-49-00 GMT-0400,2747.800048828125,2751.760009765625,2747.010009765625,2747.469970703125,2747.469970703125,8168
2021-07-28-09-50-00 GMT-0400,2749.02001953125,2755.02001953125,2749.02001953125,2755.0,2755.0,6084
2021-07-28-09-51-00 GMT-0400,2755.699951171875,2764.0498046875,2755.699951171875,2760.18994140625,2760.18994140625,9072
2021-07-28-09-52-00 GMT-0400,2761.760009765625,2769.909912109375,2761.760009765625,2768.6650390625,2768.6650390625,8809
2021-07-28-09-53-00 GMT-0400,2768.77001953125,2772.0,2764.590087890625,2768.840087890625,2768.840087890625,10315
2021-07-28-09-54-00 GMT-0400,2767.239990234375,2771.239990234375,2767.050048828125,2770.43994140625,2770.43994140625,5910
2021-07-28-09-55-00 GMT-0400,2771.340087890625,2775.550048828125,2771.340087890625,2775.4599609375,2775.4599609375,9280
2021-07-28-09-56-00 GMT-0400,2774.510009765625,2775.110107421875,2771.580078125,2775.110107421875,2775.110107421875,6640
2021-07-28-09-57-00 GMT-0400,2775.169921875,2777.0,2772.534912109375,2773.56005859375,2773.56005859375,9259
2021-07-28-09-58-00 GMT-0400,2775.800048828125,2777.02490234375,2769.1298828125,2769.1298828125,2769.1298828125,9146
2021-07-28-09-59-00 GMT-0400,2767.699951171875,2770.889892578125,2765.239990234375,2769.89501953125,2769.89501953125,7867
2021-07-28-10-00-00 GMT-0400,2770.75,2772.824951171875,2769.824951171875,2771.989990234375,2771.989990234375,7775
2021-07-28-10-01-00 GMT-0400,2772.4599609375,2775.219970703125,2772.4599609375,2775.219970703125,2775.219970703125,3442
2021-07-28-10-02-00 GMT-0400,2776.72509765625,2777.550048828125,2773.0,2773.0,2773.0,10348
2021-07-28-10-03-00 GMT-0400,2772.739990234375,2772.739990234375,2769.35009765625,2770.260009765625,2770.260009765625,8415
2021-07-28-10-04-00 GMT-0400,2768.8701171875,2769.93994140625,2766.85009765625,2769.93994140625,2769.93994140625,5829
2021-07-28-10-05-00 GMT-0400,2769.93994140625,2771.034912109375,2769.10009765625,2769.10009765625,2769.10009765625,4611
2021-07-28-10-06-00 GMT-0400,2770.669921875,2771.889892578125,2769.2099609375,2769.9150390625,2769.9150390625,6521
2021-07-28-10-07-00 GMT-0400,2769.919921875,2776.429931640625,2769.919921875,2776.429931640625,2776.429931640625,8474
2021-07-28-10-08-00 GMT-0400,2776.070068359375,2776.31494140625,2772.840087890625,2775.554931640625,2775.554931640625,5247
2021-07-28-10-09-00 GMT-0400,2774.9599609375,2776.5048828125,2774.360107421875,2776.5048828125,2776.5048828125,6530
2021-07-28-10-10-00 GMT-0400,2775.820068359375,2781.22998046875,2775.820068359375,2779.3798828125,2779.3798828125,10726
2021-07-28-10-11-00 GMT-0400,2777.02001953125,2778.1298828125,2773.780029296875,2774.300048828125,2774.300048828125,9289
2021-07-28-10-12-00 GMT-0400,2775.0,2776.199951171875,2773.22998046875,2773.22998046875,2773.22998046875,5685
2021-07-28-10-13-00 GMT-0400,2773.60009765625,2775.760009765625,2773.27001953125,2773.27001953125,2773.27001953125,4208
2021-07-28-10-14-00 GMT-0400,2773.2099609375,2773.2099609375,2768.900634765625,2772.179931640625,2772.179931640625,11632
2021-07-28-10-15-00 GMT-0400,2772.445068359375,2774.27001953125,2769.739990234375,2771.06494140625,2771.06494140625,3440
2021-07-28-10-16-00 GMT-0400,2771.6298828125,2774.893798828125,2771.543701171875,2774.893798828125,2774.893798828125,3966
2021-07-28-10-17-00 GMT-0400,2776.0,2780.419921875,2776.0,2777.340087890625,2777.340087890625,8341
2021-07-28-10-18-00 GMT-0400,2778.75,2779.47998046875,2777.139892578125,2778.989990234375,2778.989990234375,5950
2021-07-28-10-19-00 GMT-0400,2780.389892578125,2784.6201171875,2779.43994140625,2783.550048828125,2783.550048828125,8935
2021-07-28-10-20-00 GMT-0400,2782.860107421875,2784.139892578125,2780.010009765625,2780.139892578125,2780.139892578125,8478
2021-07-28-10-21-00 GMT-0400,2782.31005859375,2782.31005859375,2778.4599609375,2779.2900390625,2779.2900390625,4850
2021-07-28-10-22-00 GMT-0400,2779.429931640625,2781.179931640625,2777.7548828125,2781.179931640625,2781.179931640625,5427
2021-07-28-10-23-00 GMT-0400,2776.280029296875,2781.0,2773.0,2775.669921875,2775.669921875,18758
2021-07-28-10-24-00 GMT-0400,2776.6298828125,2784.93994140625,2775.199951171875,2782.860107421875,2782.860107421875,10890
2021-07-28-10-25-00 GMT-0400,2781.706298828125,2785.0,2781.679931640625,2784.5,2784.5,10708
2021-07-28-10-26-00 GMT-0400,2784.77490234375,2784.77490234375,2780.169921875,2781.340087890625,2781.340087890625,4053
2021-07-28-10-27-00 GMT-0400,2782.43408203125,2782.43408203125,2778.909912109375,2782.0,2782.0,7374
2021-07-28-10-28-00 GMT-0400,2782.469970703125,2785.89501953125,2782.469970703125,2782.699951171875,2782.699951171875,6803
2021-07-28-10-29-00 GMT-0400,2784.320068359375,2787.159912109375,2783.010009765625,2783.010009765625,2783.010009765625,4786
2021-07-28-10-30-00 GMT-0400,2784.318359375,2788.0,2780.580078125,2788.0,2788.0,5543
2021-07-28-10-31-00 GMT-0400,2788.330078125,2789.0,2785.830078125,2786.2099609375,2786.2099609375,5992
2021-07-28-10-32-00 GMT-0400,2789.0,2789.64990234375,2785.81005859375,2785.85009765625,2785.85009765625,5404
2021-07-28-10-33-00 GMT-0400,2787.860107421875,2789.8701171875,2787.27490234375,2788.9599609375,2788.9599609375,4365
2021-07-28-10-34-00 GMT-0400,2789.8701171875,2792.3798828125,2788.655029296875,2788.655029296875,2788.655029296875,12259
2021-07-28-10-35-00 GMT-0400,2789.300048828125,2790.43994140625,2786.18994140625,2786.56005859375,2786.56005859375,11043
2021-07-28-10-36-00 GMT-0400,2787.4599609375,2790.6650390625,2786.85009765625,2789.56005859375,2789.56005859375,5467
2021-07-28-10-37-00 GMT-0400,2790.239990234375,2792.2900390625,2788.77001953125,2790.094970703125,2790.094970703125,4996
2021-07-28-10-38-00 GMT-0400,2790.550048828125,2790.550048828125,2789.72998046875,2790.409912109375,2790.409912109375,1512
2021-07-28-10-39-00 GMT-0400,2790.0,2790.3798828125,2788.2099609375,2788.510009765625,2788.510009765625,3300
2021-07-28-10-40-00 GMT-0400,2788.18994140625,2788.43994140625,2782.739990234375,2783.93994140625,2783.93994140625,5757
2021-07-28-10-41-00 GMT-0400,2783.679931640625,2786.639892578125,2782.024658203125,2783.199951171875,2783.199951171875,5389
2021-07-28-10-42-00 GMT-0400,2782.580078125,2783.389892578125,2781.97998046875,2781.97998046875,2781.97998046875,3822
2021-07-28-10-43-00 GMT-0400,2782.4150390625,2782.4150390625,2778.050048828125,2778.199951171875,2778.199951171875,5704
2021-07-28-10-44-00 GMT-0400,2778.0400390625,2780.5,2775.050048828125,2776.719970703125,2776.719970703125,15404
2021-07-28-10-45-00 GMT-0400,2776.68994140625,2778.9150390625,2775.050048828125,2777.1298828125,2777.1298828125,10537
2021-07-28-10-46-00 GMT-0400,2778.7099609375,2780.159912109375,2777.0,2777.669921875,2777.669921875,2769
2021-07-28-10-47-00 GMT-0400,2781.47998046875,2781.5,2776.0,2776.0,2776.0,9563
2021-07-28-10-48-00 GMT-0400,2778.35498046875,2784.389892578125,2776.0,2784.389892578125,2784.389892578125,3834
2021-07-28-10-49-00 GMT-0400,2779.7431640625,2781.719970703125,2779.7431640625,2780.3798828125,2780.3798828125,2686
2021-07-28-10-50-00 GMT-0400,2781.135009765625,2783.77490234375,2779.0,2779.0,2779.0,9580
2021-07-28-10-51-00 GMT-0400,2780.6298828125,2781.860107421875,2778.81005859375,2781.449951171875,2781.449951171875,7257
2021-07-28-10-52-00 GMT-0400,2781.77001953125,2783.909912109375,2780.530029296875,2782.85009765625,2782.85009765625,5853
2021-07-28-10-53-00 GMT-0400,2782.93994140625,2784.699951171875,2782.889892578125,2783.280029296875,2783.280029296875,3731
2021-07-28-10-54-00 GMT-0400,2783.56005859375,2786.0,2783.0,2785.179931640625,2785.179931640625,8089
2021-07-28-10-55-00 GMT-0400,2783.320068359375,2783.590087890625,2781.070068359375,2781.070068359375,2781.070068359375,3255
2021-07-28-10-56-00 GMT-0400,2783.169921875,2783.639892578125,2777.914306640625,2777.914306640625,2777.914306640625,3771
2021-07-28-10-57-00 GMT-0400,2779.889892578125,2782.02001953125,2779.5078125,2782.014404296875,2782.014404296875,3290
2021-07-28-10-58-00 GMT-0400,2780.909912109375,2781.260009765625,2780.909912109375,2781.260009765625,2781.260009765625,735
2021-07-28-10-59-00 GMT-0400,2780.659912109375,2782.0,2778.909912109375,2780.820068359375,2780.820068359375,6530
2021-07-28-11-00-00 GMT-0400,2780.830078125,2780.97509765625,2778.739990234375,2779.22998046875,2779.22998046875,4393
2021-07-28-11-01-00 GMT-0400,2779.5048828125,2781.800048828125,2779.0,2779.27001953125,2779.27001953125,3729
2021-07-28-11-02-00 GMT-0400,2780.5048828125,2783.320068359375,2780.5048828125,2782.6201171875,2782.6201171875,8897
2021-07-28-11-03-00 GMT-0400,2782.169921875,2782.43994140625,2780.695068359375,2781.6298828125,2781.6298828125,4938
2021-07-28-11-04-00 GMT-0400,2782.39208984375,2782.8701171875,2780.260009765625,2780.260009765625,2780.260009765625,2513
2021-07-28-11-05-00 GMT-0400,2780.7900390625,2782.780029296875,2778.2099609375,2779.550048828125,2779.550048828125,7144
2021-07-28-11-06-00 GMT-0400,2778.840087890625,2780.639892578125,2778.60009765625,2779.889892578125,2779.889892578125,4572
2021-07-28-11-07-00 GMT-0400,2780.080078125,2780.22998046875,2776.0,2776.949951171875,2776.949951171875,9101
2021-07-28-11-08-00 GMT-0400,2776.659912109375,2776.659912109375,2773.239990234375,2775.590087890625,2775.590087890625,8101
2021-07-28-11-09-00 GMT-0400,2775.943115234375,2775.943115234375,2773.800048828125,2774.93994140625,2774.93994140625,3390
2021-07-28-11-10-00 GMT-0400,2775.429931640625,2775.47998046875,2773.669921875,2775.076171875,2775.076171875,2836
2021-07-28-11-11-00 GMT-0400,2774.75,2774.75,2770.0400390625,2770.800048828125,2770.800048828125,14422
2021-07-28-11-12-00 GMT-0400,2770.800048828125,2773.070068359375,2770.449951171875,2772.114501953125,2772.114501953125,9278
2021-07-28-11-13-00 GMT-0400,2773.9130859375,2773.9130859375,2767.4599609375,2768.344970703125,2768.344970703125,8848
2021-07-28-11-14-00 GMT-0400,2768.530029296875,2768.530029296875,2765.10009765625,2766.389892578125,2766.389892578125,9822
2021-07-28-11-15-00 GMT-0400,2766.7900390625,2769.409912109375,2766.419921875,2768.72998046875,2768.72998046875,7189
2021-07-28-11-16-00 GMT-0400,2768.889892578125,2768.889892578125,2766.385009765625,2766.385009765625,2766.385009765625,5930
2021-07-28-11-17-00 GMT-0400,2768.260009765625,2768.260009765625,2767.18994140625,2767.800048828125,2767.800048828125,4146
2021-07-28-11-18-00 GMT-0400,2767.800048828125,2767.800048828125,2764.52001953125,2766.135009765625,2766.135009765625,7572
2021-07-28-11-19-00 GMT-0400,2766.465087890625,2769.52001953125,2766.465087890625,2768.469970703125,2768.469970703125,4171
2021-07-28-11-20-00 GMT-0400,2769.75,2770.18994140625,2766.89990234375,2766.89990234375,2766.89990234375,4194
2021-07-28-11-21-00 GMT-0400,2766.820068359375,2768.169921875,2765.510009765625,2765.800048828125,2765.800048828125,5473
2021-07-28-11-22-00 GMT-0400,2765.800048828125,2766.3798828125,2764.31005859375,2765.199951171875,2765.199951171875,5538
2021-07-28-11-23-00 GMT-0400,2765.199951171875,2765.199951171875,2761.955078125,2763.739990234375,2763.739990234375,7492
2021-07-28-11-24-00 GMT-0400,2764.3798828125,2764.489990234375,2760.030029296875,2763.030029296875,2763.030029296875,5575
2021-07-28-11-25-00 GMT-0400,2762.050048828125,2762.360107421875,2761.68994140625,2761.68994140625,2761.68994140625,3272
2021-07-28-11-26-00 GMT-0400,2761.800048828125,2761.800048828125,2759.0,2759.0,2759.0,7288
2021-07-28-11-27-00 GMT-0400,2760.0,2760.760009765625,2758.699951171875,2758.699951171875,2758.699951171875,7332
2021-07-28-11-28-00 GMT-0400,2758.864501953125,2762.0,2758.699951171875,2761.75,2761.75,5398
2021-07-28-11-29-00 GMT-0400,2761.39990234375,2761.39990234375,2758.89990234375,2760.31005859375,2760.31005859375,5189
2021-07-28-11-30-00 GMT-0400,2758.800048828125,2758.800048828125,2752.0,2753.5,2753.5,10444
2021-07-28-11-31-00 GMT-0400,2752.64990234375,2756.469970703125,2752.419921875,2755.280029296875,2755.280029296875,5534
2021-07-28-11-32-00 GMT-0400,2756.77001953125,2758.739990234375,2755.06005859375,2757.429931640625,2757.429931640625,2714
2021-07-28-11-33-00 GMT-0400,2758.10009765625,2758.864990234375,2757.97509765625,2758.639892578125,2758.639892578125,3944
2021-07-28-11-34-00 GMT-0400,2758.639892578125,2760.0,2756.889892578125,2759.445068359375,2759.445068359375,6655
2021-07-28-11-35-00 GMT-0400,2759.739990234375,2761.179931640625,2757.919921875,2757.919921875,2757.919921875,5787
2021-07-28-11-36-00 GMT-0400,2759.0,2759.0,2757.75,2758.360107421875,2758.360107421875,2879
2021-07-28-11-37-00 GMT-0400,2758.47998046875,2759.284912109375,2756.969970703125,2758.159912109375,2758.159912109375,4851
2021-07-28-11-38-00 GMT-0400,2757.090087890625,2758.5,2757.010009765625,2757.409912109375,2757.409912109375,3351
2021-07-28-11-39-00 GMT-0400,2758.25,2758.25,2756.14990234375,2756.14990234375,2756.14990234375,2178
2021-07-28-11-40-00 GMT-0400,2757.0,2757.239990234375,2755.550048828125,2757.010009765625,2757.010009765625,2919
2021-07-28-11-41-00 GMT-0400,2757.159912109375,2759.309814453125,2757.159912109375,2758.0,2758.0,3000
2021-07-28-11-42-00 GMT-0400,2757.5400390625,2758.8701171875,2757.27099609375,2758.469970703125,2758.469970703125,3570
2021-07-28-11-43-00 GMT-0400,2758.8798828125,2759.739990234375,2756.580078125,2757.965087890625,2757.965087890625,3764
2021-07-28-11-44-00 GMT-0400,2756.89990234375,2757.3701171875,2756.85009765625,2756.85009765625,2756.85009765625,2188
2021-07-28-11-45-00 GMT-0400,2757.5400390625,2758.6201171875,2756.949951171875,2758.6201171875,2758.6201171875,1958
2021-07-28-11-46-00 GMT-0400,2759.449951171875,2762.2900390625,2758.64990234375,2759.5400390625,2759.5400390625,4937
2021-07-28-11-47-00 GMT-0400,2758.89990234375,2759.330078125,2757.364990234375,2757.52001953125,2757.52001953125,5786
2021-07-28-11-48-00 GMT-0400,2758.719970703125,2758.719970703125,2755.280029296875,2755.2900390625,2755.2900390625,3676
2021-07-28-11-49-00 GMT-0400,2756.489990234375,2756.989990234375,2755.139892578125,2755.139892578125,2755.139892578125,2604
2021-07-28-11-50-00 GMT-0400,2756.798583984375,2756.969970703125,2755.0400390625,2755.3701171875,2755.3701171875,5006
2021-07-28-11-51-00 GMT-0400,2755.219970703125,2755.219970703125,2754.06005859375,2755.0,2755.0,3159
2021-07-28-11-52-00 GMT-0400,2754.800048828125,2754.800048828125,2754.580078125,2754.800048828125,2754.800048828125,1086
2021-07-28-11-53-00 GMT-0400,2754.800048828125,2754.800048828125,2751.610107421875,2752.860107421875,2752.860107421875,6021
2021-07-28-11-54-00 GMT-0400,2753.429931640625,2753.429931640625,2752.0,2752.0,2752.0,2718
2021-07-28-11-55-00 GMT-0400,2752.89990234375,2753.510009765625,2752.830078125,2752.830078125,2752.830078125,4197
2021-07-28-11-56-00 GMT-0400,2755.1298828125,2755.139892578125,2753.5,2753.5,2753.5,1437
2021-07-28-11-57-00 GMT-0400,2753.52001953125,2754.375,2752.22998046875,2754.375,2754.375,3051
2021-07-28-11-58-00 GMT-0400,2754.8701171875,2756.169921875,2754.3701171875,2756.169921875,2756.169921875,3623
2021-07-28-11-59-00 GMT-0400,2757.14990234375,2757.239990234375,2755.199951171875,2756.2099609375,2756.2099609375,1914
2021-07-28-12-00-00 GMT-0400,2756.205078125,2756.635009765625,2755.25,2756.6298828125,2756.6298828125,1735
2021-07-28-12-01-00 GMT-0400,2756.550048828125,2756.8798828125,2755.25,2756.8798828125,2756.8798828125,3294
2021-07-28-12-02-00 GMT-0400,2756.89990234375,2757.010009765625,2755.3701171875,2755.3701171875,2755.3701171875,2254
2021-07-28-12-03-00 GMT-0400,2755.8701171875,2755.93505859375,2755.559326171875,2755.93505859375,2755.93505859375,862
2021-07-28-12-04-00 GMT-0400,2757.702880859375,2757.702880859375,2756.110107421875,2756.81005859375,2756.81005859375,1239
2021-07-28-12-05-00 GMT-0400,2756.159912109375,2758.0,2756.159912109375,2758.0,2758.0,2463
2021-07-28-12-06-00 GMT-0400,2756.780029296875,2758.0,2756.780029296875,2758.0,2758.0,726
2021-07-28-12-07-00 GMT-0400,2758.60009765625,2760.89501953125,2757.2099609375,2760.89501953125,2760.89501953125,4428
2021-07-28-12-08-00 GMT-0400,2761.760009765625,2761.949951171875,2760.919921875,2760.919921875,2760.919921875,714
2021-07-28-12-09-00 GMT-0400,2761.7900390625,2763.125,2760.7900390625,2762.47998046875,2762.47998046875,2548
2021-07-28-12-10-00 GMT-0400,2762.0,2762.0,2759.530029296875,2761.080078125,2761.080078125,6640
2021-07-28-12-11-00 GMT-0400,2761.780029296875,2761.8798828125,2760.284912109375,2760.284912109375,2760.284912109375,4059
2021-07-28-12-12-00 GMT-0400,2760.217529296875,2760.217529296875,2758.89501953125,2758.89990234375,2758.89990234375,3911
2021-07-28-12-13-00 GMT-0400,2758.949951171875,2762.06689453125,2758.949951171875,2760.6201171875,2760.6201171875,4047
2021-07-28-12-14-00 GMT-0400,2761.169921875,2761.169921875,2758.47998046875,2758.47998046875,2758.47998046875,3536
2021-07-28-12-15-00 GMT-0400,2757.820068359375,2758.135009765625,2755.030029296875,2758.135009765625,2758.135009765625,2773
2021-07-28-12-16-00 GMT-0400,2757.179931640625,2758.679931640625,2756.2099609375,2756.675048828125,2756.675048828125,7663
2021-07-28-12-17-00 GMT-0400,2756.550048828125,2756.550048828125,2753.840087890625,2754.300048828125,2754.300048828125,4106
2021-07-28-12-18-00 GMT-0400,2754.68994140625,2755.3798828125,2754.489990234375,2755.3798828125,2755.3798828125,2888
2021-07-28-12-19-00 GMT-0400,2756.02001953125,2756.02001953125,2753.010009765625,2754.195068359375,2754.195068359375,4161
2021-07-28-12-20-00 GMT-0400,2754.64501953125,2755.3798828125,2754.25,2754.81005859375,2754.81005859375,5412
2021-07-28-12-21-00 GMT-0400,2754.18994140625,2759.56005859375,2753.719970703125,2759.56005859375,2759.56005859375,3887
2021-07-28-12-22-00 GMT-0400,2756.969970703125,2756.969970703125,2756.219970703125,2756.219970703125,2756.219970703125,793
2021-07-28-12-23-00 GMT-0400,2755.0,2756.469970703125,2754.570068359375,2755.300048828125,2755.300048828125,3551
2021-07-28-12-24-00 GMT-0400,2755.669921875,2755.669921875,2755.669921875,2755.669921875,2755.669921875,400
2021-07-28-12-25-00 GMT-0400,2755.6201171875,2755.8798828125,2754.25,2755.8798828125,2755.8798828125,2528
2021-07-28-12-26-00 GMT-0400,2755.22021484375,2757.47998046875,2755.22021484375,2756.969970703125,2756.969970703125,4162
2021-07-28-12-27-00 GMT-0400,2757.2900390625,2757.2900390625,2755.35009765625,2756.3701171875,2756.3701171875,1570
2021-07-28-12-28-00 GMT-0400,2756.3349609375,2757.3701171875,2756.3349609375,2756.366455078125,2756.366455078125,1640
2021-07-28-12-29-00 GMT-0400,2757.159912109375,2757.5,2755.77001953125,2756.31005859375,2756.31005859375,6258
2021-07-28-12-30-00 GMT-0400,2755.77001953125,2756.0,2755.5,2755.7451171875,2755.7451171875,1973
2021-07-28-12-31-00 GMT-0400,2757.8701171875,2757.97998046875,2755.590087890625,2756.280029296875,2756.280029296875,3104
2021-07-28-12-32-00 GMT-0400,2756.820068359375,2756.820068359375,2756.5400390625,2756.5400390625,2756.5400390625,1187
2021-07-28-12-33-00 GMT-0400,2756.7802734375,2757.0,2756.14990234375,2756.25,2756.25,2894
2021-07-28-12-34-00 GMT-0400,2756.0,2756.699951171875,2755.239990234375,2756.6298828125,2756.6298828125,3300
2021-07-28-12-35-00 GMT-0400,2756.695068359375,2756.699951171875,2756.080078125,2756.25,2756.25,1875
2021-07-28-12-36-00 GMT-0400,2756.090087890625,2756.31005859375,2753.9599609375,2754.35498046875,2754.35498046875,4341
2021-07-28-12-37-00 GMT-0400,2753.3701171875,2754.2099609375,2752.330078125,2752.92529296875,2752.92529296875,3445
2021-07-28-12-38-00 GMT-0400,2752.02001953125,2752.050048828125,2746.77490234375,2746.77490234375,2746.77490234375,9337
2021-07-28-12-39-00 GMT-0400,2746.010009765625,2748.14501953125,2745.6201171875,2746.18994140625,2746.18994140625,102005
2021-07-28-12-40-00 GMT-0400,2745.89990234375,2748.610107421875,2745.89990234375,2746.27001953125,2746.27001953125,5461
2021-07-28-12-41-00 GMT-0400,2746.27001953125,2746.39990234375,2745.27001953125,2745.830078125,2745.830078125,4762
2021-07-28-12-42-00 GMT-0400,2745.760009765625,2746.139892578125,2745.485107421875,2746.139892578125,2746.139892578125,2998
2021-07-28-12-43-00 GMT-0400,2746.840087890625,2746.840087890625,2746.8349609375,2746.8349609375,2746.8349609375,846
2021-07-28-12-44-00 GMT-0400,2746.60009765625,2747.10986328125,2741.909912109375,2744.780029296875,2744.780029296875,4366
2021-07-28-12-45-00 GMT-0400,2744.0400390625,2745.10009765625,2744.0400390625,2745.10009765625,2745.10009765625,1498
2021-07-28-12-46-00 GMT-0400,2746.5,2746.64990234375,2745.929931640625,2746.63720703125,2746.63720703125,2642
2021-07-28-12-47-00 GMT-0400,2746.0,2746.659912109375,2745.300048828125,2745.300048828125,2745.300048828125,3265
2021-07-28-12-48-00 GMT-0400,2746.68994140625,2748.0,2746.570068359375,2746.81005859375,2746.81005859375,1572
2021-07-28-12-49-00 GMT-0400,2747.8701171875,2748.3798828125,2747.2548828125,2748.3798828125,2748.3798828125,2119
2021-07-28-12-50-00 GMT-0400,2748.699951171875,2748.9599609375,2746.0,2746.18994140625,2746.18994140625,4024
2021-07-28-12-51-00 GMT-0400,2746.489990234375,2747.409912109375,2744.81005859375,2745.429931640625,2745.429931640625,3372
2021-07-28-12-52-00 GMT-0400,2745.330078125,2748.010009765625,2745.330078125,2746.68994140625,2746.68994140625,7371
2021-07-28-12-53-00 GMT-0400,2747.300048828125,2748.0,2747.080078125,2747.909912109375,2747.909912109375,950
2021-07-28-12-54-00 GMT-0400,2747.0,2748.159912109375,2746.090087890625,2747.860107421875,2747.860107421875,4749
2021-07-28-12-55-00 GMT-0400,2747.68994140625,2747.764892578125,2746.449951171875,2746.639892578125,2746.639892578125,3275
2021-07-28-12-56-00 GMT-0400,2747.074951171875,2747.580078125,2745.260009765625,2745.56005859375,2745.56005859375,4153
2021-07-28-12-57-00 GMT-0400,2746.31005859375,2746.31005859375,2743.929443359375,2744.60009765625,2744.60009765625,5541
2021-07-28-12-58-00 GMT-0400,2743.3701171875,2743.3701171875,2743.3701171875,2743.3701171875,2743.3701171875,524
2021-07-28-12-59-00 GMT-0400,2744.5,2744.5,2742.0,2742.0,2742.0,5698
2021-07-28-13-00-00 GMT-0400,2741.843017578125,2744.60009765625,2741.843017578125,2744.60009765625,2744.60009765625,3130
2021-07-28-13-01-00 GMT-0400,2743.5,2745.780029296875,2742.85009765625,2745.780029296875,2745.780029296875,5602
2021-07-28-13-02-00 GMT-0400,2746.0,2746.929931640625,2744.64990234375,2746.929931640625,2746.929931640625,6075
2021-07-28-13-03-00 GMT-0400,2745.780029296875,2747.5,2744.699951171875,2744.699951171875,2744.699951171875,7523
2021-07-28-13-04-00 GMT-0400,2744.969970703125,2746.0,2744.949951171875,2745.22509765625,2745.22509765625,5323
2021-07-28-13-05-00 GMT-0400,2746.43994140625,2747.5,2746.43994140625,2746.985107421875,2746.985107421875,2381
2021-07-28-13-06-00 GMT-0400,2745.97998046875,2745.97998046875,2743.3759765625,2744.919921875,2744.919921875,3880
2021-07-28-13-07-00 GMT-0400,2746.409912109375,2746.530029296875,2746.405029296875,2746.405029296875,2746.405029296875,474
2021-07-28-13-08-00 GMT-0400,2745.0,2745.010009765625,2744.330078125,2745.0,2745.0,2947
2021-07-28-13-09-00 GMT-0400,2745.3291015625,2745.3291015625,2743.340087890625,2743.340087890625,2743.340087890625,3729
2021-07-28-13-10-00 GMT-0400,2744.14990234375,2744.570068359375,2740.739990234375,2740.739990234375,2740.739990234375,4734
2021-07-28-13-11-00 GMT-0400,2742.1455078125,2742.840087890625,2740.550048828125,2742.02001953125,2742.02001953125,5126
2021-07-28-13-12-00 GMT-0400,2741.800048828125,2742.179931640625,2740.5,2741.89990234375,2741.89990234375,3992
2021-07-28-13-13-00 GMT-0400,2741.705078125,2741.75,2740.26123046875,2741.7099609375,2741.7099609375,3171
2021-07-28-13-14-00 GMT-0400,2740.590087890625,2740.590087890625,2738.425048828125,2738.425048828125,2738.425048828125,2634
2021-07-28-13-15-00 GMT-0400,2738.4150390625,2738.8701171875,2735.6298828125,2737.10302734375,2737.10302734375,7636
2021-07-28-13-16-00 GMT-0400,2736.39990234375,2736.81005859375,2735.489990234375,2735.9951171875,2735.9951171875,4099
2021-07-28-13-17-00 GMT-0400,2736.60009765625,2737.77001953125,2734.219970703125,2735.6298828125,2735.6298828125,6480
2021-07-28-13-18-00 GMT-0400,2735.409912109375,2735.409912109375,2733.925048828125,2734.360107421875,2734.360107421875,3325
2021-07-28-13-19-00 GMT-0400,2732.8271484375,2735.639892578125,2732.8271484375,2734.659912109375,2734.659912109375,3547
2021-07-28-13-20-00 GMT-0400,2734.919921875,2735.47509765625,2734.5,2734.5,2734.5,4039
2021-07-28-13-21-00 GMT-0400,2734.199951171875,2736.64111328125,2734.199951171875,2736.64111328125,2736.64111328125,2325
2021-07-28-13-22-00 GMT-0400,2737.0,2737.68994140625,2737.0,2737.409912109375,2737.409912109375,1041
2021-07-28-13-23-00 GMT-0400,2737.77001953125,2737.77001953125,2735.610107421875,2736.18994140625,2736.18994140625,4923
2021-07-28-13-24-00 GMT-0400,2737.3701171875,2738.989990234375,2737.3701171875,2737.419921875,2737.419921875,3392
2021-07-28-13-25-00 GMT-0400,2737.030029296875,2737.030029296875,2736.0,2736.0,2736.0,1852
2021-07-28-13-26-00 GMT-0400,2735.590087890625,2737.6298828125,2734.56005859375,2737.6298828125,2737.6298828125,4407
2021-07-28-13-27-00 GMT-0400,2738.0,2739.989990234375,2736.590087890625,2736.780029296875,2736.780029296875,4166
2021-07-28-13-28-00 GMT-0400,2736.074951171875,2737.919921875,2736.074951171875,2737.0,2737.0,5867
2021-07-28-13-29-00 GMT-0400,2738.2099609375,2738.2099609375,2737.699951171875,2737.699951171875,2737.699951171875,375
2021-07-28-13-30-00 GMT-0400,2737.080078125,2739.360107421875,2736.60009765625,2739.360107421875,2739.360107421875,4696
2021-07-28-13-31-00 GMT-0400,2738.0,2738.1298828125,2736.929931640625,2736.929931640625,2736.929931640625,2788
2021-07-28-13-32-00 GMT-0400,2735.0,2739.43994140625,2735.0,2737.75,2737.75,5608
2021-07-28-13-33-00 GMT-0400,2737.2099609375,2737.2099609375,2737.2099609375,2737.2099609375,2737.2099609375,381
2021-07-28-13-34-00 GMT-0400,2738.260009765625,2738.43994140625,2737.280029296875,2737.280029296875,2737.280029296875,3564
2021-07-28-13-35-00 GMT-0400,2737.2900390625,2737.419921875,2735.0,2735.074951171875,2735.074951171875,2849
2021-07-28-13-36-00 GMT-0400,2735.0,2735.93994140625,2734.610107421875,2734.610107421875,2734.610107421875,2169
2021-07-28-13-37-00 GMT-0400,2735.31005859375,2735.31005859375,2735.300048828125,2735.300048828125,2735.300048828125,943
2021-07-28-13-38-00 GMT-0400,2734.77490234375,2735.949951171875,2734.77001953125,2735.300048828125,2735.300048828125,3029
2021-07-28-13-39-00 GMT-0400,2735.300048828125,2735.31005859375,2734.550048828125,2735.219970703125,2735.219970703125,2847
2021-07-28-13-40-00 GMT-0400,2734.52001953125,2737.469970703125,2734.52001953125,2737.239990234375,2737.239990234375,3843
2021-07-28-13-41-00 GMT-0400,2736.784912109375,2738.110107421875,2735.610107421875,2737.52001953125,2737.52001953125,3848
2021-07-28-13-42-00 GMT-0400,2737.739990234375,2742.18994140625,2737.739990234375,2742.18994140625,2742.18994140625,8107
2021-07-28-13-43-00 GMT-0400,2742.18994140625,2742.820068359375,2741.669921875,2742.070068359375,2742.070068359375,3018
2021-07-28-13-44-00 GMT-0400,2741.590087890625,2741.60009765625,2740.97509765625,2740.9951171875,2740.9951171875,1030
2021-07-28-13-45-00 GMT-0400,2741.909912109375,2744.449951171875,2741.909912109375,2743.905029296875,2743.905029296875,5717
2021-07-28-13-46-00 GMT-0400,2743.921875,2747.929931640625,2742.929931640625,2747.929931640625,2747.929931640625,4599
2021-07-28-13-47-00 GMT-0400,2746.590087890625,2746.780029296875,2743.090087890625,2744.39990234375,2744.39990234375,8023
2021-07-28-13-48-00 GMT-0400,2744.139892578125,2745.580078125,2744.139892578125,2745.449951171875,2745.449951171875,6032
2021-07-28-13-49-00 GMT-0400,2744.10009765625,2744.10009765625,2743.172607421875,2743.172607421875,2743.172607421875,1131
2021-07-28-13-50-00 GMT-0400,2743.22998046875,2743.889892578125,2743.070068359375,2743.070068359375,2743.070068359375,1137
2021-07-28-13-51-00 GMT-0400,2740.7900390625,2740.800048828125,2739.090087890625,2739.090087890625,2739.090087890625,2069
2021-07-28-13-52-00 GMT-0400,2739.125,2740.340087890625,2739.125,2740.219970703125,2740.219970703125,2740
2021-07-28-13-53-00 GMT-0400,2740.719970703125,2741.89990234375,2740.080078125,2740.080078125,2740.080078125,3637
2021-07-28-13-54-00 GMT-0400,2740.02001953125,2740.39990234375,2739.89990234375,2740.39990234375,2740.39990234375,2773
2021-07-28-13-55-00 GMT-0400,2742.35009765625,2746.9150390625,2742.1201171875,2744.6201171875,2744.6201171875,8790
2021-07-28-13-56-00 GMT-0400,2746.89990234375,2746.89990234375,2743.330078125,2744.8701171875,2744.8701171875,8842
2021-07-28-13-57-00 GMT-0400,2746.199951171875,2747.64990234375,2745.4599609375,2745.6201171875,2745.6201171875,6265
2021-07-28-13-58-00 GMT-0400,2744.5,2744.5,2741.580078125,2743.570068359375,2743.570068359375,3784
2021-07-28-13-59-00 GMT-0400,2742.739990234375,2744.550048828125,2742.719970703125,2743.9599609375,2743.9599609375,4184
2021-07-28-14-00-00 GMT-0400,2744.0,2744.0,2732.9599609375,2737.5400390625,2737.5400390625,12756
2021-07-28-14-01-00 GMT-0400,2740.5,2743.7099609375,2739.1298828125,2743.7099609375,2743.7099609375,1991
2021-07-28-14-02-00 GMT-0400,2743.10009765625,2753.989990234375,2743.10009765625,2753.989990234375,2753.989990234375,16204
2021-07-28-14-03-00 GMT-0400,2752.25,2753.320068359375,2747.280029296875,2753.320068359375,2753.320068359375,3869
2021-07-28-14-04-00 GMT-0400,2751.159912109375,2753.02001953125,2748.199951171875,2748.199951171875,2748.199951171875,6202
2021-07-28-14-05-00 GMT-0400,2747.52001953125,2747.52001953125,2743.679931640625,2745.419921875,2745.419921875,5752
2021-07-28-14-06-00 GMT-0400,2745.699951171875,2750.3798828125,2745.699951171875,2747.489990234375,2747.489990234375,9362
2021-07-28-14-07-00 GMT-0400,2746.06005859375,2746.949951171875,2742.5048828125,2743.820068359375,2743.820068359375,4072
2021-07-28-14-08-00 GMT-0400,2742.5048828125,2748.550048828125,2742.5048828125,2745.919921875,2745.919921875,7315
2021-07-28-14-09-00 GMT-0400,2746.2099609375,2746.77001953125,2743.0,2744.800048828125,2744.800048828125,5784
2021-07-28-14-10-00 GMT-0400,2745.0,2748.56005859375,2744.60009765625,2748.469970703125,2748.469970703125,8173
2021-07-28-14-11-00 GMT-0400,2748.7099609375,2748.7099609375,2747.280029296875,2748.64990234375,2748.64990234375,2046
2021-07-28-14-12-00 GMT-0400,2748.5,2748.5,2747.324951171875,2747.760009765625,2747.760009765625,1493
2021-07-28-14-13-00 GMT-0400,2748.02001953125,2748.75,2747.2099609375,2748.75,2748.75,1187
2021-07-28-14-14-00 GMT-0400,2747.070068359375,2749.6201171875,2747.070068359375,2749.6201171875,2749.6201171875,4243
2021-07-28-14-16-00 GMT-0400,2750.199951171875,2750.949951171875,2749.9951171875,2749.9951171875,2749.9951171875,829
2021-07-28-14-17-00 GMT-0400,2749.405029296875,2749.405029296875,2748.010009765625,2749.389892578125,2749.389892578125,1604
2021-07-28-14-18-00 GMT-0400,2748.925048828125,2751.404052734375,2748.925048828125,2749.7900390625,2749.7900390625,2808
2021-07-28-14-19-00 GMT-0400,2750.739990234375,2750.860107421875,2748.840087890625,2749.35009765625,2749.35009765625,3624
2021-07-28-14-20-00 GMT-0400,2748.22998046875,2748.22998046875,2745.6650390625,2746.56005859375,2746.56005859375,7056
2021-07-28-14-21-00 GMT-0400,2748.5048828125,2749.280029296875,2748.5048828125,2749.280029296875,2749.280029296875,515
2021-07-28-14-22-00 GMT-0400,2749.469970703125,2750.10009765625,2749.070068359375,2749.070068359375,2749.070068359375,2104
2021-07-28-14-23-00 GMT-0400,2750.324951171875,2750.324951171875,2747.530029296875,2747.860107421875,2747.860107421875,2007
2021-07-28-14-24-00 GMT-0400,2749.044921875,2750.2099609375,2749.044921875,2749.409912109375,2749.409912109375,1483
2021-07-28-14-25-00 GMT-0400,2750.969970703125,2750.969970703125,2746.889892578125,2746.97998046875,2746.97998046875,3342
2021-07-28-14-26-00 GMT-0400,2747.010009765625,2747.8701171875,2747.010009765625,2747.554931640625,2747.554931640625,1516
2021-07-28-14-27-00 GMT-0400,2747.179931640625,2747.510009765625,2746.760009765625,2746.760009765625,2746.760009765625,3877
2021-07-28-14-28-00 GMT-0400,2745.280029296875,2745.3701171875,2742.06005859375,2742.06005859375,2742.06005859375,3795
2021-07-28-14-29-00 GMT-0400,2742.760009765625,2743.199951171875,2742.18994140625,2742.39990234375,2742.39990234375,2901
2021-07-28-14-30-00 GMT-0400,2740.2099609375,2741.139892578125,2740.2099609375,2741.139892578125,2741.139892578125,1248
2021-07-28-14-31-00 GMT-0400,2742.3798828125,2742.3798828125,2740.72021484375,2740.72021484375,2740.72021484375,1189
2021-07-28-14-32-00 GMT-0400,2741.89990234375,2743.510009765625,2741.409912109375,2741.840087890625,2741.840087890625,2305
2021-07-28-14-33-00 GMT-0400,2742.06005859375,2743.400390625,2740.965087890625,2740.965087890625,2740.965087890625,2828
2021-07-28-14-34-00 GMT-0400,2740.905029296875,2741.489990234375,2739.9599609375,2741.489990234375,2741.489990234375,4987
2021-07-28-14-35-00 GMT-0400,2742.10009765625,2742.10009765625,2738.60009765625,2739.18994140625,2739.18994140625,4757
2021-07-28-14-36-00 GMT-0400,2739.6201171875,2739.6201171875,2734.159912109375,2734.409912109375,2734.409912109375,3834
2021-07-28-14-37-00 GMT-0400,2736.0400390625,2737.27001953125,2735.06005859375,2737.27001953125,2737.27001953125,2626
2021-07-28-14-38-00 GMT-0400,2737.06005859375,2739.739990234375,2736.89990234375,2739.739990234375,2739.739990234375,1543
2021-07-28-14-39-00 GMT-0400,2737.60498046875,2744.260009765625,2737.60498046875,2744.260009765625,2744.260009765625,4515
2021-07-28-14-40-00 GMT-0400,2743.52490234375,2743.52490234375,2742.090087890625,2742.6298828125,2742.6298828125,2449
2021-07-28-14-41-00 GMT-0400,2743.044921875,2745.090087890625,2742.679931640625,2743.929931640625,2743.929931640625,3882
2021-07-28-14-42-00 GMT-0400,2743.949951171875,2745.85009765625,2743.409912109375,2743.409912109375,2743.409912109375,6541
2021-07-28-14-43-00 GMT-0400,2744.22998046875,2744.22998046875,2742.0,2742.375,2742.375,3786
2021-07-28-14-44-00 GMT-0400,2744.10009765625,2745.0,2741.300048828125,2742.389892578125,2742.389892578125,4561
2021-07-28-14-45-00 GMT-0400,2742.18994140625,2743.860107421875,2742.18994140625,2743.860107421875,2743.860107421875,1020
2021-07-28-14-46-00 GMT-0400,2740.5400390625,2742.510009765625,2739.485107421875,2742.195068359375,2742.195068359375,7124
2021-07-28-14-47-00 GMT-0400,2742.3798828125,2743.77001953125,2742.125,2743.739990234375,2743.739990234375,2204
2021-07-28-14-48-00 GMT-0400,2743.669921875,2746.27001953125,2743.360107421875,2745.050048828125,2745.050048828125,3690
2021-07-28-14-49-00 GMT-0400,2744.070068359375,2745.0732421875,2743.0,2744.360107421875,2744.360107421875,3150
2021-07-28-14-50-00 GMT-0400,2744.385009765625,2744.8798828125,2744.385009765625,2744.699951171875,2744.699951171875,1853
2021-07-28-14-51-00 GMT-0400,2744.800048828125,2744.8701171875,2742.5,2742.5,2742.5,3854
2021-07-28-14-52-00 GMT-0400,2742.0,2742.0,2739.919921875,2739.919921875,2739.919921875,2668
2021-07-28-14-53-00 GMT-0400,2740.0400390625,2740.0400390625,2738.5400390625,2738.5400390625,2738.5400390625,2847
2021-07-28-14-54-00 GMT-0400,2738.1298828125,2738.735107421875,2737.0,2738.010009765625,2738.010009765625,6616
2021-07-28-14-55-00 GMT-0400,2738.330078125,2739.510009765625,2738.330078125,2739.510009765625,2739.510009765625,913
2021-07-28-14-56-00 GMT-0400,2737.43994140625,2737.469970703125,2736.360107421875,2736.360107421875,2736.360107421875,1516
2021-07-28-14-57-00 GMT-0400,2737.0400390625,2737.6201171875,2736.0400390625,2736.570068359375,2736.570068359375,3907
2021-07-28-14-58-00 GMT-0400,2736.679931640625,2737.800048828125,2735.89990234375,2735.89990234375,2735.89990234375,1606
2021-07-28-14-59-00 GMT-0400,2737.60009765625,2739.5,2736.89990234375,2737.14501953125,2737.14501953125,5446
2021-07-28-15-00-00 GMT-0400,2737.889892578125,2738.8798828125,2737.280029296875,2738.469970703125,2738.469970703125,3803
2021-07-28-15-01-00 GMT-0400,2737.969970703125,2738.9599609375,2736.97998046875,2738.9599609375,2738.9599609375,3224
2021-07-28-15-02-00 GMT-0400,2738.330078125,2739.989990234375,2738.280029296875,2739.97998046875,2739.97998046875,2057
2021-07-28-15-03-00 GMT-0400,2738.5400390625,2739.739990234375,2736.469970703125,2737.56005859375,2737.56005859375,6375
2021-07-28-15-04-00 GMT-0400,2738.52001953125,2738.52001953125,2736.60009765625,2738.0,2738.0,7112
2021-07-28-15-05-00 GMT-0400,2738.52001953125,2738.52001953125,2736.6298828125,2736.6298828125,2736.6298828125,2280
2021-07-28-15-06-00 GMT-0400,2737.6201171875,2738.215087890625,2736.10009765625,2736.10009765625,2736.10009765625,3711
2021-07-28-15-07-00 GMT-0400,2736.699951171875,2737.968017578125,2736.389892578125,2736.429931640625,2736.429931640625,5575
2021-07-28-15-08-00 GMT-0400,2736.804931640625,2737.68994140625,2735.85009765625,2737.2099609375,2737.2099609375,8740
2021-07-28-15-09-00 GMT-0400,2737.804931640625,2738.965087890625,2737.2900390625,2737.2900390625,2737.2900390625,1685
2021-07-28-15-10-00 GMT-0400,2737.010009765625,2737.919921875,2737.0,2737.8798828125,2737.8798828125,3988
2021-07-28-15-11-00 GMT-0400,2737.260009765625,2738.179931640625,2736.530029296875,2736.530029296875,2736.530029296875,2736
2021-07-28-15-12-00 GMT-0400,2737.27001953125,2738.60009765625,2737.27001953125,2738.300048828125,2738.300048828125,4691
2021-07-28-15-13-00 GMT-0400,2737.1298828125,2737.97998046875,2736.0,2736.4599609375,2736.4599609375,3037
2021-07-28-15-14-00 GMT-0400,2737.739990234375,2738.3798828125,2737.3701171875,2737.699951171875,2737.699951171875,4897
2021-07-28-15-15-00 GMT-0400,2738.090087890625,2741.0,2738.090087890625,2740.929931640625,2740.929931640625,5691
2021-07-28-15-16-00 GMT-0400,2740.75,2740.949951171875,2739.68994140625,2740.530029296875,2740.530029296875,6581
2021-07-28-15-17-00 GMT-0400,2740.260009765625,2740.513427734375,2737.610107421875,2737.780029296875,2737.780029296875,4670
2021-07-28-15-18-00 GMT-0400,2738.6298828125,2740.889892578125,2738.6298828125,2740.8798828125,2740.8798828125,5576
2021-07-28-15-19-00 GMT-0400,2739.0,2739.0400390625,2738.5,2738.5,2738.5,1328
2021-07-28-15-20-00 GMT-0400,2739.60009765625,2739.97998046875,2737.840087890625,2737.840087890625,2737.840087890625,3885
2021-07-28-15-21-00 GMT-0400,2738.85009765625,2739.85009765625,2737.550048828125,2737.550048828125,2737.550048828125,2993
2021-07-28-15-22-00 GMT-0400,2737.550048828125,2738.669921875,2736.8701171875,2737.2900390625,2737.2900390625,3906
2021-07-28-15-23-00 GMT-0400,2738.0,2738.889892578125,2736.8349609375,2736.89990234375,2736.89990234375,4988
2021-07-28-15-24-00 GMT-0400,2737.239990234375,2738.10009765625,2736.0,2737.97998046875,2737.97998046875,4586
2021-07-28-15-25-00 GMT-0400,2737.764892578125,2738.25,2737.300048828125,2737.7900390625,2737.7900390625,2978
2021-07-28-15-26-00 GMT-0400,2737.820068359375,2738.77001953125,2737.0,2738.070068359375,2738.070068359375,4949
2021-07-28-15-27-00 GMT-0400,2738.860107421875,2740.135009765625,2738.5,2738.5,2738.5,4598
2021-07-28-15-28-00 GMT-0400,2738.364990234375,2740.669921875,2738.364990234375,2740.030029296875,2740.030029296875,2503
2021-07-28-15-29-00 GMT-0400,2739.3701171875,2741.43994140625,2739.3701171875,2740.594970703125,2740.594970703125,4292
2021-07-28-15-30-00 GMT-0400,2741.25,2742.554931640625,2741.050048828125,2741.739990234375,2741.739990234375,2645
2021-07-28-15-31-00 GMT-0400,2741.080078125,2742.429931640625,2740.72998046875,2742.429931640625,2742.429931640625,734
2021-07-28-15-32-00 GMT-0400,2741.75,2741.75,2739.7099609375,2739.7099609375,2739.7099609375,3657
2021-07-28-15-33-00 GMT-0400,2740.429931640625,2740.429931640625,2738.68994140625,2739.840087890625,2739.840087890625,4970
2021-07-28-15-34-00 GMT-0400,2740.0400390625,2740.820068359375,2739.159912109375,2740.780029296875,2740.780029296875,7313
2021-07-28-15-35-00 GMT-0400,2740.02001953125,2740.409912109375,2739.014892578125,2739.014892578125,2739.014892578125,3357
2021-07-28-15-36-00 GMT-0400,2740.47998046875,2740.800048828125,2739.77001953125,2739.77001953125,2739.77001953125,3331
2021-07-28-15-37-00 GMT-0400,2740.110107421875,2740.110107421875,2737.409912109375,2738.77001953125,2738.77001953125,4211
2021-07-28-15-38-00 GMT-0400,2737.7099609375,2738.81982421875,2736.419921875,2736.489990234375,2736.489990234375,6783
2021-07-28-15-39-00 GMT-0400,2736.469970703125,2736.469970703125,2735.010009765625,2735.800048828125,2735.800048828125,4651
2021-07-28-15-40-00 GMT-0400,2735.280029296875,2735.8798828125,2734.080078125,2735.050048828125,2735.050048828125,6819
2021-07-28-15-41-00 GMT-0400,2734.43994140625,2735.449951171875,2733.0,2735.02001953125,2735.02001953125,11564
2021-07-28-15-42-00 GMT-0400,2735.570068359375,2737.409912109375,2734.64990234375,2737.409912109375,2737.409912109375,5843
2021-07-28-15-43-00 GMT-0400,2736.760009765625,2737.43994140625,2735.949951171875,2736.39990234375,2736.39990234375,10026
2021-07-28-15-44-00 GMT-0400,2736.22509765625,2737.590087890625,2736.22509765625,2737.419921875,2737.419921875,3145
2021-07-28-15-45-00 GMT-0400,2736.89697265625,2736.89697265625,2734.550048828125,2736.7900390625,2736.7900390625,4946
2021-07-28-15-46-00 GMT-0400,2736.544921875,2736.544921875,2734.14990234375,2734.300048828125,2734.300048828125,4682
2021-07-28-15-47-00 GMT-0400,2734.639892578125,2734.93994140625,2731.050048828125,2731.590087890625,2731.590087890625,12397
2021-07-28-15-48-00 GMT-0400,2732.080078125,2734.1201171875,2731.840087890625,2733.68994140625,2733.68994140625,13659
2021-07-28-15-49-00 GMT-0400,2733.389892578125,2734.0,2732.7099609375,2732.8701171875,2732.8701171875,8032
2021-07-28-15-50-00 GMT-0400,2736.0,2736.0,2733.0,2734.14990234375,2734.14990234375,11077
2021-07-28-15-51-00 GMT-0400,2734.280029296875,2736.1650390625,2733.0,2733.320068359375,2733.320068359375,13984
2021-07-28-15-52-00 GMT-0400,2734.02001953125,2735.804931640625,2733.570068359375,2735.02001953125,2735.02001953125,8788
2021-07-28-15-53-00 GMT-0400,2734.639892578125,2734.72509765625,2731.330078125,2732.4599609375,2732.4599609375,27104
2021-07-28-15-54-00 GMT-0400,2732.9599609375,2736.0,2731.489990234375,2731.489990234375,2731.489990234375,27211
2021-07-28-15-55-00 GMT-0400,2731.35009765625,2731.360107421875,2727.139892578125,2728.389892578125,2728.389892578125,36793
2021-07-28-15-56-00 GMT-0400,2727.909912109375,2730.75,2727.10009765625,2729.969970703125,2729.969970703125,29992
2021-07-28-15-57-00 GMT-0400,2729.0,2729.989990234375,2728.169921875,2729.10009765625,2729.10009765625,17518
2021-07-28-15-58-00 GMT-0400,2728.56005859375,2732.56005859375,2728.56005859375,2730.300048828125,2730.300048828125,31408
2021-07-28-15-59-00 GMT-0400,2730.844970703125,2731.85009765625,2727.0,2727.6298828125,2727.6298828125,58372
2021-07-28-16-00-00 GMT-0400,2727.63,2740.0,2724.6,2730.03,2730.03,88843
2021-07-28-16-01-00 GMT-0400,2737.0,2738.85,2727.63,2731.0,2731.0,0
2021-07-28-16-02-00 GMT-0400,2728.12,2731.94,2727.63,2730.22,2730.22,0
2021-07-28-16-03-00 GMT-0400,2731.94,2731.94,2728.79,2730.54,2730.54,0
2021-07-28-16-04-00 GMT-0400,2731.0,2731.0,2720.61,2724.13,2724.13,0
2021-07-28-16-05-00 GMT-0400,2720.63,2727.1,2718.825,2719.315,2719.315,0
2021-07-28-16-06-00 GMT-0400,2711.23,2726.75,2711.23,2721.555,2721.555,0
2021-07-28-16-07-00 GMT-0400,2721.555,2726.0,2717.0,2721.175,2721.175,0
2021-07-28-16-08-00 GMT-0400,2720.66,2727.63,2716.35,2721.03,2721.03,0
2021-07-28-16-09-00 GMT-0400,2720.11,2727.63,2716.35,2726.0,2726.0,0
2021-07-28-16-10-00 GMT-0400,2719.4,2727.63,2714.82,2727.63,2727.63,0
2021-07-28-16-11-00 GMT-0400,2720.67,2724.99,2718.93,2724.99,2724.99,0
2021-07-28-16-12-00 GMT-0400,2722.15,2724.99,2719.31,2719.31,2719.31,0
2021-07-28-16-13-00 GMT-0400,2723.0,2724.0,2719.31,2721.0,2721.0,0
2021-07-28-16-14-00 GMT-0400,2722.8625,2723.0,2720.0,2721.155,2721.155,0
2021-07-28-16-15-00 GMT-0400,2721.25,2723.0,2719.33,2720.665,2720.665,0
2021-07-28-16-16-00 GMT-0400,2720.665,2727.63,2719.455,2719.455,2719.455,0
2021-07-28-16-17-00 GMT-0400,2716.91,2722.0,2716.91,2721.56,2721.56,0
2021-07-28-16-18-00 GMT-0400,2719.835,2725.0,2717.67,2722.995,2722.995,0
2021-07-28-16-19-00 GMT-0400,2723.42,2724.56,2721.5,2721.5,2721.5,0
2021-07-28-16-20-00 GMT-0400,2724.0,2726.0,2720.08,2724.0,2724.0,0
2021-07-28-16-21-00 GMT-0400,2724.0,2725.99,2723.035,2724.0,2724.0,0
2021-07-28-16-22-00 GMT-0400,2723.77,2725.99,2719.0,2719.0,2719.0,0
2021-07-28-16-23-00 GMT-0400,2722.495,2725.99,2722.495,2725.99,2725.99,0
2021-07-28-16-24-00 GMT-0400,2719.0,2725.99,2719.0,2724.99,2724.99,0
2021-07-28-16-25-00 GMT-0400,2724.9,2724.99,2719.0,2724.99,2724.99,0
2021-07-28-16-26-00 GMT-0400,2726.0,2726.0,2719.0,2724.94,2724.94,0
2021-07-28-16-27-00 GMT-0400,2724.0,2724.25,2723.75,2724.25,2724.25,0
2021-07-28-16-28-00 GMT-0400,2726.0,2726.0,2721.5,2724.05,2724.05,0
2021-07-28-16-29-00 GMT-0400,2724.99,2725.88,2721.53,2725.88,2725.88,0
2021-07-28-16-30-00 GMT-0400,2724.72,2725.88,2720.0,2725.8,2725.8,0
2021-07-28-16-31-00 GMT-0400,2722.0,2725.8,2721.5,2725.8,2725.8,0
2021-07-28-16-32-00 GMT-0400,2722.845,2724.4,2721.5,2721.5,2721.5,0
2021-07-28-16-33-00 GMT-0400,2725.8,2725.8,2721.5,2721.5,2721.5,0
2021-07-28-16-34-00 GMT-0400,2721.945,2725.0,2721.5,2721.88,2721.88,0
2021-07-28-16-35-00 GMT-0400,2721.88,2725.8,2721.88,2722.845,2722.845,0
2021-07-28-16-36-00 GMT-0400,2722.845,2723.98,2722.0,2722.0,2722.0,0
2021-07-28-16-37-00 GMT-0400,2722.0,2723.44,2721.95,2722.255,2722.255,0
2021-07-28-16-38-00 GMT-0400,2722.0,2724.0,2721.16,2721.16,2721.16,0
2021-07-28-16-39-00 GMT-0400,2723.1,2723.69,2722.0,2723.69,2723.69,0
2021-07-28-16-40-00 GMT-0400,2719.51,2725.79,2719.51,2721.11,2721.11,0
2021-07-28-16-41-00 GMT-0400,2727.63,2727.63,2722.6,2727.63,2727.63,0
2021-07-28-16-42-00 GMT-0400,2727.63,2727.63,2719.51,2719.51,2719.51,0
2021-07-28-16-43-00 GMT-0400,2722.6,2724.88,2719.51,2722.6,2722.6,0
2021-07-28-16-44-00 GMT-0400,2722.6,2725.69,2719.53,2719.53,2719.53,0
2021-07-28-16-45-00 GMT-0400,2722.845,2725.69,2722.845,2722.845,2722.845,0
2021-07-28-16-46-00 GMT-0400,2723.095,2723.095,2720.5,2723.095,2723.095,0
2021-07-28-16-47-00 GMT-0400,2723.095,2725.79,2723.095,2723.145,2723.145,0
2021-07-28-16-48-00 GMT-0400,2723.145,2725.79,2720.0,2722.895,2722.895,0
2021-07-28-16-49-00 GMT-0400,2722.895,2723.98,2720.01,2722.85,2722.85,0
2021-07-28-16-50-00 GMT-0400,2722.9,2722.9,2722.85,2722.85,2722.85,0
2021-07-28-16-51-00 GMT-0400,2725.69,2725.69,2720.07,2723.0,2723.0,0
2021-07-28-16-52-00 GMT-0400,2722.85,2725.69,2722.0,2722.915,2722.915,0
2021-07-28-16-53-00 GMT-0400,2722.915,2723.9,2722.915,2722.915,2722.915,0
2021-07-28-16-54-00 GMT-0400,2722.905,2722.905,2720.12,2722.905,2722.905,0
2021-07-28-16-55-00 GMT-0400,2725.69,2725.69,2722.15,2722.905,2722.905,0
2021-07-28-16-56-00 GMT-0400,2722.905,2724.9,2720.5,2720.5,2720.5,0
2021-07-28-16-57-00 GMT-0400,2723.095,2724.6,2720.5,2723.73,2723.73,0
2021-07-28-16-58-00 GMT-0400,2720.5,2725.79,2720.5,2725.79,2725.79,0
2021-07-28-16-59-00 GMT-0400,2723.145,2724.95,2723.145,2724.89,2724.89,0
2021-07-28-17-00-00 GMT-0400,2725.49,2725.69,2723.0,2723.0,2723.0,0
2021-07-28-17-01-00 GMT-0400,2725.0,2725.69,2722.0,2723.845,2723.845,0
2021-07-28-17-02-00 GMT-0400,2723.845,2725.69,2722.0,2723.845,2723.845,0
2021-07-28-17-03-00 GMT-0400,2725.4,2725.4,2723.1,2725.4,2725.4,0
2021-07-28-17-04-00 GMT-0400,2723.33,2723.33,2723.33,2723.33,2723.33,0
2021-07-28-17-05-00 GMT-0400,2723.1,2725.23,2723.1,2723.1,2723.1,0
2021-07-28-17-06-00 GMT-0400,2723.1,2724.0,2721.08,2724.0,2724.0,0
2021-07-28-17-07-00 GMT-0400,2723.095,2725.69,2723.095,2723.095,2723.095,0
2021-07-28-17-08-00 GMT-0400,2724.4,2724.4,2723.095,2723.095,2723.095,0
2021-07-28-17-09-00 GMT-0400,2722.0,2722.0,2721.4,2721.4,2721.4,0
2021-07-28-17-10-00 GMT-0400,2723.095,2723.095,2723.095,2723.095,2723.095,0
2021-07-28-17-12-00 GMT-0400,2723.7,2724.8,2723.0,2723.15,2723.15,0
2021-07-28-17-13-00 GMT-0400,2723.15,2725.79,2723.15,2724.3,2724.3,0
2021-07-28-17-14-00 GMT-0400,2725.79,2725.79,2723.145,2723.145,2723.145,0
2021-07-28-17-15-00 GMT-0400,2723.19,2724.4,2723.19,2724.4,2724.4,0
2021-07-28-17-16-00 GMT-0400,2725.64,2725.64,2725.64,2725.64,2725.64,0
2021-07-28-17-17-00 GMT-0400,2723.19,2724.8,2723.19,2723.19,2723.19,0
2021-07-28-17-18-00 GMT-0400,2725.88,2725.88,2723.19,2723.19,2723.19,0
2021-07-28-17-19-00 GMT-0400,2727.63,2727.63,2722.02,2723.19,2723.19,0
2021-07-28-17-20-00 GMT-0400,2723.19,2723.19,2723.19,2723.19,2723.19,0
2021-07-28-17-21-00 GMT-0400,2723.19,2723.19,2722.11,2723.095,2723.095,0
2021-07-28-17-22-00 GMT-0400,2725.69,2725.69,2724.0,2724.0,2724.0,0
2021-07-28-17-24-00 GMT-0400,2723.095,2723.095,2720.5,2720.5,2720.5,0
2021-07-28-17-25-00 GMT-0400,2725.69,2725.69,2723.095,2723.35,2723.35,0
2021-07-28-17-26-00 GMT-0400,2724.0,2724.0,2724.0,2724.0,2724.0,0
2021-07-28-17-27-00 GMT-0400,2725.69,2725.69,2723.455,2723.455,2723.455,0
2021-07-28-17-28-00 GMT-0400,2724.7,2724.7,2721.22,2724.0,2724.0,0
2021-07-28-17-29-00 GMT-0400,2723.345,2723.455,2723.345,2723.455,2723.455,0
2021-07-28-17-30-00 GMT-0400,2723.455,2725.69,2723.455,2723.455,2723.455,0
2021-07-28-17-31-00 GMT-0400,2723.455,2723.455,2723.455,2723.455,2723.455,0
2021-07-28-17-32-00 GMT-0400,2721.22,2723.455,2721.22,2723.455,2723.455,0
2021-07-28-17-33-00 GMT-0400,2723.455,2725.69,2721.22,2723.455,2723.455,0
2021-07-28-17-35-00 GMT-0400,2725.69,2725.69,2723.455,2725.69,2725.69,0
2021-07-28-17-36-00 GMT-0400,2724.7,2725.0,2723.395,2725.0,2725.0,0
2021-07-28-17-37-00 GMT-0400,2723.395,2727.63,2721.1,2723.395,2723.395,0
2021-07-28-17-38-00 GMT-0400,2723.395,2724.0,2723.39,2724.0,2724.0,0
2021-07-28-17-39-00 GMT-0400,2723.445,2723.46,2723.445,2723.46,2723.46,0
2021-07-28-17-40-00 GMT-0400,2725.69,2725.69,2723.46,2723.46,2723.46,0
2021-07-28-17-41-00 GMT-0400,2723.46,2723.46,2721.33,2721.33,2721.33,0
2021-07-28-17-42-00 GMT-0400,2725.0,2725.0,2724.93,2724.93,2724.93,0
2021-07-28-17-43-00 GMT-0400,2724.93,2724.93,2724.93,2724.93,2724.93,0
2021-07-28-17-44-00 GMT-0400,2724.0,2725.0,2723.51,2725.0,2725.0,0
2021-07-28-17-46-00 GMT-0400,2723.6,2725.69,2723.595,2725.69,2725.69,0
2021-07-28-17-47-00 GMT-0400,2721.5,2721.5,2721.5,2721.5,2721.5,0
2021-07-28-17-48-00 GMT-0400,2723.72,2724.93,2723.72,2723.845,2723.845,0
2021-07-28-17-49-00 GMT-0400,2723.845,2724.93,2723.845,2724.93,2724.93,0
2021-07-28-17-50-00 GMT-0400,2723.85,2723.85,2723.845,2723.845,2723.845,0
2021-07-28-17-51-00 GMT-0400,2724.93,2725.0,2724.93,2725.0,2725.0,0
2021-07-28-17-52-00 GMT-0400,2723.845,2725.69,2722.0,2725.69,2725.69,0
2021-07-28-17-53-00 GMT-0400,2725.0,2725.0,2723.52,2723.52,2723.52,0
2021-07-28-17-54-00 GMT-0400,2723.845,2725.69,2723.0,2725.0,2725.0,0
2021-07-28-17-55-00 GMT-0400,2723.845,2723.845,2723.845,2723.845,2723.845,0
2021-07-28-17-56-00 GMT-0400,2724.93,2725.0,2723.595,2725.0,2725.0,0
2021-07-28-17-57-00 GMT-0400,2723.595,2723.595,2723.595,2723.595,2723.595,0
2021-07-28-17-58-00 GMT-0400,2725.69,2725.69,2725.69,2725.69,2725.69,0
2021-07-28-17-59-00 GMT-0400,2724.02,2724.02,2723.595,2723.595,2723.595,0
2021-07-28-18-00-00 GMT-0400,2722.0,2725.69,2722.0,2725.0,2725.0,0
2021-07-28-18-03-00 GMT-0400,2725.0,2725.0,2725.0,2725.0,2725.0,0
2021-07-28-18-05-00 GMT-0400,2723.5,2724.0,2723.5,2724.0,2724.0,0
2021-07-28-18-06-00 GMT-0400,2724.99,2725.5,2724.89,2725.5,2725.5,0
2021-07-28-18-07-00 GMT-0400,2724.95,2725.5,2724.0,2725.5,2725.5,0
2021-07-28-18-08-00 GMT-0400,2724.9,2725.0,2724.9,2724.95,2724.95,0
2021-07-28-18-09-00 GMT-0400,2724.95,2724.95,2724.95,2724.95,2724.95,0
2021-07-28-18-10-00 GMT-0400,2725.5,2725.5,2724.95,2724.95,2724.95,0
2021-07-28-18-12-00 GMT-0400,2724.95,2725.0,2724.95,2725.0,2725.0,0
2021-07-28-18-16-00 GMT-0400,2724.98,2725.0,2724.98,2725.0,2725.0,0
2021-07-28-18-17-00 GMT-0400,2724.73,2724.73,2724.73,2724.73,2724.73,0
2021-07-28-18-18-00 GMT-0400,2725.29,2725.29,2725.29,2725.29,2725.29,0
2021-07-28-18-21-00 GMT-0400,2724.87,2724.87,2724.87,2724.87,2724.87,0
2021-07-28-18-23-00 GMT-0400,2724.87,2725.29,2724.87,2725.29,2725.29,0
2021-07-28-18-25-00 GMT-0400,2724.69,2724.69,2724.06,2724.06,2724.06,0
2021-07-28-18-27-00 GMT-0400,2725.29,2725.29,2720.52,2724.1,2724.1,0
2021-07-28-18-28-00 GMT-0400,2724.1,2724.1,2724.1,2724.1,2724.1,0
2021-07-28-18-29-00 GMT-0400,2722.1,2722.1,2722.1,2722.1,2722.1,0
2021-07-28-18-33-00 GMT-0400,2724.0,2724.0,2723.96,2723.96,2723.96,0
2021-07-28-18-34-00 GMT-0400,2724.0,2724.0,2723.0,2723.5,2723.5,0
2021-07-28-18-35-00 GMT-0400,2723.0,2723.89,2723.0,2723.89,2723.89,0
2021-07-28-18-36-00 GMT-0400,2723.0,2723.0,2723.0,2723.0,2723.0,0
2021-07-28-18-37-00 GMT-0400,2723.75,2723.75,2723.75,2723.75,2723.75,0
2021-07-28-18-39-00 GMT-0400,2723.73,2723.73,2723.0,2723.0,2723.0,0
2021-07-28-18-41-00 GMT-0400,2723.02,2723.02,2723.02,2723.02,2723.02,0
2021-07-28-18-42-00 GMT-0400,2723.03,2723.03,2723.03,2723.03,2723.03,0
2021-07-28-18-43-00 GMT-0400,2723.06,2723.51,2723.06,2723.51,2723.51,0
2021-07-28-18-45-00 GMT-0400,2723.0,2723.5,2723.0,2723.5,2723.5,0
2021-07-28-18-46-00 GMT-0400,2723.5,2724.0,2722.2,2722.2,2722.2,0
2021-07-28-18-47-00 GMT-0400,2723.5,2723.5,2723.5,2723.5,2723.5,0
2021-07-28-18-48-00 GMT-0400,2723.4,2723.4,2723.4,2723.4,2723.4,0
2021-07-28-18-49-00 GMT-0400,2723.4,2724.0,2723.4,2724.0,2724.0,0
2021-07-28-18-50-00 GMT-0400,2723.0,2723.9,2723.0,2723.9,2723.9,0
2021-07-28-18-51-00 GMT-0400,2723.06,2723.49,2722.0,2722.0,2722.0,0
2021-07-28-18-52-00 GMT-0400,2722.31,2722.31,2722.2,2722.2,2722.2,0
2021-07-28-18-53-00 GMT-0400,2722.23,2722.23,2722.08,2722.08,2722.08,0
2021-07-28-18-55-00 GMT-0400,2723.55,2723.55,2722.08,2722.99,2722.99,0
2021-07-28-18-57-00 GMT-0400,2722.86,2722.86,2722.09,2722.09,2722.09,0
2021-07-28-18-58-00 GMT-0400,2722.25,2722.39,2722.25,2722.39,2722.39,0
2021-07-28-18-59-00 GMT-0400,2722.74,2722.74,2722.74,2722.74,2722.74,0
2021-07-28-19-06-00 GMT-0400,2722.0,2722.0,2722.0,2722.0,2722.0,0
2021-07-28-19-08-00 GMT-0400,2722.01,2722.01,2722.0,2722.0,2722.0,0
2021-07-28-19-16-00 GMT-0400,2720.5,2721.05,2720.5,2720.5,2720.5,0
2021-07-28-19-17-00 GMT-0400,2720.5,2720.5,2720.5,2720.5,2720.5,0
2021-07-28-19-19-00 GMT-0400,2721.51,2722.0,2721.5,2722.0,2722.0,0
2021-07-28-19-23-00 GMT-0400,2722.05,2722.05,2722.0,2722.0,2722.0,0
2021-07-28-19-29-00 GMT-0400,2723.43,2723.43,2722.0,2722.0,2722.0,0
2021-07-28-19-36-00 GMT-0400,2720.5,2722.5,2720.5,2722.5,2722.5,0
2021-07-28-19-39-00 GMT-0400,2722.5,2722.5,2721.08,2721.08,2721.08,0
2021-07-28-19-40-00 GMT-0400,2723.43,2723.43,2723.43,2723.43,2723.43,0
2021-07-28-19-41-00 GMT-0400,2722.0,2723.4,2722.0,2722.0,2722.0,0
2021-07-28-19-42-00 GMT-0400,2720.5,2722.25,2720.5,2722.25,2722.25,0
2021-07-28-19-45-00 GMT-0400,2722.0,2722.0,2721.11,2721.11,2721.11,0
2021-07-28-19-46-00 GMT-0400,2721.57,2721.57,2721.11,2721.11,2721.11,0
2021-07-28-19-48-00 GMT-0400,2721.0,2722.0,2721.0,2721.0,2721.0,0
2021-07-28-19-49-00 GMT-0400,2720.88,2720.88,2720.51,2720.51,2720.51,0
2021-07-28-19-50-00 GMT-0400,2720.5,2723.39,2720.5,2721.0,2721.0,0
2021-07-28-19-51-00 GMT-0400,2723.39,2723.39,2720.5,2720.5,2720.5,0
2021-07-28-19-52-00 GMT-0400,2720.5,2721.33,2720.5,2721.0,2721.0,0
2021-07-28-19-53-00 GMT-0400,2720.5,2724.0,2720.5,2724.0,2724.0,0
2021-07-28-19-54-00 GMT-0400,2720.5,2722.0,2720.5,2722.0,2722.0,0
2021-07-28-19-56-00 GMT-0400,2722.01,2724.0,2720.5,2722.0,2722.0,0
2021-07-28-19-57-00 GMT-0400,2721.05,2724.0,2721.05,2724.0,2724.0,0
2021-07-28-19-59-00 GMT-0400,2723.83,2724.77,2720.5,2721.0,2721.0,0
