Datetime,Open,High,Low,Close,Adj Close,Volume
2021-02-19-04-00-00 GMT-0500,2116.0,2116.0,2116.0,2116.0,2116.0,0
2021-02-19-04-13-00 GMT-0500,2125.29,2125.29,2125.29,2125.29,2125.29,0
2021-02-19-04-16-00 GMT-0500,2121.6,2121.6,2121.6,2121.6,2121.6,0
2021-02-19-04-19-00 GMT-0500,2121.09,2121.09,2121.09,2121.09,2121.09,0
2021-02-19-04-22-00 GMT-0500,2125.0,2125.0,2121.09,2121.09,2121.09,0
2021-02-19-04-34-00 GMT-0500,2123.46,2123.46,2123.46,2123.46,2123.46,0
2021-02-19-05-03-00 GMT-0500,2124.63,2124.63,2124.63,2124.63,2124.63,0
2021-02-19-05-12-00 GMT-0500,2124.63,2124.63,2124.63,2124.63,2124.63,0
2021-02-19-05-19-00 GMT-0500,2124.63,2124.63,2124.63,2124.63,2124.63,0
2021-02-19-05-26-00 GMT-0500,2123.05,2123.05,2123.05,2123.05,2123.05,0
2021-02-19-05-46-00 GMT-0500,2123.41,2123.41,2123.41,2123.41,2123.41,0
2021-02-19-05-50-00 GMT-0500,2123.62,2123.62,2123.62,2123.62,2123.62,0
2021-02-19-05-54-00 GMT-0500,2121.51,2121.51,2121.3,2121.3,2121.3,0
2021-02-19-05-55-00 GMT-0500,2121.33,2121.33,2121.3,2121.3,2121.3,0
2021-02-19-05-56-00 GMT-0500,2121.3,2121.3,2121.3,2121.3,2121.3,0
2021-02-19-05-57-00 GMT-0500,2121.3,2121.3,2121.3,2121.3,2121.3,0
2021-02-19-06-09-00 GMT-0500,2122.21,2122.21,2122.21,2122.21,2122.21,0
2021-02-19-06-10-00 GMT-0500,2122.88,2122.88,2122.88,2122.88,2122.88,0
2021-02-19-06-11-00 GMT-0500,2123.05,2124.26,2123.05,2124.26,2124.26,0
2021-02-19-06-40-00 GMT-0500,2121.5,2121.5,2121.5,2121.5,2121.5,0
2021-02-19-07-00-00 GMT-0500,2126.0,2126.0,2121.61,2126.0,2126.0,0
2021-02-19-07-02-00 GMT-0500,2125.87,2125.87,2125.87,2125.87,2125.87,0
2021-02-19-07-06-00 GMT-0500,2123.05,2123.05,2123.05,2123.05,2123.05,0
2021-02-19-07-07-00 GMT-0500,2125.8,2125.8,2125.8,2125.8,2125.8,0
2021-02-19-07-10-00 GMT-0500,2125.51,2125.51,2125.51,2125.51,2125.51,0
2021-02-19-07-14-00 GMT-0500,2125.35,2125.35,2125.35,2125.35,2125.35,0
2021-02-19-07-15-00 GMT-0500,2125.0,2125.0,2124.6,2124.6,2124.6,0
2021-02-19-07-16-00 GMT-0500,2125.15,2125.15,2124.65,2124.65,2124.65,0
2021-02-19-07-18-00 GMT-0500,2124.66,2124.66,2124.1,2124.1,2124.1,0
2021-02-19-07-19-00 GMT-0500,2124.13,2124.13,2124.1,2124.1,2124.1,0
2021-02-19-07-20-00 GMT-0500,2124.96,2124.96,2124.45,2124.45,2124.45,0
2021-02-19-07-23-00 GMT-0500,2125.75,2125.75,2125.75,2125.75,2125.75,0
2021-02-19-07-24-00 GMT-0500,2125.75,2126.2,2125.75,2126.2,2126.2,0
2021-02-19-07-25-00 GMT-0500,2126.52,2126.52,2126.52,2126.52,2126.52,0
2021-02-19-07-31-00 GMT-0500,2126.02,2127.07,2125.06,2127.07,2127.07,0
2021-02-19-07-33-00 GMT-0500,2127.27,2127.27,2126.6,2126.6,2126.6,0
2021-02-19-07-34-00 GMT-0500,2125.59,2125.59,2125.59,2125.59,2125.59,0
2021-02-19-07-43-00 GMT-0500,2127.19,2127.19,2126.0,2126.0,2126.0,0
2021-02-19-07-44-00 GMT-0500,2126.8,2127.19,2126.8,2127.19,2127.19,0
2021-02-19-07-47-00 GMT-0500,2127.0,2127.0,2127.0,2127.0,2127.0,0
2021-02-19-07-48-00 GMT-0500,2126.97,2126.97,2126.97,2126.97,2126.97,0
2021-02-19-07-49-00 GMT-0500,2127.01,2127.01,2125.93,2125.93,2125.93,0
2021-02-19-07-50-00 GMT-0500,2127.33,2127.33,2127.33,2127.33,2127.33,0
2021-02-19-07-51-00 GMT-0500,2127.5,2127.5,2127.5,2127.5,2127.5,0
2021-02-19-07-52-00 GMT-0500,2127.53,2128.0,2127.53,2128.0,2128.0,0
2021-02-19-07-53-00 GMT-0500,2128.31,2128.31,2128.31,2128.31,2128.31,0
2021-02-19-07-54-00 GMT-0500,2128.99,2128.99,2128.99,2128.99,2128.99,0
2021-02-19-07-56-00 GMT-0500,2128.99,2128.99,2128.0,2128.0,2128.0,0
2021-02-19-07-59-00 GMT-0500,2128.0,2128.0,2128.0,2128.0,2128.0,0
2021-02-19-08-00-00 GMT-0500,2122.43,2128.82,2122.43,2128.79,2128.79,0
2021-02-19-08-03-00 GMT-0500,2129.2,2129.2,2129.2,2129.2,2129.2,0
2021-02-19-08-07-00 GMT-0500,2126.96,2126.96,2126.96,2126.96,2126.96,0
2021-02-19-08-08-00 GMT-0500,2128.95,2128.95,2127.5,2128.5,2128.5,0
2021-02-19-08-12-00 GMT-0500,2128.9,2128.9,2128.9,2128.9,2128.9,0
2021-02-19-08-13-00 GMT-0500,2128.81,2128.81,2128.81,2128.81,2128.81,0
2021-02-19-08-14-00 GMT-0500,2128.74,2128.74,2128.74,2128.74,2128.74,0
2021-02-19-08-15-00 GMT-0500,2129.0,2129.0,2129.0,2129.0,2129.0,0
2021-02-19-08-16-00 GMT-0500,2128.0,2128.0,2128.0,2128.0,2128.0,0
2021-02-19-08-19-00 GMT-0500,2128.74,2128.74,2128.74,2128.74,2128.74,0
2021-02-19-08-23-00 GMT-0500,2117.2,2128.74,2117.2,2127.02,2127.02,0
2021-02-19-08-24-00 GMT-0500,2128.74,2128.74,2127.1,2128.4,2128.4,0
2021-02-19-08-25-00 GMT-0500,2127.05,2128.6,2127.05,2128.6,2128.6,0
2021-02-19-08-26-00 GMT-0500,2127.05,2128.8,2127.01,2128.8,2128.8,0
2021-02-19-08-27-00 GMT-0500,2127.05,2128.9,2127.05,2128.9,2128.9,0
2021-02-19-08-29-00 GMT-0500,2127.5,2127.5,2127.5,2127.5,2127.5,0
2021-02-19-08-30-00 GMT-0500,2128.02,2128.02,2128.02,2128.02,2128.02,0
2021-02-19-08-31-00 GMT-0500,2129.0,2129.0,2128.1,2128.8,2128.8,0
2021-02-19-08-32-00 GMT-0500,2128.0,2128.0,2128.0,2128.0,2128.0,0
2021-02-19-08-34-00 GMT-0500,2127.83,2129.2,2127.83,2129.2,2129.2,0
2021-02-19-08-35-00 GMT-0500,2129.2,2129.2,2129.2,2129.2,2129.2,0
2021-02-19-08-36-00 GMT-0500,2129.19,2129.19,2128.8,2128.8,2128.8,0
2021-02-19-08-37-00 GMT-0500,2129.0,2129.0,2129.0,2129.0,2129.0,0
2021-02-19-08-38-00 GMT-0500,2129.0,2129.0,2129.0,2129.0,2129.0,0
2021-02-19-08-39-00 GMT-0500,2128.6,2128.6,2128.6,2128.6,2128.6,0
2021-02-19-08-40-00 GMT-0500,2128.2,2128.2,2128.2,2128.2,2128.2,0
2021-02-19-08-41-00 GMT-0500,2128.0,2128.0,2128.0,2128.0,2128.0,0
2021-02-19-08-42-00 GMT-0500,2128.0,2128.0,2128.0,2128.0,2128.0,0
2021-02-19-08-43-00 GMT-0500,2127.47,2127.47,2127.47,2127.47,2127.47,0
2021-02-19-08-44-00 GMT-0500,2127.19,2127.19,2127.0,2127.15,2127.15,0
2021-02-19-08-45-00 GMT-0500,2127.15,2127.15,2127.15,2127.15,2127.15,0
2021-02-19-08-46-00 GMT-0500,2127.2,2127.2,2127.0,2127.0,2127.0,0
2021-02-19-08-47-00 GMT-0500,2127.67,2127.95,2127.67,2127.95,2127.95,0
2021-02-19-08-50-00 GMT-0500,2126.1,2126.1,2126.1,2126.1,2126.1,0
2021-02-19-08-51-00 GMT-0500,2127.52,2127.52,2127.52,2127.52,2127.52,0
2021-02-19-08-52-00 GMT-0500,2126.1,2127.13,2126.1,2127.13,2127.13,0
2021-02-19-08-53-00 GMT-0500,2127.52,2127.94,2127.52,2127.94,2127.94,0
2021-02-19-08-56-00 GMT-0500,2127.94,2127.94,2127.94,2127.94,2127.94,0
2021-02-19-08-58-00 GMT-0500,2127.9,2128.0,2127.9,2128.0,2128.0,0
2021-02-19-08-59-00 GMT-0500,2128.0,2128.0,2128.0,2128.0,2128.0,0
2021-02-19-09-00-00 GMT-0500,2128.0,2128.0,2126.1,2127.545,2127.545,0
2021-02-19-09-01-00 GMT-0500,2127.9,2128.0,2127.05,2127.55,2127.55,0
2021-02-19-09-02-00 GMT-0500,2127.99,2127.99,2127.05,2127.05,2127.05,0
2021-02-19-09-03-00 GMT-0500,2126.1,2127.5,2126.1,2127.13,2127.13,0
2021-02-19-09-04-00 GMT-0500,2127.55,2127.55,2127.0,2127.0,2127.0,0
2021-02-19-09-05-00 GMT-0500,2127.0,2127.84,2127.0,2127.84,2127.84,0
2021-02-19-09-06-00 GMT-0500,2127.0,2127.5,2127.0,2127.495,2127.495,0
2021-02-19-09-07-00 GMT-0500,2128.8,2128.8,2127.84,2128.8,2128.8,0
2021-02-19-09-08-00 GMT-0500,2126.79,2127.95,2126.49,2126.49,2126.49,0
2021-02-19-09-10-00 GMT-0500,2126.5,2127.25,2126.0,2126.0,2126.0,0
2021-02-19-09-11-00 GMT-0500,2126.25,2126.25,2126.25,2126.25,2126.25,0
2021-02-19-09-12-00 GMT-0500,2126.0,2126.07,2123.49,2126.0,2126.0,0
2021-02-19-09-13-00 GMT-0500,2125.025,2127.0,2125.025,2127.0,2127.0,0
2021-02-19-09-14-00 GMT-0500,2125.025,2125.025,2125.025,2125.025,2125.025,0
2021-02-19-09-30-00 GMT-0500,2119.27001953125,2120.489990234375,2117.31005859375,2119.5,2119.5,93086
2021-02-19-09-31-00 GMT-0500,2120.75,2120.75,2113.7099609375,2113.7099609375,2113.7099609375,6200
2021-02-19-09-32-00 GMT-0500,2115.340087890625,2115.340087890625,2112.1123046875,2112.1123046875,2112.1123046875,2891
2021-02-19-09-33-00 GMT-0500,2113.429931640625,2117.655029296875,2111.639892578125,2117.64990234375,2117.64990234375,32229
2021-02-19-09-34-00 GMT-0500,2115.0,2115.820068359375,2110.0,2110.0,2110.0,7482
2021-02-19-09-35-00 GMT-0500,2110.5,2114.719970703125,2110.489990234375,2112.830078125,2112.830078125,6440
2021-02-19-09-36-00 GMT-0500,2111.429931640625,2111.739990234375,2110.280029296875,2110.925048828125,2110.925048828125,2556
2021-02-19-09-38-00 GMT-0500,2115.669921875,2115.800048828125,2114.699951171875,2114.699951171875,2114.699951171875,12913
2021-02-19-09-39-00 GMT-0500,2115.830078125,2116.239990234375,2114.929931640625,2114.929931640625,2114.929931640625,4708
2021-02-19-09-40-00 GMT-0500,2114.0,2119.52001953125,2113.75,2115.710205078125,2115.710205078125,6623
2021-02-19-09-41-00 GMT-0500,2118.580078125,2118.580078125,2113.56005859375,2114.429931640625,2114.429931640625,3672
2021-02-19-09-42-00 GMT-0500,2114.47998046875,2116.409912109375,2114.47998046875,2116.35009765625,2116.35009765625,4880
2021-02-19-09-43-00 GMT-0500,2117.3701171875,2117.3701171875,2115.75,2115.75,2115.75,1089
2021-02-19-09-44-00 GMT-0500,2115.75,2116.02490234375,2113.580078125,2115.830078125,2115.830078125,2821
2021-02-19-09-45-00 GMT-0500,2114.411376953125,2114.889892578125,2112.0,2112.635009765625,2112.635009765625,2802
2021-02-19-09-46-00 GMT-0500,2113.56005859375,2114.445068359375,2111.070068359375,2114.445068359375,2114.445068359375,3691
2021-02-19-09-47-00 GMT-0500,2114.360107421875,2117.316650390625,2113.64990234375,2116.5400390625,2116.5400390625,3408
2021-02-19-09-48-00 GMT-0500,2116.5400390625,2117.1298828125,2115.169921875,2116.159912109375,2116.159912109375,2705
2021-02-19-09-49-00 GMT-0500,2116.159912109375,2119.449951171875,2116.159912109375,2119.449951171875,2119.449951171875,12353
2021-02-19-09-50-00 GMT-0500,2119.77001953125,2121.0,2118.580078125,2120.800048828125,2120.800048828125,20619
2021-02-19-09-51-00 GMT-0500,2121.75,2123.64501953125,2119.053955078125,2121.68994140625,2121.68994140625,7016
2021-02-19-09-52-00 GMT-0500,2120.989990234375,2120.989990234375,2119.52001953125,2120.0400390625,2120.0400390625,1546
2021-02-19-09-53-00 GMT-0500,2119.02001953125,2121.81005859375,2118.2099609375,2121.81005859375,2121.81005859375,1921
2021-02-19-09-54-00 GMT-0500,2123.519775390625,2125.9599609375,2123.449951171875,2125.9599609375,2125.9599609375,2155
2021-02-19-09-55-00 GMT-0500,2125.9599609375,2127.56494140625,2125.9599609375,2127.0,2127.0,3511
2021-02-19-09-56-00 GMT-0500,2126.0400390625,2129.1025390625,2126.0,2129.1025390625,2129.1025390625,5170
2021-02-19-09-57-00 GMT-0500,2129.18994140625,2129.580078125,2128.6201171875,2128.6201171875,2128.6201171875,2582
2021-02-19-09-58-00 GMT-0500,2128.6201171875,2129.727783203125,2127.260009765625,2127.260009765625,2127.260009765625,3768
2021-02-19-09-59-00 GMT-0500,2127.75,2129.06005859375,2127.449951171875,2129.06005859375,2129.06005859375,2176
2021-02-19-10-00-00 GMT-0500,2128.75,2130.110107421875,2124.20361328125,2125.43994140625,2125.43994140625,9219
2021-02-19-10-01-00 GMT-0500,2125.010009765625,2125.43994140625,2123.919921875,2123.919921875,2123.919921875,2396
2021-02-19-10-02-00 GMT-0500,2124.1298828125,2124.169921875,2123.919921875,2124.169921875,2124.169921875,1802
2021-02-19-10-03-00 GMT-0500,2123.89501953125,2124.909912109375,2123.199951171875,2124.909912109375,2124.909912109375,1780
2021-02-19-10-04-00 GMT-0500,2124.919921875,2125.75,2124.860107421875,2125.610107421875,2125.610107421875,2670
2021-02-19-10-05-00 GMT-0500,2125.030029296875,2125.030029296875,2123.22998046875,2123.22998046875,2123.22998046875,922
2021-02-19-10-06-00 GMT-0500,2124.669921875,2125.330078125,2124.2099609375,2124.610107421875,2124.610107421875,3401
2021-02-19-10-07-00 GMT-0500,2126.110107421875,2128.080078125,2125.889892578125,2126.889892578125,2126.889892578125,3573
2021-02-19-10-08-00 GMT-0500,2128.56005859375,2128.56005859375,2126.7900390625,2127.114990234375,2127.114990234375,5008
2021-02-19-10-09-00 GMT-0500,2127.14501953125,2127.14501953125,2123.0,2123.110107421875,2123.110107421875,2935
2021-02-19-10-10-00 GMT-0500,2124.669921875,2125.85009765625,2123.199951171875,2123.199951171875,2123.199951171875,2393
2021-02-19-10-11-00 GMT-0500,2122.56005859375,2122.56005859375,2120.179931640625,2122.030029296875,2122.030029296875,5855
2021-02-19-10-12-00 GMT-0500,2120.0,2122.8798828125,2120.0,2122.8701171875,2122.8701171875,2589
2021-02-19-10-13-00 GMT-0500,2123.159912109375,2124.139892578125,2123.159912109375,2123.514892578125,2123.514892578125,1217
2021-02-19-10-14-00 GMT-0500,2123.199951171875,2123.52490234375,2121.47998046875,2121.47998046875,2121.47998046875,3172
2021-02-19-10-15-00 GMT-0500,2122.169921875,2123.340087890625,2122.110107421875,2123.139892578125,2123.139892578125,3213
2021-02-19-10-16-00 GMT-0500,2122.860107421875,2123.590087890625,2121.530029296875,2122.83544921875,2122.83544921875,4110
2021-02-19-10-17-00 GMT-0500,2123.0,2124.18994140625,2121.669921875,2121.669921875,2121.669921875,4707
2021-02-19-10-18-00 GMT-0500,2121.580078125,2121.580078125,2120.570068359375,2120.780029296875,2120.780029296875,4931
2021-02-19-10-19-00 GMT-0500,2121.455078125,2123.142578125,2121.239990234375,2122.360107421875,2122.360107421875,4716
2021-02-19-10-20-00 GMT-0500,2121.889892578125,2122.06005859375,2119.0,2119.0,2119.0,4255
2021-02-19-10-21-00 GMT-0500,2119.06005859375,2121.654541015625,2119.06005859375,2121.62890625,2121.62890625,2261
2021-02-19-10-22-00 GMT-0500,2121.1298828125,2122.60009765625,2121.1298828125,2122.60009765625,2122.60009765625,1854
2021-02-19-10-23-00 GMT-0500,2123.097900390625,2124.25,2123.097900390625,2123.891845703125,2123.891845703125,1409
2021-02-19-10-24-00 GMT-0500,2124.800048828125,2127.179931640625,2124.719970703125,2127.179931640625,2127.179931640625,4512
2021-02-19-10-25-00 GMT-0500,2127.5400390625,2129.68994140625,2126.9599609375,2128.905029296875,2128.905029296875,7416
2021-02-19-10-26-00 GMT-0500,2127.56494140625,2128.264892578125,2126.1298828125,2126.320068359375,2126.320068359375,3301
2021-02-19-10-27-00 GMT-0500,2126.3701171875,2126.3701171875,2124.840087890625,2125.8798828125,2125.8798828125,2728
2021-02-19-10-28-00 GMT-0500,2126.0,2127.389892578125,2126.0,2127.389892578125,2127.389892578125,1624
2021-02-19-10-29-00 GMT-0500,2127.25,2127.489990234375,2126.882568359375,2126.892578125,2126.892578125,2405
2021-02-19-10-30-00 GMT-0500,2126.889892578125,2129.0,2126.889892578125,2127.2099609375,2127.2099609375,3057
2021-02-19-10-31-00 GMT-0500,2127.8798828125,2128.030029296875,2127.72998046875,2127.72998046875,2127.72998046875,1796
2021-02-19-10-32-00 GMT-0500,2127.18994140625,2127.18994140625,2127.0,2127.0,2127.0,1014
2021-02-19-10-33-00 GMT-0500,2126.969970703125,2127.922607421875,2124.625,2124.625,2124.625,1991
2021-02-19-10-34-00 GMT-0500,2124.875,2125.639892578125,2124.875,2125.639892578125,2125.639892578125,1007
2021-02-19-10-35-00 GMT-0500,2126.169921875,2126.169921875,2124.215087890625,2124.215087890625,2124.215087890625,1656
2021-02-19-10-36-00 GMT-0500,2124.27001953125,2124.27001953125,2122.1298828125,2122.1298828125,2122.1298828125,1615
2021-02-19-10-37-00 GMT-0500,2123.469970703125,2125.340087890625,2123.4599609375,2125.294921875,2125.294921875,2313
2021-02-19-10-38-00 GMT-0500,2125.570068359375,2125.570068359375,2125.570068359375,2125.570068359375,2125.570068359375,1055
2021-02-19-10-39-00 GMT-0500,2125.054931640625,2125.695068359375,2125.054931640625,2125.31005859375,2125.31005859375,3342
2021-02-19-10-40-00 GMT-0500,2127.25,2127.25,2125.98388671875,2125.98388671875,2125.98388671875,1176
2021-02-19-10-41-00 GMT-0500,2127.02001953125,2127.550048828125,2127.02001953125,2127.090087890625,2127.090087890625,1774
2021-02-19-10-42-00 GMT-0500,2127.090087890625,2127.090087890625,2125.110107421875,2126.550048828125,2126.550048828125,4730
2021-02-19-10-43-00 GMT-0500,2126.169921875,2126.610107421875,2125.72998046875,2125.780029296875,2125.780029296875,1487
2021-02-19-10-45-00 GMT-0500,2126.60009765625,2126.889892578125,2126.2099609375,2126.2099609375,2126.2099609375,2728
2021-02-19-10-46-00 GMT-0500,2125.0,2125.0,2124.8701171875,2124.8701171875,2124.8701171875,1183
2021-02-19-10-47-00 GMT-0500,2124.85009765625,2124.85009765625,2122.580078125,2122.580078125,2122.580078125,1354
2021-02-19-10-48-00 GMT-0500,2122.580078125,2122.580078125,2122.580078125,2122.580078125,2122.580078125,1081
2021-02-19-10-49-00 GMT-0500,2122.72998046875,2122.72998046875,2122.68994140625,2122.68994140625,2122.68994140625,258
2021-02-19-10-50-00 GMT-0500,2123.550048828125,2123.550048828125,2123.550048828125,2123.550048828125,2123.550048828125,2058
2021-02-19-10-51-00 GMT-0500,2123.85009765625,2123.85009765625,2123.85009765625,2123.85009765625,2123.85009765625,659
2021-02-19-10-53-00 GMT-0500,2126.1201171875,2126.68505859375,2126.1201171875,2126.679931640625,2126.679931640625,4121
2021-02-19-10-54-00 GMT-0500,2126.110107421875,2126.110107421875,2126.02001953125,2126.02001953125,2126.02001953125,746
2021-02-19-10-55-00 GMT-0500,2126.110107421875,2126.110107421875,2126.110107421875,2126.110107421875,2126.110107421875,117
2021-02-19-10-56-00 GMT-0500,2126.360107421875,2126.360107421875,2126.360107421875,2126.360107421875,2126.360107421875,784
2021-02-19-10-57-00 GMT-0500,2127.889892578125,2128.340087890625,2127.889892578125,2127.889892578125,2127.889892578125,1341
2021-02-19-10-58-00 GMT-0500,2128.669921875,2130.090087890625,2128.429931640625,2130.090087890625,2130.090087890625,3759
2021-02-19-10-59-00 GMT-0500,2130.530029296875,2130.530029296875,2128.6201171875,2128.650146484375,2128.650146484375,3372
2021-02-19-11-00-00 GMT-0500,2128.610107421875,2128.610107421875,2128.610107421875,2128.610107421875,2128.610107421875,949
2021-02-19-11-01-00 GMT-0500,2129.4150390625,2129.4150390625,2129.4150390625,2129.4150390625,2129.4150390625,727
2021-02-19-11-02-00 GMT-0500,2128.965087890625,2130.090087890625,2128.965087890625,2130.090087890625,2130.090087890625,2810
2021-02-19-11-03-00 GMT-0500,2130.10009765625,2130.47998046875,2129.889892578125,2130.10009765625,2130.10009765625,3414
2021-02-19-11-04-00 GMT-0500,2129.1298828125,2130.074951171875,2129.1298828125,2130.074951171875,2130.074951171875,808
2021-02-19-11-05-00 GMT-0500,2130.070068359375,2130.070068359375,2127.64990234375,2127.64990234375,2127.64990234375,22295
2021-02-19-11-08-00 GMT-0500,2129.7900390625,2129.7900390625,2128.14990234375,2128.179931640625,2128.179931640625,2605
2021-02-19-11-09-00 GMT-0500,2128.56591796875,2128.56591796875,2128.56591796875,2128.56591796875,2128.56591796875,461
2021-02-19-11-10-00 GMT-0500,2128.56005859375,2128.56005859375,2127.015625,2127.015625,2127.015625,1904
2021-02-19-11-11-00 GMT-0500,2126.989990234375,2126.989990234375,2126.989990234375,2126.989990234375,2126.989990234375,320
2021-02-19-11-12-00 GMT-0500,2127.590087890625,2127.590087890625,2125.64990234375,2125.64990234375,2125.64990234375,1859
2021-02-19-11-13-00 GMT-0500,2126.059326171875,2126.059326171875,2124.75,2125.81005859375,2125.81005859375,2334
2021-02-19-11-14-00 GMT-0500,2125.81005859375,2125.81005859375,2124.02001953125,2124.090087890625,2124.090087890625,3866
2021-02-19-11-15-00 GMT-0500,2125.580078125,2125.580078125,2125.580078125,2125.580078125,2125.580078125,4580
2021-02-19-11-16-00 GMT-0500,2125.080078125,2125.179931640625,2123.571044921875,2125.179931640625,2125.179931640625,1340
2021-02-19-11-17-00 GMT-0500,2124.449951171875,2125.0400390625,2123.199951171875,2123.199951171875,2123.199951171875,3184
2021-02-19-11-18-00 GMT-0500,2123.780029296875,2123.780029296875,2123.639892578125,2123.780029296875,2123.780029296875,2447
2021-02-19-11-19-00 GMT-0500,2124.530029296875,2125.7900390625,2124.530029296875,2125.7900390625,2125.7900390625,2030
2021-02-19-11-20-00 GMT-0500,2126.110107421875,2126.280029296875,2125.949951171875,2125.949951171875,2125.949951171875,1242
2021-02-19-11-21-00 GMT-0500,2126.169921875,2126.3798828125,2125.5400390625,2125.5400390625,2125.5400390625,1067
2021-02-19-11-22-00 GMT-0500,2126.330078125,2126.47998046875,2125.989990234375,2126.47998046875,2126.47998046875,1187
2021-02-19-11-23-00 GMT-0500,2126.969970703125,2127.659912109375,2126.955078125,2127.659912109375,2127.659912109375,3764
2021-02-19-11-24-00 GMT-0500,2128.320068359375,2129.35009765625,2128.18994140625,2129.35009765625,2129.35009765625,5721
2021-02-19-11-25-00 GMT-0500,2129.35009765625,2129.35009765625,2129.35009765625,2129.35009765625,2129.35009765625,800
2021-02-19-11-26-00 GMT-0500,2128.27001953125,2128.655029296875,2128.27001953125,2128.64990234375,2128.64990234375,517
2021-02-19-11-27-00 GMT-0500,2128.610107421875,2128.610107421875,2127.639892578125,2127.639892578125,2127.639892578125,786
2021-02-19-11-28-00 GMT-0500,2127.639892578125,2127.639892578125,2127.320068359375,2127.320068359375,2127.320068359375,1984
2021-02-19-11-29-00 GMT-0500,2126.60009765625,2126.60009765625,2126.260009765625,2126.260009765625,2126.260009765625,564
2021-02-19-11-30-00 GMT-0500,2126.260009765625,2126.409912109375,2125.919921875,2125.919921875,2125.919921875,1877
2021-02-19-11-31-00 GMT-0500,2126.139892578125,2126.39990234375,2125.889892578125,2125.889892578125,2125.889892578125,3070
2021-02-19-11-32-00 GMT-0500,2125.760009765625,2126.679931640625,2125.679931640625,2125.679931640625,2125.679931640625,1652
2021-02-19-11-33-00 GMT-0500,2125.719970703125,2125.719970703125,2125.0,2125.25,2125.25,2695
2021-02-19-11-34-00 GMT-0500,2125.7099609375,2126.02490234375,2124.590087890625,2126.02490234375,2126.02490234375,2412
2021-02-19-11-35-00 GMT-0500,2124.9599609375,2125.155029296875,2124.780029296875,2125.150146484375,2125.150146484375,2107
2021-02-19-11-36-00 GMT-0500,2126.02001953125,2127.4599609375,2126.02001953125,2127.4599609375,2127.4599609375,2757
2021-02-19-11-37-00 GMT-0500,2127.449951171875,2127.8798828125,2125.969970703125,2127.8798828125,2127.8798828125,1715
2021-02-19-11-38-00 GMT-0500,2127.52001953125,2127.52001953125,2127.52001953125,2127.52001953125,2127.52001953125,3105
2021-02-19-11-39-00 GMT-0500,2127.10498046875,2127.10498046875,2127.10498046875,2127.10498046875,2127.10498046875,406
2021-02-19-11-40-00 GMT-0500,2127.10009765625,2127.10009765625,2126.919921875,2126.919921875,2126.919921875,956
2021-02-19-11-41-00 GMT-0500,2126.090087890625,2126.544921875,2126.090087890625,2126.544921875,2126.544921875,1025
2021-02-19-11-42-00 GMT-0500,2126.830078125,2127.860107421875,2126.830078125,2127.429931640625,2127.429931640625,3499
2021-02-19-11-43-00 GMT-0500,2127.47998046875,2128.2900390625,2127.429931640625,2127.827880859375,2127.827880859375,1392
2021-02-19-11-44-00 GMT-0500,2127.070068359375,2127.5439453125,2126.580078125,2126.929931640625,2126.929931640625,4191
2021-02-19-11-46-00 GMT-0500,2127.010009765625,2127.010009765625,2126.85498046875,2126.860107421875,2126.860107421875,999
2021-02-19-11-47-00 GMT-0500,2126.60009765625,2127.969970703125,2126.60009765625,2126.93994140625,2126.93994140625,3001
2021-02-19-11-48-00 GMT-0500,2126.949951171875,2126.949951171875,2124.760009765625,2124.9599609375,2124.9599609375,2438
2021-02-19-11-49-00 GMT-0500,2124.10009765625,2124.10009765625,2124.070068359375,2124.070068359375,2124.070068359375,840
2021-02-19-11-50-00 GMT-0500,2123.340087890625,2124.199951171875,2123.110107421875,2123.969970703125,2123.969970703125,1182
2021-02-19-11-51-00 GMT-0500,2123.820068359375,2124.674072265625,2123.820068359375,2124.674072265625,2124.674072265625,829
2021-02-19-11-52-00 GMT-0500,2124.767822265625,2125.389892578125,2124.767822265625,2125.389892578125,2125.389892578125,1359
2021-02-19-11-53-00 GMT-0500,2124.429931640625,2124.639892578125,2124.429931640625,2124.639892578125,2124.639892578125,1199
2021-02-19-11-54-00 GMT-0500,2123.28271484375,2123.889892578125,2123.28271484375,2123.889892578125,2123.889892578125,751
2021-02-19-11-55-00 GMT-0500,2124.179931640625,2124.179931640625,2122.8701171875,2122.8701171875,2122.8701171875,2557
2021-02-19-11-56-00 GMT-0500,2123.1298828125,2123.320068359375,2123.1298828125,2123.320068359375,2123.320068359375,703
2021-02-19-11-57-00 GMT-0500,2123.590087890625,2124.18994140625,2123.590087890625,2124.18994140625,2124.18994140625,4262
2021-02-19-11-58-00 GMT-0500,2123.5,2123.5,2123.06005859375,2123.179931640625,2123.179931640625,2593
2021-02-19-11-59-00 GMT-0500,2123.050048828125,2123.840087890625,2123.050048828125,2123.169921875,2123.169921875,1249
2021-02-19-12-00-00 GMT-0500,2122.719970703125,2123.10009765625,2120.580078125,2120.580078125,2120.580078125,4638
2021-02-19-12-01-00 GMT-0500,2120.3701171875,2122.52001953125,2120.0,2122.52001953125,2122.52001953125,5596
2021-02-19-12-02-00 GMT-0500,2122.2451171875,2122.860107421875,2122.2451171875,2122.860107421875,2122.860107421875,2169
2021-02-19-12-04-00 GMT-0500,2121.52001953125,2121.60009765625,2120.840087890625,2120.840087890625,2120.840087890625,2239
2021-02-19-12-05-00 GMT-0500,2120.669921875,2121.2900390625,2120.669921875,2121.2900390625,2121.2900390625,933
2021-02-19-12-06-00 GMT-0500,2121.68994140625,2122.469970703125,2121.68994140625,2122.469970703125,2122.469970703125,1593
2021-02-19-12-07-00 GMT-0500,2122.419921875,2122.514892578125,2121.18994140625,2121.18994140625,2121.18994140625,1820
2021-02-19-12-08-00 GMT-0500,2120.340087890625,2121.169921875,2120.06005859375,2120.06005859375,2120.06005859375,2393
2021-02-19-12-09-00 GMT-0500,2119.93505859375,2121.449951171875,2119.7099609375,2121.449951171875,2121.449951171875,3863
2021-02-19-12-10-00 GMT-0500,2120.75,2121.010009765625,2120.75,2121.010009765625,2121.010009765625,2272
2021-02-19-12-11-00 GMT-0500,2120.969970703125,2120.969970703125,2120.070068359375,2120.070068359375,2120.070068359375,2008
2021-02-19-12-12-00 GMT-0500,2120.070068359375,2120.070068359375,2119.510009765625,2119.510009765625,2119.510009765625,1452
2021-02-19-12-13-00 GMT-0500,2119.52001953125,2119.64990234375,2119.510009765625,2119.64990234375,2119.64990234375,3071
2021-02-19-12-14-00 GMT-0500,2120.40185546875,2120.40185546875,2119.43505859375,2119.43505859375,2119.43505859375,1110
2021-02-19-12-15-00 GMT-0500,2119.860107421875,2119.860107421875,2119.570068359375,2119.570068359375,2119.570068359375,350
2021-02-19-12-16-00 GMT-0500,2119.360107421875,2120.030029296875,2117.68994140625,2119.667724609375,2119.667724609375,4341
2021-02-19-12-17-00 GMT-0500,2119.449951171875,2120.320068359375,2118.85009765625,2118.85009765625,2118.85009765625,2365
2021-02-19-12-18-00 GMT-0500,2118.56494140625,2119.1201171875,2117.1298828125,2117.179931640625,2117.179931640625,3067
2021-02-19-12-19-00 GMT-0500,2117.06005859375,2117.06005859375,2115.89990234375,2116.6201171875,2116.6201171875,1612
2021-02-19-12-20-00 GMT-0500,2115.6201171875,2117.0,2115.6201171875,2116.27001953125,2116.27001953125,2868
2021-02-19-12-21-00 GMT-0500,2116.27001953125,2116.909912109375,2116.27001953125,2116.530029296875,2116.530029296875,1406
2021-02-19-12-22-00 GMT-0500,2115.5400390625,2116.0,2115.10009765625,2115.530029296875,2115.530029296875,4478
2021-02-19-12-23-00 GMT-0500,2116.22998046875,2116.22998046875,2113.77001953125,2113.780029296875,2113.780029296875,8658
2021-02-19-12-24-00 GMT-0500,2114.10009765625,2114.10009765625,2112.820068359375,2112.820068359375,2112.820068359375,2012
2021-02-19-12-25-00 GMT-0500,2112.18994140625,2112.570068359375,2112.18994140625,2112.570068359375,2112.570068359375,1385
2021-02-19-12-26-00 GMT-0500,2112.39990234375,2112.5,2111.820068359375,2111.830078125,2111.830078125,3534
2021-02-19-12-27-00 GMT-0500,2111.12841796875,2112.719970703125,2111.12841796875,2112.719970703125,2112.719970703125,1543
2021-02-19-12-28-00 GMT-0500,2112.260009765625,2112.550048828125,2110.489990234375,2110.97509765625,2110.97509765625,9890
2021-02-19-12-29-00 GMT-0500,2111.889892578125,2112.1201171875,2111.60009765625,2112.0400390625,2112.0400390625,2044
2021-02-19-12-30-00 GMT-0500,2111.896484375,2111.896484375,2110.820068359375,2110.820068359375,2110.820068359375,1980
2021-02-19-12-32-00 GMT-0500,2111.8701171875,2111.8701171875,2111.0,2111.0,2111.0,1645
2021-02-19-12-33-00 GMT-0500,2111.4599609375,2112.7099609375,2111.4599609375,2112.260009765625,2112.260009765625,3163
2021-02-19-12-34-00 GMT-0500,2110.260009765625,2110.654541015625,2106.429931640625,2107.330078125,2107.330078125,15213
2021-02-19-12-35-00 GMT-0500,2106.949951171875,2107.806396484375,2106.7099609375,2106.8701171875,2106.8701171875,4023
2021-02-19-12-36-00 GMT-0500,2107.830078125,2107.830078125,2106.055419921875,2106.055419921875,2106.055419921875,2062
2021-02-19-12-37-00 GMT-0500,2105.985107421875,2105.985107421875,2105.639892578125,2105.919921875,2105.919921875,945
2021-02-19-12-38-00 GMT-0500,2106.14990234375,2107.0673828125,2102.03466796875,2102.03466796875,2102.03466796875,3979
2021-02-19-12-39-00 GMT-0500,2103.4599609375,2105.360107421875,2103.090087890625,2104.264892578125,2104.264892578125,4624
2021-02-19-12-40-00 GMT-0500,2104.260009765625,2104.830078125,2103.010009765625,2103.010009765625,2103.010009765625,4579
2021-02-19-12-41-00 GMT-0500,2105.9599609375,2105.969970703125,2105.169921875,2105.169921875,2105.169921875,1837
2021-02-19-12-42-00 GMT-0500,2105.510009765625,2106.610107421875,2105.510009765625,2106.610107421875,2106.610107421875,909
2021-02-19-12-43-00 GMT-0500,2108.27001953125,2108.989990234375,2108.27001953125,2108.989990234375,2108.989990234375,2405
2021-02-19-12-44-00 GMT-0500,2109.40771484375,2110.014892578125,2107.780029296875,2109.989990234375,2109.989990234375,3621
2021-02-19-12-45-00 GMT-0500,2109.840087890625,2109.9599609375,2109.22509765625,2109.9599609375,2109.9599609375,2548
2021-02-19-12-46-00 GMT-0500,2111.3701171875,2111.3701171875,2111.3701171875,2111.3701171875,2111.3701171875,2067
2021-02-19-12-47-00 GMT-0500,2110.929931640625,2110.929931640625,2110.909912109375,2110.909912109375,2110.909912109375,2074
2021-02-19-12-48-00 GMT-0500,2109.800048828125,2109.800048828125,2108.85009765625,2108.97998046875,2108.97998046875,2374
2021-02-19-12-49-00 GMT-0500,2109.090087890625,2109.43994140625,2108.530029296875,2108.75,2108.75,2415
2021-02-19-12-50-00 GMT-0500,2108.169921875,2108.824951171875,2107.860107421875,2108.824951171875,2108.824951171875,2379
2021-02-19-12-51-00 GMT-0500,2108.360107421875,2108.699951171875,2106.465087890625,2107.0,2107.0,3868
2021-02-19-12-52-00 GMT-0500,2105.389892578125,2105.7900390625,2104.835205078125,2104.85009765625,2104.85009765625,3521
2021-02-19-12-53-00 GMT-0500,2104.739990234375,2105.06005859375,2104.050048828125,2104.39990234375,2104.39990234375,1766
2021-02-19-12-55-00 GMT-0500,2102.699951171875,2104.8798828125,2102.699951171875,2103.10009765625,2103.10009765625,4882
2021-02-19-12-57-00 GMT-0500,2107.280029296875,2108.340087890625,2107.280029296875,2108.080078125,2108.080078125,1266
2021-02-19-12-58-00 GMT-0500,2108.080078125,2109.219970703125,2108.080078125,2109.219970703125,2109.219970703125,951
2021-02-19-12-59-00 GMT-0500,2107.889892578125,2109.489990234375,2107.39990234375,2109.169921875,2109.169921875,3565
2021-02-19-13-00-00 GMT-0500,2108.989990234375,2108.989990234375,2108.550048828125,2108.550048828125,2108.550048828125,2007
2021-02-19-13-01-00 GMT-0500,2108.3798828125,2108.3798828125,2108.3798828125,2108.3798828125,2108.3798828125,617
2021-02-19-13-02-00 GMT-0500,2107.949951171875,2108.919921875,2107.780029296875,2108.2900390625,2108.2900390625,2847
2021-02-19-13-03-00 GMT-0500,2108.2900390625,2108.2900390625,2106.81005859375,2106.81005859375,2106.81005859375,1810
2021-02-19-13-04-00 GMT-0500,2106.1298828125,2106.5,2106.010009765625,2106.010009765625,2106.010009765625,1762
2021-02-19-13-05-00 GMT-0500,2106.0,2107.050048828125,2106.0,2106.6201171875,2106.6201171875,2038
2021-02-19-13-06-00 GMT-0500,2106.6201171875,2106.6201171875,2104.85009765625,2104.85009765625,2104.85009765625,1407
2021-02-19-13-07-00 GMT-0500,2105.02001953125,2105.110107421875,2104.030029296875,2104.5,2104.5,1243
2021-02-19-13-08-00 GMT-0500,2104.5,2105.449951171875,2102.199951171875,2102.199951171875,2102.199951171875,3423
2021-02-19-13-09-00 GMT-0500,2103.3798828125,2103.3798828125,2101.8701171875,2101.8701171875,2101.8701171875,5627
2021-02-19-13-10-00 GMT-0500,2101.8701171875,2106.1298828125,2101.8701171875,2106.1298828125,2106.1298828125,2074
2021-02-19-13-11-00 GMT-0500,2104.679931640625,2105.239990234375,2104.679931640625,2105.090087890625,2105.090087890625,2241
2021-02-19-13-12-00 GMT-0500,2105.530029296875,2105.530029296875,2105.35009765625,2105.35009765625,2105.35009765625,538
2021-02-19-13-13-00 GMT-0500,2104.570068359375,2105.409912109375,2104.429931640625,2105.139892578125,2105.139892578125,2013
2021-02-19-13-14-00 GMT-0500,2105.139892578125,2105.52001953125,2104.2099609375,2104.2099609375,2104.2099609375,910
2021-02-19-13-15-00 GMT-0500,2103.75,2106.739990234375,2103.52099609375,2106.739990234375,2106.739990234375,3156
2021-02-19-13-16-00 GMT-0500,2107.320068359375,2107.320068359375,2107.260009765625,2107.260009765625,2107.260009765625,397
2021-02-19-13-17-00 GMT-0500,2106.707763671875,2108.548095703125,2106.707763671875,2107.6201171875,2107.6201171875,3356
2021-02-19-13-18-00 GMT-0500,2107.340087890625,2107.340087890625,2107.340087890625,2107.340087890625,2107.340087890625,379
2021-02-19-13-19-00 GMT-0500,2108.10986328125,2108.5,2107.159912109375,2107.159912109375,2107.159912109375,1338
2021-02-19-13-20-00 GMT-0500,2106.93994140625,2106.93994140625,2106.262451171875,2106.590087890625,2106.590087890625,2099
2021-02-19-13-21-00 GMT-0500,2107.070068359375,2107.070068359375,2107.070068359375,2107.070068359375,2107.070068359375,103
2021-02-19-13-22-00 GMT-0500,2107.070068359375,2108.070068359375,2107.0400390625,2108.070068359375,2108.070068359375,1861
2021-02-19-13-23-00 GMT-0500,2107.010009765625,2107.010009765625,2107.010009765625,2107.010009765625,2107.010009765625,444
2021-02-19-13-24-00 GMT-0500,2108.929931640625,2109.2099609375,2108.260009765625,2109.2099609375,2109.2099609375,3238
2021-02-19-13-25-00 GMT-0500,2110.820068359375,2111.5,2110.530029296875,2111.5,2111.5,3638
2021-02-19-13-26-00 GMT-0500,2110.39013671875,2110.39013671875,2109.56005859375,2109.56005859375,2109.56005859375,1131
2021-02-19-13-27-00 GMT-0500,2110.868408203125,2110.868408203125,2109.280029296875,2109.574951171875,2109.574951171875,1905
2021-02-19-13-28-00 GMT-0500,2109.699951171875,2109.699951171875,2109.699951171875,2109.699951171875,2109.699951171875,139
2021-02-19-13-29-00 GMT-0500,2109.64990234375,2109.77001953125,2109.1298828125,2109.199951171875,2109.199951171875,1827
2021-02-19-13-30-00 GMT-0500,2108.550048828125,2110.239990234375,2108.550048828125,2109.610107421875,2109.610107421875,818
2021-02-19-13-31-00 GMT-0500,2109.804931640625,2109.804931640625,2109.77001953125,2109.77001953125,2109.77001953125,620
2021-02-19-13-32-00 GMT-0500,2109.77001953125,2110.8798828125,2109.77001953125,2110.8798828125,2110.8798828125,514
2021-02-19-13-33-00 GMT-0500,2110.699951171875,2110.699951171875,2105.840087890625,2105.840087890625,2105.840087890625,3126
2021-02-19-13-34-00 GMT-0500,2104.35009765625,2105.3701171875,2104.35009765625,2105.0,2105.0,1915
2021-02-19-13-35-00 GMT-0500,2107.070068359375,2107.070068359375,2105.35009765625,2105.35009765625,2105.35009765625,1506
2021-02-19-13-36-00 GMT-0500,2105.31005859375,2105.31005859375,2105.31005859375,2105.31005859375,2105.31005859375,1637
2021-02-19-13-37-00 GMT-0500,2108.510009765625,2109.610107421875,2106.889892578125,2109.610107421875,2109.610107421875,3590
2021-02-19-13-40-00 GMT-0500,2108.300048828125,2108.300048828125,2108.300048828125,2108.300048828125,2108.300048828125,311
2021-02-19-13-41-00 GMT-0500,2109.375244140625,2109.580078125,2109.3701171875,2109.580078125,2109.580078125,2005
2021-02-19-13-42-00 GMT-0500,2111.169921875,2111.8798828125,2111.169921875,2111.8798828125,2111.8798828125,2061
2021-02-19-13-43-00 GMT-0500,2112.40771484375,2112.40771484375,2112.40771484375,2112.40771484375,2112.40771484375,1068
2021-02-19-13-44-00 GMT-0500,2110.989990234375,2112.0673828125,2110.989990234375,2111.429931640625,2111.429931640625,2599
2021-02-19-13-45-00 GMT-0500,2110.070068359375,2110.655029296875,2110.070068359375,2110.18994140625,2110.18994140625,794
2021-02-19-13-46-00 GMT-0500,2110.18994140625,2110.739990234375,2110.18994140625,2110.739990234375,2110.739990234375,1322
2021-02-19-13-47-00 GMT-0500,2109.889892578125,2110.360107421875,2109.889892578125,2110.14990234375,2110.14990234375,660
2021-02-19-13-48-00 GMT-0500,2110.14990234375,2110.14990234375,2110.14990234375,2110.14990234375,2110.14990234375,1069
2021-02-19-13-49-00 GMT-0500,2110.969970703125,2110.969970703125,2110.969970703125,2110.969970703125,2110.969970703125,732
2021-02-19-13-50-00 GMT-0500,2110.22509765625,2110.22509765625,2108.5400390625,2108.81005859375,2108.81005859375,4065
2021-02-19-13-51-00 GMT-0500,2109.580078125,2109.580078125,2107.93994140625,2107.93994140625,2107.93994140625,1185
2021-02-19-13-52-00 GMT-0500,2107.93994140625,2107.93994140625,2107.93994140625,2107.93994140625,2107.93994140625,1296
2021-02-19-13-54-00 GMT-0500,2110.070068359375,2110.1298828125,2109.989990234375,2109.989990234375,2109.989990234375,1581
2021-02-19-13-55-00 GMT-0500,2110.0400390625,2110.0400390625,2108.927978515625,2108.927978515625,2108.927978515625,1300
2021-02-19-13-57-00 GMT-0500,2109.94775390625,2110.5,2109.93994140625,2110.22998046875,2110.22998046875,1453
2021-02-19-13-59-00 GMT-0500,2110.280029296875,2110.323974609375,2110.280029296875,2110.323974609375,2110.323974609375,863
2021-02-19-14-00-00 GMT-0500,2110.39990234375,2110.39990234375,2110.22998046875,2110.22998046875,2110.22998046875,1465
2021-02-19-14-01-00 GMT-0500,2110.22998046875,2110.419921875,2109.81005859375,2110.419921875,2110.419921875,1063
2021-02-19-14-02-00 GMT-0500,2110.469970703125,2110.469970703125,2109.889892578125,2109.889892578125,2109.889892578125,1617
2021-02-19-14-03-00 GMT-0500,2109.75,2109.75,2109.75,2109.75,2109.75,245
2021-02-19-14-04-00 GMT-0500,2109.280029296875,2109.280029296875,2109.1201171875,2109.1201171875,2109.1201171875,2053
2021-02-19-14-05-00 GMT-0500,2109.969970703125,2109.969970703125,2109.969970703125,2109.969970703125,2109.969970703125,1267
2021-02-19-14-06-00 GMT-0500,2110.493896484375,2110.493896484375,2110.493896484375,2110.493896484375,2110.493896484375,401
2021-02-19-14-07-00 GMT-0500,2110.070068359375,2110.070068359375,2110.070068359375,2110.070068359375,2110.070068359375,211
2021-02-19-14-08-00 GMT-0500,2109.7900390625,2109.7900390625,2108.949951171875,2108.949951171875,2108.949951171875,1684
2021-02-19-14-10-00 GMT-0500,2108.739990234375,2108.739990234375,2108.739990234375,2108.739990234375,2108.739990234375,448
2021-02-19-14-11-00 GMT-0500,2109.239990234375,2109.239990234375,2109.239990234375,2109.239990234375,2109.239990234375,768
2021-02-19-14-12-00 GMT-0500,2107.840087890625,2107.889892578125,2107.050048828125,2107.050048828125,2107.050048828125,1783
2021-02-19-14-13-00 GMT-0500,2107.47509765625,2107.47509765625,2107.179931640625,2107.179931640625,2107.179931640625,1192
2021-02-19-14-14-00 GMT-0500,2107.5,2107.5,2107.179931640625,2107.179931640625,2107.179931640625,1499
2021-02-19-14-15-00 GMT-0500,2106.0,2106.0,2106.0,2106.0,2106.0,1227
2021-02-19-14-16-00 GMT-0500,2108.030029296875,2109.669921875,2107.909912109375,2109.669921875,2109.669921875,1886
2021-02-19-14-17-00 GMT-0500,2109.669921875,2109.669921875,2108.800048828125,2108.800048828125,2108.800048828125,1745
2021-02-19-14-18-00 GMT-0500,2109.48583984375,2109.48583984375,2109.48583984375,2109.48583984375,2109.48583984375,441
2021-02-19-14-19-00 GMT-0500,2109.25,2109.25,2109.25,2109.25,2109.25,806
2021-02-19-14-20-00 GMT-0500,2106.969970703125,2106.969970703125,2106.969970703125,2106.969970703125,2106.969970703125,1176
2021-02-19-14-22-00 GMT-0500,2105.449951171875,2105.800048828125,2105.2900390625,2105.300048828125,2105.300048828125,2082
2021-02-19-14-23-00 GMT-0500,2105.409912109375,2105.7099609375,2105.409912109375,2105.7099609375,2105.7099609375,2265
2021-02-19-14-25-00 GMT-0500,2106.219970703125,2106.22998046875,2106.14990234375,2106.14990234375,2106.14990234375,3137
2021-02-19-14-26-00 GMT-0500,2107.139892578125,2107.574951171875,2105.419921875,2105.419921875,2105.419921875,6001
2021-02-19-14-28-00 GMT-0500,2106.26416015625,2106.26416015625,2105.429931640625,2106.139892578125,2106.139892578125,1499
2021-02-19-14-29-00 GMT-0500,2107.01123046875,2107.01123046875,2106.199951171875,2106.199951171875,2106.199951171875,1609
2021-02-19-14-30-00 GMT-0500,2106.1201171875,2107.080078125,2105.93798828125,2107.080078125,2107.080078125,1585
2021-02-19-14-31-00 GMT-0500,2107.739501953125,2107.739501953125,2106.25,2106.6298828125,2106.6298828125,2400
2021-02-19-14-32-00 GMT-0500,2106.6298828125,2107.8701171875,2106.6298828125,2107.85009765625,2107.85009765625,1746
2021-02-19-14-33-00 GMT-0500,2106.530029296875,2108.014892578125,2106.52001953125,2107.199951171875,2107.199951171875,1389
2021-02-19-14-34-00 GMT-0500,2107.199951171875,2107.199951171875,2107.1298828125,2107.1298828125,2107.1298828125,1148
2021-02-19-14-35-00 GMT-0500,2106.84326171875,2106.84326171875,2106.840087890625,2106.840087890625,2106.840087890625,1503
2021-02-19-14-36-00 GMT-0500,2106.969970703125,2106.969970703125,2106.969970703125,2106.969970703125,2106.969970703125,563
2021-02-19-14-37-00 GMT-0500,2106.669921875,2107.340087890625,2106.469970703125,2107.340087890625,2107.340087890625,1518
2021-02-19-14-38-00 GMT-0500,2107.340087890625,2107.3798828125,2106.72998046875,2107.3798828125,2107.3798828125,2283
2021-02-19-14-39-00 GMT-0500,2107.0,2107.0,2106.389892578125,2106.389892578125,2106.389892578125,2070
2021-02-19-14-40-00 GMT-0500,2106.679931640625,2106.679931640625,2106.679931640625,2106.679931640625,2106.679931640625,752
2021-02-19-14-42-00 GMT-0500,2107.06005859375,2107.659912109375,2107.06005859375,2107.550048828125,2107.550048828125,2339
2021-02-19-14-43-00 GMT-0500,2107.784912109375,2108.02001953125,2107.784912109375,2107.889892578125,2107.889892578125,2712
2021-02-19-14-44-00 GMT-0500,2108.0,2111.050048828125,2107.6201171875,2110.68994140625,2110.68994140625,7127
2021-02-19-14-45-00 GMT-0500,2110.68994140625,2111.510009765625,2110.68994140625,2111.044921875,2111.044921875,3786
2021-02-19-14-46-00 GMT-0500,2111.8798828125,2112.72998046875,2111.85009765625,2112.419921875,2112.419921875,6083
2021-02-19-14-47-00 GMT-0500,2113.080078125,2113.8076171875,2112.949951171875,2113.8076171875,2113.8076171875,2510
2021-02-19-14-48-00 GMT-0500,2112.550048828125,2112.550048828125,2111.860107421875,2111.860107421875,2111.860107421875,890
2021-02-19-14-49-00 GMT-0500,2111.860107421875,2112.56005859375,2110.77001953125,2112.239990234375,2112.239990234375,4954
2021-02-19-14-50-00 GMT-0500,2110.35009765625,2110.35009765625,2109.9599609375,2109.9599609375,2109.9599609375,567
2021-02-19-14-51-00 GMT-0500,2109.419921875,2110.159912109375,2109.419921875,2110.159912109375,2110.159912109375,1013
2021-02-19-14-52-00 GMT-0500,2109.0,2109.429931640625,2108.5400390625,2109.429931640625,2109.429931640625,1497
2021-02-19-14-53-00 GMT-0500,2109.429931640625,2109.429931640625,2108.68994140625,2108.68994140625,2108.68994140625,1835
2021-02-19-14-54-00 GMT-0500,2107.95166015625,2108.949951171875,2107.95166015625,2108.949951171875,2108.949951171875,2066
2021-02-19-14-55-00 GMT-0500,2109.47998046875,2110.39990234375,2109.47998046875,2110.39990234375,2110.39990234375,1129
2021-02-19-14-56-00 GMT-0500,2110.39990234375,2110.39990234375,2110.39990234375,2110.39990234375,2110.39990234375,653
2021-02-19-14-57-00 GMT-0500,2109.14990234375,2109.14990234375,2109.080078125,2109.139892578125,2109.139892578125,1861
2021-02-19-14-58-00 GMT-0500,2109.409912109375,2109.860107421875,2109.0,2109.860107421875,2109.860107421875,1606
2021-02-19-14-59-00 GMT-0500,2109.5,2110.1201171875,2109.5,2109.60009765625,2109.60009765625,2282
2021-02-19-15-00-00 GMT-0500,2112.18994140625,2113.030029296875,2112.18994140625,2112.6201171875,2112.6201171875,2921
2021-02-19-15-01-00 GMT-0500,2112.6201171875,2112.6201171875,2110.989990234375,2110.989990234375,2110.989990234375,2011
2021-02-19-15-02-00 GMT-0500,2110.300048828125,2110.300048828125,2107.260009765625,2107.469970703125,2107.469970703125,4347
2021-02-19-15-03-00 GMT-0500,2108.530029296875,2108.550048828125,2107.5,2108.49609375,2108.49609375,4634
2021-02-19-15-04-00 GMT-0500,2109.14990234375,2109.389892578125,2108.2900390625,2108.780029296875,2108.780029296875,3181
2021-02-19-15-05-00 GMT-0500,2109.2900390625,2109.5400390625,2106.93994140625,2108.199951171875,2108.199951171875,7480
2021-02-19-15-06-00 GMT-0500,2108.320068359375,2108.449951171875,2108.199951171875,2108.199951171875,2108.199951171875,1643
2021-02-19-15-07-00 GMT-0500,2108.409912109375,2109.199951171875,2108.0,2108.699951171875,2108.699951171875,2048
2021-02-19-15-08-00 GMT-0500,2108.64990234375,2109.31005859375,2108.64990234375,2109.31005859375,2109.31005859375,1714
2021-02-19-15-09-00 GMT-0500,2108.719970703125,2109.800048828125,2108.489990234375,2109.800048828125,2109.800048828125,3767
2021-02-19-15-10-00 GMT-0500,2110.510009765625,2112.5,2110.2099609375,2112.5,2112.5,2106
2021-02-19-15-11-00 GMT-0500,2112.60009765625,2113.989990234375,2112.06005859375,2113.989990234375,2113.989990234375,5518
2021-02-19-15-12-00 GMT-0500,2114.0400390625,2114.0400390625,2112.72998046875,2113.110107421875,2113.110107421875,3997
2021-02-19-15-13-00 GMT-0500,2112.9599609375,2112.9599609375,2111.85009765625,2111.85009765625,2111.85009765625,3643
2021-02-19-15-14-00 GMT-0500,2111.280029296875,2111.280029296875,2109.300048828125,2109.300048828125,2109.300048828125,2979
2021-02-19-15-15-00 GMT-0500,2109.300048828125,2109.77001953125,2107.594970703125,2108.639892578125,2108.639892578125,2828
2021-02-19-15-16-00 GMT-0500,2109.719970703125,2110.699951171875,2109.719970703125,2109.75,2109.75,1427
2021-02-19-15-17-00 GMT-0500,2110.1298828125,2110.1298828125,2108.330078125,2108.77001953125,2108.77001953125,3226
2021-02-19-15-18-00 GMT-0500,2109.159912109375,2109.159912109375,2106.0,2106.070068359375,2106.070068359375,4385
2021-02-19-15-19-00 GMT-0500,2107.449951171875,2109.570068359375,2107.320068359375,2109.169921875,2109.169921875,3071
2021-02-19-15-20-00 GMT-0500,2109.169921875,2109.169921875,2107.520751953125,2107.520751953125,2107.520751953125,805
2021-02-19-15-21-00 GMT-0500,2107.75,2108.469970703125,2107.75,2108.469970703125,2108.469970703125,2048
2021-02-19-15-22-00 GMT-0500,2108.8798828125,2108.8798828125,2108.001953125,2108.001953125,2108.001953125,2633
2021-02-19-15-23-00 GMT-0500,2108.1298828125,2108.1298828125,2106.610107421875,2107.090087890625,2107.090087890625,3304
2021-02-19-15-24-00 GMT-0500,2106.56005859375,2107.85498046875,2106.18994140625,2106.39501953125,2106.39501953125,6202
2021-02-19-15-25-00 GMT-0500,2107.9599609375,2109.610107421875,2107.9599609375,2109.280029296875,2109.280029296875,4550
2021-02-19-15-26-00 GMT-0500,2109.169921875,2110.610107421875,2109.14990234375,2110.389892578125,2110.389892578125,3253
2021-02-19-15-27-00 GMT-0500,2110.924072265625,2111.280029296875,2108.469970703125,2108.469970703125,2108.469970703125,3249
2021-02-19-15-28-00 GMT-0500,2107.489990234375,2109.739990234375,2106.550048828125,2109.739990234375,2109.739990234375,4457
2021-02-19-15-29-00 GMT-0500,2109.800048828125,2110.780029296875,2108.97998046875,2110.780029296875,2110.780029296875,2551
2021-02-19-15-30-00 GMT-0500,2110.780029296875,2111.965087890625,2109.68994140625,2111.419921875,2111.419921875,5652
2021-02-19-15-31-00 GMT-0500,2111.6298828125,2111.659912109375,2110.25,2111.659912109375,2111.659912109375,3613
2021-02-19-15-32-00 GMT-0500,2111.659912109375,2112.0,2109.889892578125,2111.919921875,2111.919921875,4273
2021-02-19-15-33-00 GMT-0500,2111.070068359375,2111.719970703125,2110.31005859375,2110.43994140625,2110.43994140625,2153
2021-02-19-15-34-00 GMT-0500,2111.22998046875,2111.22998046875,2109.080078125,2109.139892578125,2109.139892578125,4146
2021-02-19-15-35-00 GMT-0500,2107.820068359375,2109.739990234375,2107.72998046875,2109.72998046875,2109.72998046875,6592
2021-02-19-15-36-00 GMT-0500,2110.6298828125,2111.47998046875,2110.330078125,2111.47998046875,2111.47998046875,4102
2021-02-19-15-37-00 GMT-0500,2110.0,2111.4150390625,2109.5,2109.5,2109.5,3671
2021-02-19-15-38-00 GMT-0500,2110.260009765625,2110.8798828125,2110.260009765625,2110.8798828125,2110.8798828125,3193
2021-02-19-15-39-00 GMT-0500,2110.949951171875,2112.989990234375,2110.949951171875,2112.989990234375,2112.989990234375,3888
2021-02-19-15-40-00 GMT-0500,2112.969970703125,2112.969970703125,2111.6201171875,2111.6201171875,2111.6201171875,2436
2021-02-19-15-41-00 GMT-0500,2111.6201171875,2111.6201171875,2109.570068359375,2109.570068359375,2109.570068359375,6040
2021-02-19-15-42-00 GMT-0500,2109.570068359375,2109.570068359375,2107.889892578125,2107.889892578125,2107.889892578125,3107
2021-02-19-15-43-00 GMT-0500,2108.179931640625,2108.7099609375,2106.639892578125,2107.89990234375,2107.89990234375,5908
2021-02-19-15-44-00 GMT-0500,2107.550048828125,2107.550048828125,2106.1298828125,2106.1298828125,2106.1298828125,2297
2021-02-19-15-45-00 GMT-0500,2106.1201171875,2106.8798828125,2105.580078125,2106.219970703125,2106.219970703125,5138
2021-02-19-15-46-00 GMT-0500,2106.889892578125,2106.889892578125,2105.719970703125,2106.60009765625,2106.60009765625,3177
2021-02-19-15-47-00 GMT-0500,2107.570068359375,2109.5,2107.5380859375,2108.7900390625,2108.7900390625,6387
2021-02-19-15-48-00 GMT-0500,2109.4599609375,2110.1298828125,2108.72998046875,2109.969970703125,2109.969970703125,4877
2021-02-19-15-49-00 GMT-0500,2110.260009765625,2110.929931640625,2107.360107421875,2107.610107421875,2107.610107421875,5856
2021-02-19-15-50-00 GMT-0500,2107.10009765625,2107.10009765625,2104.159912109375,2104.159912109375,2104.159912109375,10149
2021-02-19-15-51-00 GMT-0500,2104.1298828125,2104.280029296875,2101.31005859375,2102.18994140625,2102.18994140625,11029
2021-02-19-15-52-00 GMT-0500,2101.35009765625,2102.45166015625,2101.2900390625,2101.510009765625,2101.510009765625,4507
2021-02-19-15-53-00 GMT-0500,2101.989990234375,2103.719970703125,2100.534912109375,2102.919921875,2102.919921875,13298
2021-02-19-15-54-00 GMT-0500,2103.47998046875,2103.989990234375,2098.5400390625,2099.22998046875,2099.22998046875,18320
2021-02-19-15-55-00 GMT-0500,2100.659912109375,2103.780029296875,2100.070068359375,2100.580078125,2100.580078125,11510
2021-02-19-15-56-00 GMT-0500,2100.324951171875,2101.360107421875,2098.64990234375,2099.610107421875,2099.610107421875,12532
2021-02-19-15-57-00 GMT-0500,2100.580078125,2103.800048828125,2099.5,2099.72998046875,2099.72998046875,14669
2021-02-19-15-58-00 GMT-0500,2099.97998046875,2101.340087890625,2097.409912109375,2100.75,2100.75,44925
2021-02-19-15-59-00 GMT-0500,2101.5,2104.169921875,2099.340087890625,2101.2900390625,2101.2900390625,34115
2021-02-19-16-00-00 GMT-0500,2101.14,2104.07,2100.62,2101.14,2101.14,104023
2021-02-19-16-01-00 GMT-0500,2099.0,2105.85,2099.0,2105.85,2105.85,0
2021-02-19-16-02-00 GMT-0500,2101.14,2112.9844,2101.14,2101.14,2101.14,0
2021-02-19-16-04-00 GMT-0500,2106.0,2106.0,2106.0,2106.0,2106.0,0
2021-02-19-16-05-00 GMT-0500,2102.0,2102.0,2100.4,2100.4,2100.4,0
2021-02-19-16-06-00 GMT-0500,2100.4,2104.985,2100.0,2100.0,2100.0,0
2021-02-19-16-07-00 GMT-0500,2101.14,2104.985,2099.0,2099.0,2099.0,0
2021-02-19-16-08-00 GMT-0500,2104.31,2104.31,2099.0,2099.0,2099.0,0
2021-02-19-16-09-00 GMT-0500,2101.1,2101.14,2096.65,2096.65,2096.65,0
2021-02-19-16-10-00 GMT-0500,2096.65,2099.3,2096.65,2099.01,2099.01,0
2021-02-19-16-11-00 GMT-0500,2099.0,2100.05,2099.0,2100.05,2100.05,0
2021-02-19-16-12-00 GMT-0500,2100.05,2100.05,2099.01,2099.01,2099.01,0
2021-02-19-16-13-00 GMT-0500,2099.99,2101.13,2099.0,2100.065,2100.065,0
2021-02-19-16-14-00 GMT-0500,2100.065,2101.13,2100.0,2101.13,2101.13,0
2021-02-19-16-15-00 GMT-0500,2100.74,2101.13,2100.64,2100.64,2100.64,0
2021-02-19-16-16-00 GMT-0500,2100.585,2101.13,2100.585,2100.64,2100.64,0
2021-02-19-16-17-00 GMT-0500,2100.64,2101.0,2100.64,2101.0,2101.0,0
2021-02-19-16-18-00 GMT-0500,2100.52,2101.0,2100.52,2101.0,2101.0,0
2021-02-19-16-19-00 GMT-0500,2100.04,2101.0,2100.04,2100.52,2100.52,0
2021-02-19-16-20-00 GMT-0500,2100.52,2101.0,2100.52,2101.0,2101.0,0
2021-02-19-16-21-00 GMT-0500,2100.525,2100.64,2099.0,2100.0,2100.0,0
2021-02-19-16-22-00 GMT-0500,2100.05,2101.0,2100.05,2101.0,2101.0,0
2021-02-19-16-23-00 GMT-0500,2101.0,2101.0,2101.0,2101.0,2101.0,0
2021-02-19-16-24-00 GMT-0500,2100.5,2101.14,2100.005,2100.05,2100.05,0
2021-02-19-16-25-00 GMT-0500,2100.0,2100.0,2099.625,2099.625,2099.625,0
2021-02-19-16-26-00 GMT-0500,2100.0,2100.0,2099.625,2099.625,2099.625,0
2021-02-19-16-27-00 GMT-0500,2100.0,2100.0,2099.98,2099.98,2099.98,0
2021-02-19-16-28-00 GMT-0500,2098.885,2100.0,2098.885,2100.0,2100.0,0
2021-02-19-16-29-00 GMT-0500,2100.0,2100.0,2099.63,2100.0,2100.0,0
2021-02-19-16-30-00 GMT-0500,2100.0,2100.0,2098.885,2100.0,2100.0,0
2021-02-19-16-31-00 GMT-0500,2098.885,2101.14,2098.885,2100.0,2100.0,0
2021-02-19-16-32-00 GMT-0500,2098.885,2098.885,2098.885,2098.885,2098.885,0
2021-02-19-16-33-00 GMT-0500,2099.63,2099.63,2098.885,2099.0,2099.0,0
2021-02-19-16-34-00 GMT-0500,2100.0,2100.0,2100.0,2100.0,2100.0,0
2021-02-19-16-35-00 GMT-0500,2100.0,2100.0,2100.0,2100.0,2100.0,0
2021-02-19-16-36-00 GMT-0500,2100.0,2100.0,2099.83,2099.83,2099.83,0
2021-02-19-16-37-00 GMT-0500,2099.83,2100.0,2099.83,2100.0,2100.0,0
2021-02-19-16-38-00 GMT-0500,2099.6602,2099.6602,2099.6602,2099.6602,2099.6602,0
2021-02-19-16-39-00 GMT-0500,2100.11,2100.11,2100.11,2100.11,2100.11,0
2021-02-19-16-41-00 GMT-0500,2101.14,2101.14,2099.0,2101.14,2101.14,0
2021-02-19-16-42-00 GMT-0500,2101.14,2101.14,2099.93,2101.14,2101.14,0
2021-02-19-16-43-00 GMT-0500,2099.98,2100.5,2099.98,2100.5,2100.5,0
2021-02-19-16-44-00 GMT-0500,2099.93,2099.93,2099.93,2099.93,2099.93,0
2021-02-19-16-45-00 GMT-0500,2100.02,2100.5,2099.98,2099.98,2099.98,0
2021-02-19-16-46-00 GMT-0500,2099.98,2100.215,2099.98,2100.215,2100.215,0
2021-02-19-16-47-00 GMT-0500,2099.93,2099.93,2099.93,2099.93,2099.93,0
2021-02-19-16-49-00 GMT-0500,2099.93,2099.93,2099.93,2099.93,2099.93,0
2021-02-19-16-50-00 GMT-0500,2099.93,2099.93,2099.93,2099.93,2099.93,0
2021-02-19-16-51-00 GMT-0500,2099.0,2100.03,2099.0,2099.8538,2099.8538,0
2021-02-19-16-52-00 GMT-0500,2099.94,2100.03,2099.94,2099.94,2099.94,0
2021-02-19-16-53-00 GMT-0500,2099.85,2099.94,2099.85,2099.85,2099.85,0
2021-02-19-16-54-00 GMT-0500,2100.03,2100.03,2100.03,2100.03,2100.03,0
2021-02-19-16-55-00 GMT-0500,2100.0,2100.0,2100.0,2100.0,2100.0,0
2021-02-19-16-56-00 GMT-0500,2100.0,2100.0,2099.94,2099.94,2099.94,0
2021-02-19-16-57-00 GMT-0500,2099.94,2100.07,2099.75,2100.07,2100.07,0
2021-02-19-16-58-00 GMT-0500,2100.01,2100.01,2099.94,2099.94,2099.94,0
2021-02-19-16-59-00 GMT-0500,2100.0,2100.0,2099.91,2099.91,2099.91,0
2021-02-19-17-01-00 GMT-0500,2099.94,2100.08,2099.94,2100.08,2100.08,0
2021-02-19-17-02-00 GMT-0500,2099.94,2100.15,2099.94,2099.94,2099.94,0
2021-02-19-17-03-00 GMT-0500,2099.94,2099.94,2099.94,2099.94,2099.94,0
2021-02-19-17-04-00 GMT-0500,2100.99,2100.99,2100.465,2100.465,2100.465,0
2021-02-19-17-05-00 GMT-0500,2100.465,2100.465,2100.465,2100.465,2100.465,0
2021-02-19-17-08-00 GMT-0500,2099.76,2100.15,2099.76,2100.15,2100.15,0
2021-02-19-17-10-00 GMT-0500,2097.77,2101.0,2097.77,2101.0,2101.0,0
2021-02-19-17-11-00 GMT-0500,2100.22,2100.5,2100.0,2100.0,2100.0,0
2021-02-19-17-12-00 GMT-0500,2099.5,2099.5,2099.5,2099.5,2099.5,0
2021-02-19-17-13-00 GMT-0500,2099.5,2101.0,2099.5,2101.0,2101.0,0
2021-02-19-17-14-00 GMT-0500,2101.0,2101.0,2100.0,2100.0,2100.0,0
2021-02-19-17-17-00 GMT-0500,2099.1,2099.1,2099.1,2099.1,2099.1,0
2021-02-19-17-18-00 GMT-0500,2098.35,2098.35,2098.35,2098.35,2098.35,0
2021-02-19-17-19-00 GMT-0500,2099.255,2099.255,2099.255,2099.255,2099.255,0
2021-02-19-17-20-00 GMT-0500,2100.0,2100.0,2100.0,2100.0,2100.0,0
2021-02-19-17-21-00 GMT-0500,2099.275,2099.275,2099.275,2099.275,2099.275,0
2021-02-19-17-25-00 GMT-0500,2100.0,2100.0,2100.0,2100.0,2100.0,0
2021-02-19-17-28-00 GMT-0500,2098.55,2099.63,2098.55,2099.63,2099.63,0
2021-02-19-17-30-00 GMT-0500,2100.0,2100.0,2100.0,2100.0,2100.0,0
2021-02-19-17-31-00 GMT-0500,2099.315,2100.0,2098.65,2098.65,2098.65,0
2021-02-19-17-32-00 GMT-0500,2099.325,2099.8,2099.325,2099.8,2099.8,0
2021-02-19-17-34-00 GMT-0500,2099.8,2099.8,2099.0,2099.325,2099.325,0
2021-02-19-17-35-00 GMT-0500,2099.325,2100.0,2099.315,2100.0,2100.0,0
2021-02-19-17-36-00 GMT-0500,2100.0,2100.0,2100.0,2100.0,2100.0,0
2021-02-19-17-39-00 GMT-0500,2099.315,2099.315,2099.315,2099.315,2099.315,0
2021-02-19-17-40-00 GMT-0500,2100.0,2100.0,2099.63,2099.63,2099.63,0
2021-02-19-17-41-00 GMT-0500,2100.0,2100.0,2099.255,2099.255,2099.255,0
2021-02-19-17-42-00 GMT-0500,2100.0,2100.0,2100.0,2100.0,2100.0,0
2021-02-19-17-43-00 GMT-0500,2099.255,2099.255,2099.255,2099.255,2099.255,0
2021-02-19-17-44-00 GMT-0500,2100.0,2100.0,2100.0,2100.0,2100.0,0
2021-02-19-17-47-00 GMT-0500,2100.0,2100.0,2100.0,2100.0,2100.0,0
2021-02-19-17-49-00 GMT-0500,2100.0,2100.0,2099.85,2099.85,2099.85,0
2021-02-19-17-50-00 GMT-0500,2099.755,2099.755,2099.072,2099.072,2099.072,0
2021-02-19-17-52-00 GMT-0500,2101.0,2101.0,2101.0,2101.0,2101.0,0
2021-02-19-17-54-00 GMT-0500,2101.0,2105.995,2101.0,2105.995,2105.995,0
2021-02-19-17-55-00 GMT-0500,2101.0,2101.0,2101.0,2101.0,2101.0,0
2021-02-19-17-56-00 GMT-0500,2105.995,2105.995,2105.995,2105.995,2105.995,0
2021-02-19-17-57-00 GMT-0500,2103.72,2105.45,2103.72,2105.45,2105.45,0
2021-02-19-17-59-00 GMT-0500,2105.0,2106.03,2105.0,2106.03,2106.03,0
2021-02-19-18-04-00 GMT-0500,2106.03,2107.0,2106.03,2107.0,2107.0,0
2021-02-19-18-08-00 GMT-0500,2106.0,2106.0,2106.0,2106.0,2106.0,0
2021-02-19-18-09-00 GMT-0500,2101.2,2101.2,2098.51,2098.51,2098.51,0
2021-02-19-18-10-00 GMT-0500,2100.0,2101.0,2100.0,2101.0,2101.0,0
2021-02-19-18-13-00 GMT-0500,2100.0,2100.0,2100.0,2100.0,2100.0,0
2021-02-19-18-16-00 GMT-0500,2100.0,2100.0,2100.0,2100.0,2100.0,0
2021-02-19-18-18-00 GMT-0500,2101.0,2101.0,2101.0,2101.0,2101.0,0
2021-02-19-18-19-00 GMT-0500,2100.0,2100.0,2100.0,2100.0,2100.0,0
2021-02-19-18-24-00 GMT-0500,2098.0,2101.0,2098.0,2101.0,2101.0,0
2021-02-19-18-26-00 GMT-0500,2100.64,2100.64,2100.64,2100.64,2100.64,0
2021-02-19-18-41-00 GMT-0500,2098.5,2098.5,2098.5,2098.5,2098.5,0
2021-02-19-18-43-00 GMT-0500,2100.0,2100.64,2100.0,2100.64,2100.64,0
2021-02-19-18-45-00 GMT-0500,2101.0,2101.0,2101.0,2101.0,2101.0,0
2021-02-19-18-46-00 GMT-0500,2101.8,2101.8,2101.0,2101.0,2101.0,0
2021-02-19-18-47-00 GMT-0500,2100.64,2100.64,2100.64,2100.64,2100.64,0
2021-02-19-18-48-00 GMT-0500,2101.0,2101.0,2101.0,2101.0,2101.0,0
2021-02-19-18-55-00 GMT-0500,2100.64,2100.64,2100.64,2100.64,2100.64,0
2021-02-19-18-58-00 GMT-0500,2100.64,2100.64,2100.5,2100.64,2100.64,0
2021-02-19-19-00-00 GMT-0500,2100.05,2100.05,2100.05,2100.05,2100.05,0
2021-02-19-19-12-00 GMT-0500,2100.79,2100.79,2100.79,2100.79,2100.79,0
2021-02-19-19-15-00 GMT-0500,2100.64,2100.64,2100.64,2100.64,2100.64,0
2021-02-19-19-19-00 GMT-0500,2100.75,2100.75,2100.75,2100.75,2100.75,0
2021-02-19-19-22-00 GMT-0500,2100.64,2100.64,2100.64,2100.64,2100.64,0
2021-02-19-19-23-00 GMT-0500,2100.64,2100.64,2100.64,2100.64,2100.64,0
2021-02-19-19-27-00 GMT-0500,2100.5,2100.5,2100.5,2100.5,2100.5,0
2021-02-19-19-28-00 GMT-0500,2100.64,2100.64,2100.64,2100.64,2100.64,0
2021-02-19-19-30-00 GMT-0500,2100.69,2100.69,2100.69,2100.69,2100.69,0
2021-02-19-19-31-00 GMT-0500,2100.64,2100.64,2100.64,2100.64,2100.64,0
2021-02-19-19-32-00 GMT-0500,2101.0,2107.79,2101.0,2107.79,2107.79,0
2021-02-19-19-33-00 GMT-0500,2100.05,2100.05,2100.05,2100.05,2100.05,0
2021-02-19-19-34-00 GMT-0500,2104.72,2104.72,2104.72,2104.72,2104.72,0
2021-02-19-19-38-00 GMT-0500,2104.72,2105.0,2104.72,2105.0,2105.0,0
2021-02-19-19-40-00 GMT-0500,2104.72,2105.0,2104.72,2105.0,2105.0,0
2021-02-19-19-44-00 GMT-0500,2101.22,2101.22,2101.22,2101.22,2101.22,0
2021-02-19-19-46-00 GMT-0500,2107.5,2107.5,2107.5,2107.5,2107.5,0
2021-02-19-19-47-00 GMT-0500,2100.64,2100.64,2100.64,2100.64,2100.64,0
2021-02-19-19-48-00 GMT-0500,2100.8,2100.8,2100.8,2100.8,2100.8,0
2021-02-19-19-49-00 GMT-0500,2104.72,2104.73,2104.72,2104.73,2104.73,0
2021-02-19-19-54-00 GMT-0500,2107.5,2107.5,2107.5,2107.5,2107.5,0
