Datetime,Open,High,Low,Close,Adj Close,Volume
2021-08-16-04-00-00 GMT-0400,218.23,218.57,218.23,218.57,218.57,0
2021-08-16-04-41-00 GMT-0400,218.39,218.39,218.36,218.36,218.36,0
2021-08-16-05-09-00 GMT-0400,217.5,217.7,217.5,217.7,217.7,0
2021-08-16-05-12-00 GMT-0400,217.52,217.52,217.52,217.52,217.52,0
2021-08-16-05-14-00 GMT-0400,217.5,217.5,217.5,217.5,217.5,0
2021-08-16-05-28-00 GMT-0400,217.48,217.48,217.48,217.48,217.48,0
2021-08-16-05-33-00 GMT-0400,217.99,217.99,217.99,217.99,217.99,0
2021-08-16-05-39-00 GMT-0400,217.49,217.49,217.49,217.49,217.49,0
2021-08-16-06-10-00 GMT-0400,217.49,217.49,217.0,217.0,217.0,0
2021-08-16-06-11-00 GMT-0400,217.0,217.12,217.0,217.0,217.0,0
2021-08-16-06-22-00 GMT-0400,216.98,216.98,216.98,216.98,216.98,0
2021-08-16-06-25-00 GMT-0400,216.9,216.98,216.9,216.98,216.98,0
2021-08-16-06-27-00 GMT-0400,216.9,217.3,216.9,217.3,217.3,0
2021-08-16-06-28-00 GMT-0400,217.3,217.3,217.3,217.3,217.3,0
2021-08-16-06-33-00 GMT-0400,216.89,216.89,216.89,216.89,216.89,0
2021-08-16-06-35-00 GMT-0400,216.88,216.88,216.88,216.88,216.88,0
2021-08-16-06-36-00 GMT-0400,216.81,216.81,216.81,216.81,216.81,0
2021-08-16-06-51-00 GMT-0400,216.94,216.94,216.94,216.94,216.94,0
2021-08-16-06-53-00 GMT-0400,216.88,217.0,216.88,217.0,217.0,0
2021-08-16-06-58-00 GMT-0400,217.0,217.0,217.0,217.0,217.0,0
2021-08-16-06-59-00 GMT-0400,217.36,217.44,217.29,217.3,217.3,0
2021-08-16-07-00-00 GMT-0400,217.02,217.94,216.98,217.58,217.58,0
2021-08-16-07-08-00 GMT-0400,217.94,217.94,217.9,217.9,217.9,0
2021-08-16-07-10-00 GMT-0400,217.97,217.97,217.97,217.97,217.97,0
2021-08-16-07-12-00 GMT-0400,217.87,217.87,217.87,217.87,217.87,0
2021-08-16-07-13-00 GMT-0400,217.7,217.7,217.7,217.7,217.7,0
2021-08-16-07-16-00 GMT-0400,217.61,217.61,217.58,217.58,217.58,0
2021-08-16-07-21-00 GMT-0400,217.58,217.58,217.57,217.57,217.57,0
2021-08-16-07-23-00 GMT-0400,217.57,217.59,217.56,217.56,217.56,0
2021-08-16-07-25-00 GMT-0400,217.68,217.69,217.68,217.69,217.69,0
2021-08-16-07-26-00 GMT-0400,217.56,217.56,217.56,217.56,217.56,0
2021-08-16-07-27-00 GMT-0400,217.45,217.5,217.32,217.32,217.32,0
2021-08-16-07-30-00 GMT-0400,217.22,217.22,217.13,217.13,217.13,0
2021-08-16-07-31-00 GMT-0400,217.39,217.45,217.25,217.25,217.25,0
2021-08-16-07-38-00 GMT-0400,217.26,217.26,217.26,217.26,217.26,0
2021-08-16-07-42-00 GMT-0400,217.26,217.26,217.25,217.25,217.25,0
2021-08-16-07-43-00 GMT-0400,217.34,217.34,217.34,217.34,217.34,0
2021-08-16-07-46-00 GMT-0400,217.15,217.15,217.15,217.15,217.15,0
2021-08-16-07-47-00 GMT-0400,217.25,217.34,217.25,217.33,217.33,0
2021-08-16-07-48-00 GMT-0400,217.3,217.35,217.3,217.35,217.35,0
2021-08-16-07-54-00 GMT-0400,217.44,217.44,217.44,217.44,217.44,0
2021-08-16-07-56-00 GMT-0400,217.14,217.14,217.14,217.14,217.14,0
2021-08-16-08-00-00 GMT-0400,217.75,218.15,217.0,217.25,217.25,0
2021-08-16-08-01-00 GMT-0400,217.15,217.15,217.0,217.1,217.1,0
2021-08-16-08-02-00 GMT-0400,217.0,217.14,217.0,217.14,217.14,0
2021-08-16-08-03-00 GMT-0400,217.2,217.2,217.2,217.2,217.2,0
2021-08-16-08-04-00 GMT-0400,217.0,217.15,217.0,217.15,217.15,0
2021-08-16-08-05-00 GMT-0400,217.0,217.0,216.0,216.0,216.0,0
2021-08-16-08-06-00 GMT-0400,216.0,217.04,215.97,216.4,216.4,0
2021-08-16-08-07-00 GMT-0400,216.52,216.9,215.22,215.22,215.22,0
2021-08-16-08-08-00 GMT-0400,215.31,216.48,215.31,216.42,216.42,0
2021-08-16-08-09-00 GMT-0400,216.48,216.48,216.48,216.48,216.48,0
2021-08-16-08-10-00 GMT-0400,216.42,216.42,215.41,216.13,216.13,0
2021-08-16-08-13-00 GMT-0400,216.0,216.07,215.45,215.45,215.45,0
2021-08-16-08-14-00 GMT-0400,215.56,215.56,215.56,215.56,215.56,0
2021-08-16-08-15-00 GMT-0400,215.45,216.66,215.45,216.66,216.66,0
2021-08-16-08-16-00 GMT-0400,215.99,216.66,215.99,216.66,216.66,0
2021-08-16-08-17-00 GMT-0400,216.0,216.66,215.51,216.66,216.66,0
2021-08-16-08-19-00 GMT-0400,215.77,216.0,215.7,216.0,216.0,0
2021-08-16-08-20-00 GMT-0400,216.05,216.05,216.0,216.0,216.0,0
2021-08-16-08-24-00 GMT-0400,215.81,216.14,215.51,215.51,215.51,0
2021-08-16-08-26-00 GMT-0400,215.53,215.53,215.53,215.53,215.53,0
2021-08-16-08-29-00 GMT-0400,215.82,215.82,215.82,215.82,215.82,0
2021-08-16-08-32-00 GMT-0400,216.41,216.41,215.9,216.33,216.33,0
2021-08-16-08-33-00 GMT-0400,216.38,216.38,215.93,215.93,215.93,0
2021-08-16-08-34-00 GMT-0400,215.82,216.17,215.82,216.17,216.17,0
2021-08-16-08-36-00 GMT-0400,216.17,216.38,215.82,216.01,216.01,0
2021-08-16-08-37-00 GMT-0400,216.0,216.38,216.0,216.03,216.03,0
2021-08-16-08-38-00 GMT-0400,216.3,216.3,216.05,216.05,216.05,0
2021-08-16-08-39-00 GMT-0400,216.0,216.27,216.0,216.27,216.27,0
2021-08-16-08-40-00 GMT-0400,216.05,216.05,216.05,216.05,216.05,0
2021-08-16-08-41-00 GMT-0400,216.1,216.1,216.1,216.1,216.1,0
2021-08-16-08-42-00 GMT-0400,216.44,216.5,216.44,216.49,216.49,0
2021-08-16-08-43-00 GMT-0400,216.35,216.35,216.35,216.35,216.35,0
2021-08-16-08-44-00 GMT-0400,216.2,216.5,216.2,216.5,216.5,0
2021-08-16-08-47-00 GMT-0400,216.2,216.25,216.2,216.25,216.25,0
2021-08-16-08-49-00 GMT-0400,216.4,216.4,216.07,216.08,216.08,0
2021-08-16-08-53-00 GMT-0400,216.65,216.65,216.1,216.1,216.1,0
2021-08-16-08-55-00 GMT-0400,216.3,216.3,216.3,216.3,216.3,0
2021-08-16-08-57-00 GMT-0400,216.0015,216.65,216.0,216.3,216.3,0
2021-08-16-08-58-00 GMT-0400,216.65,216.65,216.3,216.6,216.6,0
2021-08-16-09-00-00 GMT-0400,216.2,216.6,215.9246,216.0,216.0,0
2021-08-16-09-01-00 GMT-0400,216.2,216.6,215.86,216.6,216.6,0
2021-08-16-09-02-00 GMT-0400,216.23,216.23,216.23,216.23,216.23,0
2021-08-16-09-03-00 GMT-0400,215.95,215.95,215.95,215.95,215.95,0
2021-08-16-09-04-00 GMT-0400,215.94,216.6,215.94,216.5,216.5,0
2021-08-16-09-05-00 GMT-0400,216.25,216.25,215.94,215.94,215.94,0
2021-08-16-09-06-00 GMT-0400,216.07,216.29,216.04,216.29,216.29,0
2021-08-16-09-07-00 GMT-0400,216.29,216.29,216.29,216.29,216.29,0
2021-08-16-09-08-00 GMT-0400,215.98,216.29,215.98,216.29,216.29,0
2021-08-16-09-10-00 GMT-0400,216.29,216.5,216.2,216.5,216.5,0
2021-08-16-09-12-00 GMT-0400,216.32,216.32,215.98,215.98,215.98,0
2021-08-16-09-13-00 GMT-0400,216.3,216.5,215.98,216.5,216.5,0
2021-08-16-09-14-00 GMT-0400,216.15,216.5,216.15,216.15,216.15,0
2021-08-16-09-30-00 GMT-0400,217.36000061035156,217.77000427246094,217.1300048828125,217.22500610351562,217.22500610351562,69971
2021-08-16-09-31-00 GMT-0400,217.2100067138672,217.41000366210938,216.86000061035156,216.9311981201172,216.9311981201172,8733
2021-08-16-09-32-00 GMT-0400,216.8699951171875,216.8699951171875,216.26499938964844,216.26499938964844,216.26499938964844,16016
2021-08-16-09-33-00 GMT-0400,216.33999633789062,216.3699951171875,215.66000366210938,215.8699951171875,215.8699951171875,28295
2021-08-16-09-34-00 GMT-0400,215.8000030517578,216.07000732421875,215.2899932861328,215.47000122070312,215.47000122070312,17179
2021-08-16-09-35-00 GMT-0400,215.41000366210938,215.41000366210938,214.63999938964844,214.7736053466797,214.7736053466797,33562
2021-08-16-09-36-00 GMT-0400,214.75999450683594,214.91000366210938,214.33999633789062,214.77499389648438,214.77499389648438,33063
2021-08-16-09-37-00 GMT-0400,214.8000030517578,215.375,214.52999877929688,215.375,215.375,11420
2021-08-16-09-38-00 GMT-0400,215.22999572753906,215.50999450683594,215.18499755859375,215.42999267578125,215.42999267578125,9193
2021-08-16-09-39-00 GMT-0400,215.3300018310547,216.11000061035156,215.31500244140625,215.9600067138672,215.9600067138672,11929
2021-08-16-09-40-00 GMT-0400,216.08999633789062,216.1199951171875,215.8300018310547,215.91110229492188,215.91110229492188,10589
2021-08-16-09-41-00 GMT-0400,215.97999572753906,216.00999450683594,215.14999389648438,215.3000030517578,215.3000030517578,10890
2021-08-16-09-42-00 GMT-0400,215.3697052001953,215.83999633789062,215.3697052001953,215.77000427246094,215.77000427246094,5869
2021-08-16-09-43-00 GMT-0400,215.85000610351562,216.00990295410156,215.5500030517578,216.0,216.0,5079
2021-08-16-09-44-00 GMT-0400,216.0500030517578,216.0800018310547,215.58999633789062,215.74000549316406,215.74000549316406,12460
2021-08-16-09-45-00 GMT-0400,215.66000366210938,215.66000366210938,214.9281005859375,215.05999755859375,215.05999755859375,13833
2021-08-16-09-46-00 GMT-0400,215.0500030517578,215.1300048828125,214.84300231933594,214.9250030517578,214.9250030517578,9259
2021-08-16-09-47-00 GMT-0400,214.97000122070312,215.14999389648438,214.94000244140625,215.10000610351562,215.10000610351562,12807
2021-08-16-09-48-00 GMT-0400,214.93499755859375,215.4499969482422,214.93499755859375,215.4499969482422,215.4499969482422,9285
2021-08-16-09-49-00 GMT-0400,215.4949951171875,215.4949951171875,215.35000610351562,215.48500061035156,215.48500061035156,3437
2021-08-16-09-50-00 GMT-0400,215.52999877929688,215.52999877929688,214.94500732421875,215.22999572753906,215.22999572753906,6887
2021-08-16-09-51-00 GMT-0400,215.1300048828125,215.4199981689453,215.1300048828125,215.33999633789062,215.33999633789062,5231
2021-08-16-09-52-00 GMT-0400,215.33999633789062,215.74000549316406,215.22999572753906,215.67999267578125,215.67999267578125,8292
2021-08-16-09-53-00 GMT-0400,215.6999969482422,215.77000427246094,215.52000427246094,215.72000122070312,215.72000122070312,7878
2021-08-16-09-54-00 GMT-0400,215.74000549316406,215.89999389648438,215.61000061035156,215.84689331054688,215.84689331054688,8986
2021-08-16-09-55-00 GMT-0400,215.83999633789062,215.86500549316406,215.5,215.66000366210938,215.66000366210938,9480
2021-08-16-09-56-00 GMT-0400,215.6699981689453,215.72000122070312,215.4600067138672,215.47500610351562,215.47500610351562,5312
2021-08-16-09-57-00 GMT-0400,215.44000244140625,215.50999450683594,215.2100067138672,215.4499969482422,215.4499969482422,4974
2021-08-16-09-58-00 GMT-0400,215.38999938964844,215.5,215.1199951171875,215.1199951171875,215.1199951171875,12190
2021-08-16-09-59-00 GMT-0400,215.1300048828125,215.14999389648438,215.00999450683594,215.13999938964844,215.13999938964844,6054
2021-08-16-10-00-00 GMT-0400,215.11000061035156,215.11000061035156,214.75999450683594,214.77999877929688,214.77999877929688,13887
2021-08-16-10-01-00 GMT-0400,214.8000030517578,214.8699951171875,214.64959716796875,214.76499938964844,214.76499938964844,10694
2021-08-16-10-02-00 GMT-0400,214.8000030517578,215.33999633789062,214.8000030517578,215.25,215.25,16128
2021-08-16-10-03-00 GMT-0400,215.1999969482422,215.1999969482422,215.0399932861328,215.08999633789062,215.08999633789062,7540
2021-08-16-10-04-00 GMT-0400,215.1199951171875,215.2180938720703,214.97500610351562,214.97500610351562,214.97500610351562,10182
2021-08-16-10-05-00 GMT-0400,214.97999572753906,215.24000549316406,214.97000122070312,215.17999267578125,215.17999267578125,14040
2021-08-16-10-06-00 GMT-0400,215.22000122070312,215.57000732421875,215.22000122070312,215.57000732421875,215.57000732421875,9465
2021-08-16-10-07-00 GMT-0400,215.60000610351562,216.27000427246094,215.60000610351562,216.27000427246094,216.27000427246094,13617
2021-08-16-10-08-00 GMT-0400,216.27870178222656,216.72999572753906,216.27870178222656,216.72999572753906,216.72999572753906,15922
2021-08-16-10-09-00 GMT-0400,216.6999969482422,216.89999389648438,216.6300048828125,216.89999389648438,216.89999389648438,12005
2021-08-16-10-10-00 GMT-0400,216.94000244140625,217.10000610351562,216.86000061035156,217.0399932861328,217.0399932861328,10146
2021-08-16-10-11-00 GMT-0400,217.10000610351562,217.3000030517578,217.02999877929688,217.25999450683594,217.25999450683594,12248
2021-08-16-10-12-00 GMT-0400,217.47000122070312,217.6300048828125,217.4600067138672,217.59500122070312,217.59500122070312,9321
2021-08-16-10-13-00 GMT-0400,217.61000061035156,217.66000366210938,217.3800048828125,217.58999633789062,217.58999633789062,11725
2021-08-16-10-14-00 GMT-0400,217.5399932861328,217.5800018310547,217.30999755859375,217.52000427246094,217.52000427246094,16555
2021-08-16-10-15-00 GMT-0400,217.52499389648438,217.55999755859375,217.3699951171875,217.49000549316406,217.49000549316406,10113
2021-08-16-10-16-00 GMT-0400,217.4550018310547,217.9199981689453,217.41000366210938,217.9199981689453,217.9199981689453,20485
2021-08-16-10-17-00 GMT-0400,217.9199981689453,218.0,217.55630493164062,217.58999633789062,217.58999633789062,10214
2021-08-16-10-18-00 GMT-0400,217.577392578125,217.58999633789062,217.25999450683594,217.50999450683594,217.50999450683594,6475
2021-08-16-10-19-00 GMT-0400,217.48500061035156,217.52999877929688,217.0500030517578,217.0500030517578,217.0500030517578,6500
2021-08-16-10-20-00 GMT-0400,217.00999450683594,217.36000061035156,216.97999572753906,217.0500030517578,217.0500030517578,9429
2021-08-16-10-21-00 GMT-0400,216.9709014892578,217.0,216.77999877929688,217.0,217.0,12155
2021-08-16-10-22-00 GMT-0400,217.10000610351562,217.25,216.99000549316406,217.11000061035156,217.11000061035156,7884
2021-08-16-10-23-00 GMT-0400,217.07000732421875,217.3000030517578,217.0449981689453,217.07000732421875,217.07000732421875,5510
2021-08-16-10-24-00 GMT-0400,217.05999755859375,217.16000366210938,217.00999450683594,217.1199951171875,217.1199951171875,4333
2021-08-16-10-25-00 GMT-0400,217.1300048828125,217.14999389648438,216.83999633789062,217.05999755859375,217.05999755859375,9540
2021-08-16-10-26-00 GMT-0400,217.07000732421875,217.13999938964844,216.8699951171875,216.9600067138672,216.9600067138672,12715
2021-08-16-10-27-00 GMT-0400,216.89999389648438,216.89999389648438,216.64999389648438,216.74000549316406,216.74000549316406,5306
2021-08-16-10-28-00 GMT-0400,216.7100067138672,216.85000610351562,216.60000610351562,216.75,216.75,9272
2021-08-16-10-29-00 GMT-0400,216.85000610351562,217.1999969482422,216.85000610351562,217.08999633789062,217.08999633789062,4674
2021-08-16-10-30-00 GMT-0400,217.13999938964844,217.74000549316406,217.08999633789062,217.16000366210938,217.16000366210938,8799
2021-08-16-10-31-00 GMT-0400,217.22000122070312,217.41000366210938,217.0500030517578,217.05499267578125,217.05499267578125,6913
2021-08-16-10-32-00 GMT-0400,217.10000610351562,217.10000610351562,217.0,217.00999450683594,217.00999450683594,3960
2021-08-16-10-33-00 GMT-0400,216.99000549316406,216.99000549316406,216.75999450683594,216.8000030517578,216.8000030517578,5793
2021-08-16-10-34-00 GMT-0400,216.77000427246094,216.80999755859375,216.33999633789062,216.35000610351562,216.35000610351562,9902
2021-08-16-10-35-00 GMT-0400,216.41000366210938,216.6699981689453,216.41000366210938,216.6199951171875,216.6199951171875,4955
2021-08-16-10-36-00 GMT-0400,216.6699981689453,216.75999450683594,216.58999633789062,216.6649932861328,216.6649932861328,7538
2021-08-16-10-37-00 GMT-0400,216.67759704589844,217.02999877929688,216.67759704589844,216.97999572753906,216.97999572753906,14880
2021-08-16-10-38-00 GMT-0400,216.97000122070312,217.0,216.84500122070312,216.99000549316406,216.99000549316406,3710
2021-08-16-10-39-00 GMT-0400,217.0,217.16000366210938,217.0,217.16000366210938,217.16000366210938,6933
2021-08-16-10-40-00 GMT-0400,217.05999755859375,217.25999450683594,217.05999755859375,217.25999450683594,217.25999450683594,3048
2021-08-16-10-41-00 GMT-0400,217.2899932861328,217.47999572753906,217.1699981689453,217.39999389648438,217.39999389648438,8776
2021-08-16-10-42-00 GMT-0400,217.35000610351562,217.35000610351562,217.13999938964844,217.30499267578125,217.30499267578125,5671
2021-08-16-10-43-00 GMT-0400,217.3350067138672,217.3699951171875,217.10000610351562,217.19000244140625,217.19000244140625,8238
2021-08-16-10-44-00 GMT-0400,217.2100067138672,217.25999450683594,217.00999450683594,217.00999450683594,217.00999450683594,4700
2021-08-16-10-45-00 GMT-0400,217.08999633789062,217.154296875,216.97500610351562,217.11000061035156,217.11000061035156,3357
2021-08-16-10-46-00 GMT-0400,217.14999389648438,217.41000366210938,217.14999389648438,217.38999938964844,217.38999938964844,8690
2021-08-16-10-47-00 GMT-0400,217.33999633789062,217.38999938964844,217.24000549316406,217.38999938964844,217.38999938964844,4117
2021-08-16-10-48-00 GMT-0400,217.3350067138672,217.3699951171875,217.19000244140625,217.27000427246094,217.27000427246094,6202
2021-08-16-10-49-00 GMT-0400,217.22999572753906,217.3300018310547,217.11000061035156,217.11000061035156,217.11000061035156,7383
2021-08-16-10-50-00 GMT-0400,217.05999755859375,217.17999267578125,217.0399932861328,217.16000366210938,217.16000366210938,2867
2021-08-16-10-51-00 GMT-0400,217.1999969482422,217.39999389648438,217.19000244140625,217.36000061035156,217.36000061035156,5915
2021-08-16-10-52-00 GMT-0400,217.3883056640625,217.41000366210938,217.25,217.38999938964844,217.38999938964844,3276
2021-08-16-10-53-00 GMT-0400,217.36000061035156,217.36000061035156,217.1300048828125,217.1300048828125,217.1300048828125,6914
2021-08-16-10-54-00 GMT-0400,217.0800018310547,217.1300048828125,216.8699951171875,217.1300048828125,217.1300048828125,3561
2021-08-16-10-55-00 GMT-0400,217.1699981689453,217.1699981689453,217.08999633789062,217.14999389648438,217.14999389648438,2801
2021-08-16-10-56-00 GMT-0400,217.13999938964844,217.16000366210938,216.9600067138672,216.97999572753906,216.97999572753906,3293
2021-08-16-10-57-00 GMT-0400,217.02000427246094,217.0399932861328,216.94009399414062,216.97000122070312,216.97000122070312,2314
2021-08-16-10-58-00 GMT-0400,216.96499633789062,217.0800018310547,216.9199981689453,217.0800018310547,217.0800018310547,2609
2021-08-16-10-59-00 GMT-0400,217.02999877929688,217.27999877929688,217.02999877929688,217.1300048828125,217.1300048828125,2829
2021-08-16-11-00-00 GMT-0400,217.1470947265625,217.3699951171875,217.1470947265625,217.27999877929688,217.27999877929688,4263
2021-08-16-11-01-00 GMT-0400,217.218994140625,217.25999450683594,217.15499877929688,217.24000549316406,217.24000549316406,3896
2021-08-16-11-02-00 GMT-0400,217.23779296875,217.23779296875,217.02000427246094,217.07000732421875,217.07000732421875,6410
2021-08-16-11-03-00 GMT-0400,217.07000732421875,217.08999633789062,216.9499969482422,217.0800018310547,217.0800018310547,4200
2021-08-16-11-04-00 GMT-0400,216.97000122070312,217.01890563964844,216.86390686035156,216.86390686035156,216.86390686035156,3804
2021-08-16-11-05-00 GMT-0400,216.8699951171875,216.9499969482422,216.8300018310547,216.9499969482422,216.9499969482422,4380
2021-08-16-11-06-00 GMT-0400,216.9199981689453,216.99000549316406,216.91000366210938,216.97999572753906,216.97999572753906,1711
2021-08-16-11-07-00 GMT-0400,216.94000244140625,216.99000549316406,216.83999633789062,216.83999633789062,216.83999633789062,11832
2021-08-16-11-08-00 GMT-0400,216.8000030517578,216.82000732421875,216.75999450683594,216.75999450683594,216.75999450683594,2126
2021-08-16-11-09-00 GMT-0400,216.7899932861328,216.85499572753906,216.61489868164062,216.6699981689453,216.6699981689453,4818
2021-08-16-11-10-00 GMT-0400,216.6999969482422,216.94000244140625,216.6999969482422,216.83999633789062,216.83999633789062,4463
2021-08-16-11-11-00 GMT-0400,216.89999389648438,216.9199981689453,216.8800048828125,216.8800048828125,216.8800048828125,4378
2021-08-16-11-12-00 GMT-0400,216.8300018310547,216.8800048828125,216.82000732421875,216.8300018310547,216.8300018310547,3137
2021-08-16-11-13-00 GMT-0400,216.85000610351562,216.86000061035156,216.77000427246094,216.8300018310547,216.8300018310547,1937
2021-08-16-11-14-00 GMT-0400,216.7899932861328,216.85000610351562,216.7100067138672,216.7100067138672,216.7100067138672,3685
2021-08-16-11-15-00 GMT-0400,216.75999450683594,216.89999389648438,216.75999450683594,216.82000732421875,216.82000732421875,4793
2021-08-16-11-16-00 GMT-0400,216.80999755859375,216.80999755859375,216.66099548339844,216.66099548339844,216.66099548339844,3235
2021-08-16-11-17-00 GMT-0400,216.67999267578125,217.00999450683594,216.67999267578125,216.97999572753906,216.97999572753906,4599
2021-08-16-11-18-00 GMT-0400,216.9600067138672,216.97000122070312,216.75,216.77999877929688,216.77999877929688,5529
2021-08-16-11-19-00 GMT-0400,216.82000732421875,216.82000732421875,216.67100524902344,216.74000549316406,216.74000549316406,5245
2021-08-16-11-20-00 GMT-0400,216.72999572753906,216.8800048828125,216.67999267578125,216.8699951171875,216.8699951171875,5414
2021-08-16-11-21-00 GMT-0400,216.89999389648438,216.9199981689453,216.83340454101562,216.8699951171875,216.8699951171875,2803
2021-08-16-11-22-00 GMT-0400,216.8000030517578,216.8000030517578,216.7100067138672,216.7100067138672,216.7100067138672,3065
2021-08-16-11-23-00 GMT-0400,216.69000244140625,216.69000244140625,216.64999389648438,216.64999389648438,216.64999389648438,2292
2021-08-16-11-24-00 GMT-0400,216.6699981689453,216.75999450683594,216.6699981689453,216.75,216.75,5819
2021-08-16-11-25-00 GMT-0400,216.80999755859375,216.82000732421875,216.6300048828125,216.6699981689453,216.6699981689453,4172
2021-08-16-11-26-00 GMT-0400,216.72000122070312,216.75999450683594,216.66319274902344,216.72000122070312,216.72000122070312,3086
2021-08-16-11-27-00 GMT-0400,216.7100067138672,216.7100067138672,216.55999755859375,216.55999755859375,216.55999755859375,3025
2021-08-16-11-28-00 GMT-0400,216.55999755859375,216.75,216.4199981689453,216.4199981689453,216.4199981689453,4510
2021-08-16-11-29-00 GMT-0400,216.49000549316406,216.55149841308594,216.49000549316406,216.50999450683594,216.50999450683594,2383
2021-08-16-11-30-00 GMT-0400,216.50999450683594,216.69000244140625,216.4949951171875,216.69000244140625,216.69000244140625,4910
2021-08-16-11-31-00 GMT-0400,216.6999969482422,216.7899932861328,216.66000366210938,216.72999572753906,216.72999572753906,7271
2021-08-16-11-32-00 GMT-0400,216.6999969482422,216.75,216.5800018310547,216.6999969482422,216.6999969482422,8181
2021-08-16-11-33-00 GMT-0400,216.6699981689453,216.75999450683594,216.63999938964844,216.74000549316406,216.74000549316406,2494
2021-08-16-11-34-00 GMT-0400,216.75,216.75999450683594,216.64999389648438,216.64999389648438,216.64999389648438,3940
2021-08-16-11-35-00 GMT-0400,216.69000244140625,216.77000427246094,216.63999938964844,216.7100067138672,216.7100067138672,6243
2021-08-16-11-36-00 GMT-0400,216.75,216.8000030517578,216.69000244140625,216.72000122070312,216.72000122070312,4925
2021-08-16-11-37-00 GMT-0400,216.72000122070312,216.80999755859375,216.6999969482422,216.6999969482422,216.6999969482422,4556
2021-08-16-11-38-00 GMT-0400,216.69000244140625,216.7100067138672,216.6199951171875,216.66000366210938,216.66000366210938,7041
2021-08-16-11-39-00 GMT-0400,216.6199951171875,216.63999938964844,216.52000427246094,216.5800018310547,216.5800018310547,4662
2021-08-16-11-40-00 GMT-0400,216.58999633789062,216.6300048828125,216.47999572753906,216.6300048828125,216.6300048828125,4686
2021-08-16-11-41-00 GMT-0400,216.6699981689453,216.83799743652344,216.55999755859375,216.81500244140625,216.81500244140625,12701
2021-08-16-11-42-00 GMT-0400,216.80999755859375,216.8800048828125,216.7100067138672,216.7100067138672,216.7100067138672,4049
2021-08-16-11-43-00 GMT-0400,216.75900268554688,216.75999450683594,216.6199951171875,216.6699981689453,216.6699981689453,3939
2021-08-16-11-44-00 GMT-0400,216.63999938964844,216.76629638671875,216.6295928955078,216.75999450683594,216.75999450683594,4019
2021-08-16-11-45-00 GMT-0400,216.7899932861328,216.8800048828125,216.75999450683594,216.83999633789062,216.83999633789062,2939
2021-08-16-11-46-00 GMT-0400,216.8800048828125,216.99000549316406,216.85000610351562,216.99000549316406,216.99000549316406,6588
2021-08-16-11-47-00 GMT-0400,216.99000549316406,217.00999450683594,216.9600067138672,217.0,217.0,1796
2021-08-16-11-49-00 GMT-0400,216.97000122070312,216.97000122070312,216.85000610351562,216.85000610351562,216.85000610351562,13531
2021-08-16-11-50-00 GMT-0400,216.83999633789062,216.99000549316406,216.77000427246094,216.9199981689453,216.9199981689453,5744
2021-08-16-11-51-00 GMT-0400,216.9199981689453,216.9199981689453,216.80499267578125,216.82000732421875,216.82000732421875,4148
2021-08-16-11-52-00 GMT-0400,216.8699951171875,216.88999938964844,216.77999877929688,216.8820037841797,216.8820037841797,3621
2021-08-16-11-53-00 GMT-0400,216.93499755859375,216.97999572753906,216.92999267578125,216.97999572753906,216.97999572753906,2012
2021-08-16-11-54-00 GMT-0400,216.97000122070312,217.0399932861328,216.97000122070312,217.02999877929688,217.02999877929688,3537
2021-08-16-11-55-00 GMT-0400,217.07000732421875,217.0800018310547,216.9600067138672,216.97999572753906,216.97999572753906,3631
2021-08-16-11-56-00 GMT-0400,217.00999450683594,217.0399932861328,217.00999450683594,217.0399932861328,217.0399932861328,2071
2021-08-16-11-57-00 GMT-0400,217.0229949951172,217.0800018310547,217.0,217.0500030517578,217.0500030517578,4281
2021-08-16-11-58-00 GMT-0400,217.0428009033203,217.0428009033203,216.96490478515625,216.96490478515625,216.96490478515625,3288
2021-08-16-11-59-00 GMT-0400,216.9774932861328,217.02999877929688,216.89500427246094,216.89500427246094,216.89500427246094,3150
2021-08-16-12-00-00 GMT-0400,216.9199981689453,216.9199981689453,216.85499572753906,216.91000366210938,216.91000366210938,5056
2021-08-16-12-01-00 GMT-0400,216.94000244140625,216.94000244140625,216.8863067626953,216.9199981689453,216.9199981689453,2018
2021-08-16-12-02-00 GMT-0400,216.92840576171875,216.92840576171875,216.89999389648438,216.89999389648438,216.89999389648438,2283
2021-08-16-12-03-00 GMT-0400,216.88999938964844,216.88999938964844,216.86000061035156,216.88999938964844,216.88999938964844,2754
2021-08-16-12-04-00 GMT-0400,216.8699951171875,216.8699951171875,216.82000732421875,216.8699951171875,216.8699951171875,1142
2021-08-16-12-05-00 GMT-0400,216.83999633789062,216.83999633789062,216.6699981689453,216.74000549316406,216.74000549316406,4786
2021-08-16-12-06-00 GMT-0400,216.7100067138672,216.75999450683594,216.6999969482422,216.6999969482422,216.6999969482422,2512
2021-08-16-12-07-00 GMT-0400,216.66000366210938,216.66000366210938,216.52000427246094,216.5305938720703,216.5305938720703,2028
2021-08-16-12-08-00 GMT-0400,216.5800018310547,216.63999938964844,216.5673065185547,216.5673065185547,216.5673065185547,3995
2021-08-16-12-09-00 GMT-0400,216.5399932861328,216.5500030517578,216.49000549316406,216.52000427246094,216.52000427246094,3444
2021-08-16-12-10-00 GMT-0400,216.5399932861328,216.55999755859375,216.52999877929688,216.55999755859375,216.55999755859375,1877
2021-08-16-12-11-00 GMT-0400,216.56500244140625,216.7100067138672,216.55999755859375,216.69000244140625,216.69000244140625,13395
2021-08-16-12-12-00 GMT-0400,216.66000366210938,216.75,216.63999938964844,216.74000549316406,216.74000549316406,4020
2021-08-16-12-13-00 GMT-0400,216.75,216.82000732421875,216.75,216.82000732421875,216.82000732421875,3939
2021-08-16-12-14-00 GMT-0400,216.8249969482422,216.8249969482422,216.75999450683594,216.77999877929688,216.77999877929688,3256
2021-08-16-12-15-00 GMT-0400,216.80999755859375,216.83999633789062,216.8000030517578,216.8249969482422,216.8249969482422,2455
2021-08-16-12-16-00 GMT-0400,216.85000610351562,216.9199981689453,216.83999633789062,216.86500549316406,216.86500549316406,6024
2021-08-16-12-17-00 GMT-0400,216.8300018310547,216.85000610351562,216.75,216.77499389648438,216.77499389648438,2731
2021-08-16-12-18-00 GMT-0400,216.7899932861328,216.875,216.72999572753906,216.85000610351562,216.85000610351562,3784
2021-08-16-12-19-00 GMT-0400,216.82000732421875,216.86000061035156,216.8126983642578,216.85000610351562,216.85000610351562,1350
2021-08-16-12-20-00 GMT-0400,216.8300018310547,216.86000061035156,216.80999755859375,216.843994140625,216.843994140625,2930
2021-08-16-12-21-00 GMT-0400,216.7899932861328,216.83999633789062,216.7899932861328,216.83999633789062,216.83999633789062,2555
2021-08-16-12-22-00 GMT-0400,216.92550659179688,216.9499969482422,216.9199981689453,216.9499969482422,216.9499969482422,850
2021-08-16-12-23-00 GMT-0400,216.9499969482422,216.97000122070312,216.92999267578125,216.94000244140625,216.94000244140625,3181
2021-08-16-12-24-00 GMT-0400,216.94000244140625,217.0,216.94000244140625,216.98500061035156,216.98500061035156,3445
2021-08-16-12-25-00 GMT-0400,216.98699951171875,217.00999450683594,216.97999572753906,216.97999572753906,216.97999572753906,1805
2021-08-16-12-26-00 GMT-0400,217.00999450683594,217.0500030517578,216.97999572753906,217.0500030517578,217.0500030517578,4235
2021-08-16-12-27-00 GMT-0400,217.02000427246094,217.02000427246094,216.92999267578125,216.92999267578125,216.92999267578125,2567
2021-08-16-12-28-00 GMT-0400,216.91000366210938,216.91000366210938,216.8350067138672,216.85000610351562,216.85000610351562,3360
2021-08-16-12-29-00 GMT-0400,216.86500549316406,216.86500549316406,216.83160400390625,216.83160400390625,216.83160400390625,1840
2021-08-16-12-30-00 GMT-0400,216.86000061035156,216.9499969482422,216.85000610351562,216.9199981689453,216.9199981689453,2021
2021-08-16-12-31-00 GMT-0400,216.9199981689453,216.9199981689453,216.88999938964844,216.88999938964844,216.88999938964844,1202
2021-08-16-12-32-00 GMT-0400,216.8800048828125,216.8800048828125,216.7899932861328,216.7899932861328,216.7899932861328,2136
2021-08-16-12-33-00 GMT-0400,216.77999877929688,216.77999877929688,216.69000244140625,216.69000244140625,216.69000244140625,3548
2021-08-16-12-34-00 GMT-0400,216.66000366210938,216.66000366210938,216.58999633789062,216.64999389648438,216.64999389648438,2481
2021-08-16-12-35-00 GMT-0400,216.61000061035156,216.61000061035156,216.4499969482422,216.52999877929688,216.52999877929688,5575
2021-08-16-12-36-00 GMT-0400,216.52999877929688,216.77000427246094,216.52999877929688,216.7449951171875,216.7449951171875,4033
2021-08-16-12-37-00 GMT-0400,216.75,216.77000427246094,216.75,216.77000427246094,216.77000427246094,833
2021-08-16-12-38-00 GMT-0400,216.79600524902344,216.83999633789062,216.77999877929688,216.77999877929688,216.77999877929688,3312
2021-08-16-12-39-00 GMT-0400,216.8000030517578,216.86000061035156,216.77000427246094,216.86000061035156,216.86000061035156,1378
2021-08-16-12-40-00 GMT-0400,216.86000061035156,216.8800048828125,216.85000610351562,216.85000610351562,216.85000610351562,931
2021-08-16-12-41-00 GMT-0400,216.91000366210938,216.9600067138672,216.91000366210938,216.9600067138672,216.9600067138672,1335
2021-08-16-12-42-00 GMT-0400,216.94500732421875,217.0,216.94500732421875,216.9600067138672,216.9600067138672,2120
2021-08-16-12-43-00 GMT-0400,216.99969482421875,217.06219482421875,216.97279357910156,217.05999755859375,217.05999755859375,1433
2021-08-16-12-44-00 GMT-0400,217.07000732421875,217.14990234375,217.07000732421875,217.1199951171875,217.1199951171875,3370
2021-08-16-12-45-00 GMT-0400,217.11000061035156,217.1199951171875,217.0500030517578,217.1199951171875,217.1199951171875,3507
2021-08-16-12-46-00 GMT-0400,217.11500549316406,217.11500549316406,217.0500030517578,217.08999633789062,217.08999633789062,1219
2021-08-16-12-47-00 GMT-0400,217.07850646972656,217.14999389648438,217.07850646972656,217.14999389648438,217.14999389648438,2002
2021-08-16-12-48-00 GMT-0400,217.1699981689453,217.18499755859375,217.1199951171875,217.1300048828125,217.1300048828125,2707
2021-08-16-12-49-00 GMT-0400,217.13999938964844,217.13999938964844,217.07000732421875,217.07000732421875,217.07000732421875,906
2021-08-16-12-50-00 GMT-0400,217.0749969482422,217.13380432128906,217.0749969482422,217.1199951171875,217.1199951171875,1395
2021-08-16-12-51-00 GMT-0400,217.1199951171875,217.22999572753906,217.1199951171875,217.19000244140625,217.19000244140625,2585
2021-08-16-12-52-00 GMT-0400,217.1699981689453,217.1699981689453,217.14999389648438,217.14999389648438,217.14999389648438,546
2021-08-16-12-53-00 GMT-0400,217.17999267578125,217.19000244140625,217.16000366210938,217.16000366210938,217.16000366210938,1253
2021-08-16-12-54-00 GMT-0400,217.1699981689453,217.17999267578125,217.1300048828125,217.1300048828125,217.1300048828125,3032
2021-08-16-12-55-00 GMT-0400,217.10769653320312,217.14999389648438,217.08999633789062,217.13999938964844,217.13999938964844,2315
2021-08-16-12-56-00 GMT-0400,217.18499755859375,217.18499755859375,217.18499755859375,217.18499755859375,217.18499755859375,384
2021-08-16-12-57-00 GMT-0400,217.1999969482422,217.24000549316406,217.19000244140625,217.24000549316406,217.24000549316406,3909
2021-08-16-12-58-00 GMT-0400,217.25,217.25,217.1999969482422,217.1999969482422,217.1999969482422,2597
2021-08-16-12-59-00 GMT-0400,217.1699981689453,217.17999267578125,217.13499450683594,217.1699981689453,217.1699981689453,1442
2021-08-16-13-00-00 GMT-0400,217.1199951171875,217.1199951171875,217.0500030517578,217.0500030517578,217.0500030517578,2232
2021-08-16-13-01-00 GMT-0400,217.00999450683594,217.0500030517578,217.00999450683594,217.0386962890625,217.0386962890625,1348
2021-08-16-13-03-00 GMT-0400,217.10000610351562,217.11000061035156,217.05999755859375,217.08999633789062,217.08999633789062,2022
2021-08-16-13-04-00 GMT-0400,217.10000610351562,217.10000610351562,217.0399932861328,217.0800018310547,217.0800018310547,1569
2021-08-16-13-05-00 GMT-0400,217.0399932861328,217.0500030517578,216.9499969482422,217.00999450683594,217.00999450683594,2386
2021-08-16-13-06-00 GMT-0400,217.02999877929688,217.15499877929688,217.02999877929688,217.15499877929688,217.15499877929688,1809
2021-08-16-13-07-00 GMT-0400,217.18499755859375,217.1999969482422,217.13009643554688,217.16290283203125,217.16290283203125,2394
2021-08-16-13-08-00 GMT-0400,217.1300048828125,217.13999938964844,217.11000061035156,217.13999938964844,217.13999938964844,2945
2021-08-16-13-09-00 GMT-0400,217.08999633789062,217.2180938720703,217.08999633789062,217.2180938720703,217.2180938720703,2771
2021-08-16-13-10-00 GMT-0400,217.22000122070312,217.22000122070312,217.1300048828125,217.1300048828125,217.1300048828125,1415
2021-08-16-13-11-00 GMT-0400,217.125,217.125,217.07350158691406,217.10000610351562,217.10000610351562,1180
2021-08-16-13-12-00 GMT-0400,217.1300048828125,217.1580047607422,217.11000061035156,217.1580047607422,217.1580047607422,1075
2021-08-16-13-13-00 GMT-0400,217.14999389648438,217.14999389648438,217.1300048828125,217.14999389648438,217.14999389648438,1903
2021-08-16-13-14-00 GMT-0400,217.13999938964844,217.1999969482422,217.13999938964844,217.17999267578125,217.17999267578125,1509
2021-08-16-13-15-00 GMT-0400,217.19000244140625,217.3300018310547,217.19000244140625,217.30999755859375,217.30999755859375,3090
2021-08-16-13-16-00 GMT-0400,217.30999755859375,217.32000732421875,217.25999450683594,217.2899932861328,217.2899932861328,1727
2021-08-16-13-17-00 GMT-0400,217.22999572753906,217.35000610351562,217.22999572753906,217.35000610351562,217.35000610351562,1277
2021-08-16-13-18-00 GMT-0400,217.32000732421875,217.32000732421875,217.22999572753906,217.22999572753906,217.22999572753906,3119
2021-08-16-13-19-00 GMT-0400,217.24000549316406,217.3022003173828,217.22000122070312,217.28990173339844,217.28990173339844,3234
2021-08-16-13-20-00 GMT-0400,217.27000427246094,217.27000427246094,217.1999969482422,217.1999969482422,217.1999969482422,1396
2021-08-16-13-21-00 GMT-0400,217.16000366210938,217.17860412597656,217.1300048828125,217.1300048828125,217.1300048828125,1141
2021-08-16-13-22-00 GMT-0400,217.13999938964844,217.25120544433594,217.13999938964844,217.22999572753906,217.22999572753906,1657
2021-08-16-13-23-00 GMT-0400,217.22999572753906,217.22999572753906,217.0800018310547,217.0800018310547,217.0800018310547,2205
2021-08-16-13-24-00 GMT-0400,217.1199951171875,217.1300048828125,217.0800018310547,217.0800018310547,217.0800018310547,1338
2021-08-16-13-25-00 GMT-0400,217.13299560546875,217.15460205078125,217.12100219726562,217.15460205078125,217.15460205078125,1756
2021-08-16-13-26-00 GMT-0400,217.2100067138672,217.2100067138672,217.10000610351562,217.10000610351562,217.10000610351562,7215
2021-08-16-13-27-00 GMT-0400,217.1262969970703,217.2100067138672,217.1262969970703,217.1999969482422,217.1999969482422,1374
2021-08-16-13-28-00 GMT-0400,217.22999572753906,217.22999572753906,217.17999267578125,217.20989990234375,217.20989990234375,1498
2021-08-16-13-29-00 GMT-0400,217.11000061035156,217.1300048828125,217.11000061035156,217.1300048828125,217.1300048828125,1253
2021-08-16-13-30-00 GMT-0400,217.1300048828125,217.1300048828125,217.06500244140625,217.06500244140625,217.06500244140625,7072
2021-08-16-13-31-00 GMT-0400,217.0500030517578,217.05999755859375,217.02000427246094,217.0500030517578,217.0500030517578,3108
2021-08-16-13-32-00 GMT-0400,217.02999877929688,217.0399932861328,216.9199981689453,216.97500610351562,216.97500610351562,6756
2021-08-16-13-33-00 GMT-0400,217.0,217.0,216.87100219726562,216.90130615234375,216.90130615234375,2590
2021-08-16-13-34-00 GMT-0400,216.9199981689453,217.0,216.9199981689453,217.0,217.0,1550
2021-08-16-13-35-00 GMT-0400,217.02999877929688,217.0449981689453,217.0,217.03500366210938,217.03500366210938,2925
2021-08-16-13-36-00 GMT-0400,217.04200744628906,217.04200744628906,216.99000549316406,216.99000549316406,216.99000549316406,1415
2021-08-16-13-37-00 GMT-0400,216.97000122070312,216.97000122070312,216.8699951171875,216.87559509277344,216.87559509277344,1789
2021-08-16-13-38-00 GMT-0400,216.89999389648438,216.91990661621094,216.85499572753906,216.85499572753906,216.85499572753906,1687
2021-08-16-13-39-00 GMT-0400,216.8300018310547,216.86000061035156,216.80999755859375,216.83999633789062,216.83999633789062,2638
2021-08-16-13-40-00 GMT-0400,216.8699951171875,216.92999267578125,216.8699951171875,216.9149932861328,216.9149932861328,3168
2021-08-16-13-41-00 GMT-0400,216.91000366210938,216.9499969482422,216.8455047607422,216.8455047607422,216.8455047607422,5187
2021-08-16-13-42-00 GMT-0400,216.83999633789062,216.85000610351562,216.80999755859375,216.80999755859375,216.80999755859375,3064
2021-08-16-13-43-00 GMT-0400,216.7899932861328,216.86000061035156,216.7899932861328,216.83999633789062,216.83999633789062,4898
2021-08-16-13-44-00 GMT-0400,216.8300018310547,216.8426055908203,216.75999450683594,216.75999450683594,216.75999450683594,3334
2021-08-16-13-45-00 GMT-0400,216.75,216.77999877929688,216.74989318847656,216.77999877929688,216.77999877929688,5763
2021-08-16-13-46-00 GMT-0400,216.77999877929688,216.82000732421875,216.60000610351562,216.60000610351562,216.60000610351562,4905
2021-08-16-13-47-00 GMT-0400,216.55999755859375,216.5666046142578,216.52999877929688,216.5449981689453,216.5449981689453,2791
2021-08-16-13-48-00 GMT-0400,216.5399932861328,216.625,216.53640747070312,216.625,216.625,2746
2021-08-16-13-49-00 GMT-0400,216.61000061035156,216.6199951171875,216.5399932861328,216.6199951171875,216.6199951171875,2678
2021-08-16-13-50-00 GMT-0400,216.658203125,216.69410705566406,216.6199951171875,216.66000366210938,216.66000366210938,5372
2021-08-16-13-51-00 GMT-0400,216.64999389648438,216.64999389648438,216.52000427246094,216.52999877929688,216.52999877929688,2032
2021-08-16-13-52-00 GMT-0400,216.61000061035156,216.61000061035156,216.61000061035156,216.61000061035156,216.61000061035156,519
2021-08-16-13-53-00 GMT-0400,216.6697998046875,216.69000244140625,216.66000366210938,216.6750030517578,216.6750030517578,2329
2021-08-16-13-54-00 GMT-0400,216.69000244140625,216.77000427246094,216.6562957763672,216.70899963378906,216.70899963378906,5218
2021-08-16-13-55-00 GMT-0400,216.67999267578125,216.75,216.6300048828125,216.718994140625,216.718994140625,5222
2021-08-16-13-56-00 GMT-0400,216.69039916992188,216.6999969482422,216.58999633789062,216.64999389648438,216.64999389648438,4289
2021-08-16-13-57-00 GMT-0400,216.64999389648438,216.69000244140625,216.5800018310547,216.64999389648438,216.64999389648438,5134
2021-08-16-13-58-00 GMT-0400,216.64999389648438,216.64999389648438,216.60000610351562,216.6300048828125,216.6300048828125,6443
2021-08-16-13-59-00 GMT-0400,216.60000610351562,216.65499877929688,216.60000610351562,216.64999389648438,216.64999389648438,4270
2021-08-16-14-00-00 GMT-0400,216.64999389648438,216.72999572753906,216.64999389648438,216.6999969482422,216.6999969482422,3455
2021-08-16-14-01-00 GMT-0400,216.66000366210938,216.66000366210938,216.5,216.55999755859375,216.55999755859375,5729
2021-08-16-14-02-00 GMT-0400,216.56500244140625,216.66000366210938,216.55999755859375,216.64999389648438,216.64999389648438,6103
2021-08-16-14-03-00 GMT-0400,216.63999938964844,216.64999389648438,216.53050231933594,216.61000061035156,216.61000061035156,14574
2021-08-16-14-04-00 GMT-0400,216.59500122070312,216.77999877929688,216.59500122070312,216.77999877929688,216.77999877929688,3164
2021-08-16-14-05-00 GMT-0400,216.76499938964844,216.80999755859375,216.75999450683594,216.75999450683594,216.75999450683594,2714
2021-08-16-14-06-00 GMT-0400,216.75,216.85000610351562,216.7449951171875,216.83999633789062,216.83999633789062,4286
2021-08-16-14-07-00 GMT-0400,216.86399841308594,216.97000122070312,216.85499572753906,216.94630432128906,216.94630432128906,5110
2021-08-16-14-08-00 GMT-0400,216.96499633789062,217.0399932861328,216.9600067138672,217.02999877929688,217.02999877929688,8183
2021-08-16-14-09-00 GMT-0400,217.02000427246094,217.03179931640625,216.97999572753906,216.97999572753906,216.97999572753906,3188
2021-08-16-14-10-00 GMT-0400,216.9720001220703,216.9720001220703,216.91000366210938,216.92999267578125,216.92999267578125,3144
2021-08-16-14-11-00 GMT-0400,216.9199981689453,216.9600067138672,216.89999389648438,216.89999389648438,216.89999389648438,2925
2021-08-16-14-12-00 GMT-0400,216.8699951171875,216.9600067138672,216.8699951171875,216.9600067138672,216.9600067138672,2067
2021-08-16-14-13-00 GMT-0400,217.0189971923828,217.0189971923828,216.97000122070312,216.97000122070312,216.97000122070312,1214
2021-08-16-14-14-00 GMT-0400,217.06370544433594,217.07000732421875,217.0399932861328,217.07000732421875,217.07000732421875,2644
2021-08-16-14-15-00 GMT-0400,217.07000732421875,217.1199951171875,217.0500030517578,217.1199951171875,217.1199951171875,4771
2021-08-16-14-16-00 GMT-0400,217.1699981689453,217.17999267578125,217.1699981689453,217.17999267578125,217.17999267578125,1424
2021-08-16-14-17-00 GMT-0400,217.16000366210938,217.16000366210938,216.97000122070312,216.97000122070312,216.97000122070312,5159
2021-08-16-14-18-00 GMT-0400,216.97000122070312,217.07000732421875,216.9499969482422,217.07000732421875,217.07000732421875,3763
2021-08-16-14-19-00 GMT-0400,217.0500030517578,217.0500030517578,217.02999877929688,217.02999877929688,217.02999877929688,3893
2021-08-16-14-20-00 GMT-0400,216.9499969482422,216.9499969482422,216.82000732421875,216.82000732421875,216.82000732421875,3198
2021-08-16-14-21-00 GMT-0400,216.8300018310547,216.8300018310547,216.7899932861328,216.80999755859375,216.80999755859375,1941
2021-08-16-14-22-00 GMT-0400,216.8249969482422,216.8249969482422,216.74000549316406,216.74000549316406,216.74000549316406,2683
2021-08-16-14-23-00 GMT-0400,216.75,216.7899932861328,216.74000549316406,216.7899932861328,216.7899932861328,2815
2021-08-16-14-24-00 GMT-0400,216.75010681152344,216.81900024414062,216.75010681152344,216.81900024414062,216.81900024414062,1561
2021-08-16-14-25-00 GMT-0400,216.83999633789062,216.8699951171875,216.8000030517578,216.8699951171875,216.8699951171875,2582
2021-08-16-14-26-00 GMT-0400,216.85000610351562,216.85000610351562,216.8000030517578,216.8000030517578,216.8000030517578,4111
2021-08-16-14-27-00 GMT-0400,216.80999755859375,216.82000732421875,216.72000122070312,216.7949981689453,216.7949981689453,5862
2021-08-16-14-28-00 GMT-0400,216.77000427246094,216.82000732421875,216.77000427246094,216.8000030517578,216.8000030517578,2496
2021-08-16-14-29-00 GMT-0400,216.8000030517578,216.8000030517578,216.73500061035156,216.77999877929688,216.77999877929688,3334
2021-08-16-14-30-00 GMT-0400,216.8000030517578,216.84500122070312,216.77999877929688,216.7899932861328,216.7899932861328,5686
2021-08-16-14-31-00 GMT-0400,216.77000427246094,216.8300018310547,216.75,216.82000732421875,216.82000732421875,3503
2021-08-16-14-32-00 GMT-0400,216.83999633789062,216.89999389648438,216.83999633789062,216.8883056640625,216.8883056640625,2295
2021-08-16-14-33-00 GMT-0400,216.88999938964844,216.9427947998047,216.8699951171875,216.9427947998047,216.9427947998047,3528
2021-08-16-14-34-00 GMT-0400,216.9499969482422,216.99000549316406,216.9199981689453,216.92999267578125,216.92999267578125,9791
2021-08-16-14-35-00 GMT-0400,216.9499969482422,216.9499969482422,216.8699951171875,216.88499450683594,216.88499450683594,4474
2021-08-16-14-36-00 GMT-0400,216.89999389648438,216.9199981689453,216.88999938964844,216.9199981689453,216.9199981689453,2587
2021-08-16-14-37-00 GMT-0400,216.9499969482422,217.02999877929688,216.94500732421875,217.00999450683594,217.00999450683594,4258
2021-08-16-14-38-00 GMT-0400,216.99000549316406,216.99000549316406,216.89999389648438,216.9199981689453,216.9199981689453,5831
2021-08-16-14-39-00 GMT-0400,216.92999267578125,216.92999267578125,216.89999389648438,216.91000366210938,216.91000366210938,3162
2021-08-16-14-40-00 GMT-0400,216.88999938964844,216.88999938964844,216.7899932861328,216.83999633789062,216.83999633789062,4714
2021-08-16-14-41-00 GMT-0400,216.80999755859375,216.8300018310547,216.7899932861328,216.8000030517578,216.8000030517578,3921
2021-08-16-14-42-00 GMT-0400,216.77999877929688,216.81500244140625,216.7100067138672,216.81500244140625,216.81500244140625,8801
2021-08-16-14-43-00 GMT-0400,216.8300018310547,216.8300018310547,216.7449951171875,216.8300018310547,216.8300018310547,8026
2021-08-16-14-44-00 GMT-0400,216.8300018310547,216.88999938964844,216.8300018310547,216.87969970703125,216.87969970703125,7178
2021-08-16-14-45-00 GMT-0400,216.88999938964844,216.88999938964844,216.8699951171875,216.8800048828125,216.8800048828125,4005
2021-08-16-14-46-00 GMT-0400,216.85000610351562,216.93499755859375,216.83999633789062,216.93089294433594,216.93089294433594,6817
2021-08-16-14-47-00 GMT-0400,216.9499969482422,217.0,216.94000244140625,216.97999572753906,216.97999572753906,4728
2021-08-16-14-48-00 GMT-0400,216.9600067138672,217.02999877929688,216.9499969482422,216.98500061035156,216.98500061035156,6218
2021-08-16-14-49-00 GMT-0400,217.0,217.0399932861328,217.0,217.0399932861328,217.0399932861328,2082
2021-08-16-14-50-00 GMT-0400,217.05499267578125,217.10499572753906,217.0399932861328,217.0800018310547,217.0800018310547,5762
2021-08-16-14-51-00 GMT-0400,217.0800018310547,217.17999267578125,217.0800018310547,217.17999267578125,217.17999267578125,2905
2021-08-16-14-52-00 GMT-0400,217.1999969482422,217.23500061035156,217.16000366210938,217.23500061035156,217.23500061035156,6202
2021-08-16-14-53-00 GMT-0400,217.24000549316406,217.32000732421875,217.2100067138672,217.30999755859375,217.30999755859375,4905
2021-08-16-14-54-00 GMT-0400,217.3300018310547,217.3300018310547,217.25999450683594,217.27000427246094,217.27000427246094,5105
2021-08-16-14-55-00 GMT-0400,217.25999450683594,217.32000732421875,217.22999572753906,217.32000732421875,217.32000732421875,6546
2021-08-16-14-56-00 GMT-0400,217.35000610351562,217.3511962890625,217.27999877929688,217.32000732421875,217.32000732421875,7405
2021-08-16-14-57-00 GMT-0400,217.27999877929688,217.33999633789062,217.25999450683594,217.30999755859375,217.30999755859375,3385
2021-08-16-14-58-00 GMT-0400,217.32000732421875,217.32000732421875,217.25,217.25999450683594,217.25999450683594,4704
2021-08-16-14-59-00 GMT-0400,217.2550048828125,217.3300018310547,217.24000549316406,217.32000732421875,217.32000732421875,3089
2021-08-16-15-00-00 GMT-0400,217.32000732421875,217.35000610351562,217.2996063232422,217.3249969482422,217.3249969482422,2708
2021-08-16-15-01-00 GMT-0400,217.3000030517578,217.3000030517578,217.22000122070312,217.22999572753906,217.22999572753906,3545
2021-08-16-15-02-00 GMT-0400,217.2100067138672,217.23500061035156,217.2100067138672,217.22000122070312,217.22000122070312,1354
2021-08-16-15-03-00 GMT-0400,217.2100067138672,217.2100067138672,217.14999389648438,217.2100067138672,217.2100067138672,6429
2021-08-16-15-04-00 GMT-0400,217.17999267578125,217.19000244140625,217.16000366210938,217.1750030517578,217.1750030517578,3078
2021-08-16-15-05-00 GMT-0400,217.16009521484375,217.18499755859375,217.07000732421875,217.07000732421875,217.07000732421875,3838
2021-08-16-15-06-00 GMT-0400,217.0800018310547,217.08999633789062,217.0500030517578,217.08999633789062,217.08999633789062,3334
2021-08-16-15-07-00 GMT-0400,217.08999633789062,217.0933074951172,217.0500030517578,217.08999633789062,217.08999633789062,5841
2021-08-16-15-08-00 GMT-0400,217.07000732421875,217.16000366210938,217.07000732421875,217.11000061035156,217.11000061035156,3044
2021-08-16-15-09-00 GMT-0400,217.1199951171875,217.1199951171875,217.0399932861328,217.08999633789062,217.08999633789062,3634
2021-08-16-15-10-00 GMT-0400,217.08999633789062,217.08999633789062,217.0500030517578,217.08999633789062,217.08999633789062,3277
2021-08-16-15-11-00 GMT-0400,217.1199951171875,217.23260498046875,217.1199951171875,217.23260498046875,217.23260498046875,4118
2021-08-16-15-12-00 GMT-0400,217.25999450683594,217.35000610351562,217.24000549316406,217.33999633789062,217.33999633789062,3753
2021-08-16-15-13-00 GMT-0400,217.33999633789062,217.36000061035156,217.2899932861328,217.35000610351562,217.35000610351562,4536
2021-08-16-15-14-00 GMT-0400,217.35499572753906,217.36000061035156,217.3300018310547,217.35499572753906,217.35499572753906,2326
2021-08-16-15-15-00 GMT-0400,217.33999633789062,217.33999633789062,217.24000549316406,217.29159545898438,217.29159545898438,6774
2021-08-16-15-16-00 GMT-0400,217.27000427246094,217.27000427246094,217.22000122070312,217.23500061035156,217.23500061035156,3784
2021-08-16-15-17-00 GMT-0400,217.25999450683594,217.3800048828125,217.25999450683594,217.34500122070312,217.34500122070312,5484
2021-08-16-15-18-00 GMT-0400,217.3300018310547,217.3511962890625,217.3300018310547,217.3350067138672,217.3350067138672,3463
2021-08-16-15-19-00 GMT-0400,217.35000610351562,217.4199981689453,217.35000610351562,217.38999938964844,217.38999938964844,3581
2021-08-16-15-20-00 GMT-0400,217.4199981689453,217.5399932861328,217.4053955078125,217.49000549316406,217.49000549316406,6449
2021-08-16-15-21-00 GMT-0400,217.47000122070312,217.5,217.38999938964844,217.5,217.5,5232
2021-08-16-15-22-00 GMT-0400,217.47000122070312,217.47000122070312,217.3000030517578,217.3300018310547,217.3300018310547,4207
2021-08-16-15-23-00 GMT-0400,217.3345947265625,217.3798065185547,217.3345947265625,217.3509979248047,217.3509979248047,3585
2021-08-16-15-24-00 GMT-0400,217.35000610351562,217.3800048828125,217.3240966796875,217.3800048828125,217.3800048828125,6575
2021-08-16-15-25-00 GMT-0400,217.3800048828125,217.38999938964844,217.30499267578125,217.30499267578125,217.30499267578125,4068
2021-08-16-15-26-00 GMT-0400,217.25999450683594,217.27499389648438,217.22000122070312,217.22000122070312,217.22000122070312,2586
2021-08-16-15-27-00 GMT-0400,217.17999267578125,217.17999267578125,217.1300048828125,217.16000366210938,217.16000366210938,3681
2021-08-16-15-28-00 GMT-0400,217.16000366210938,217.17999267578125,217.15499877929688,217.16000366210938,217.16000366210938,2291
2021-08-16-15-29-00 GMT-0400,217.15499877929688,217.22000122070312,217.15499877929688,217.22000122070312,217.22000122070312,3596
2021-08-16-15-30-00 GMT-0400,217.22000122070312,217.22000122070312,217.0800018310547,217.125,217.125,9610
2021-08-16-15-31-00 GMT-0400,217.0800018310547,217.28500366210938,217.0800018310547,217.27000427246094,217.27000427246094,4438
2021-08-16-15-32-00 GMT-0400,217.27499389648438,217.33999633789062,217.25,217.33999633789062,217.33999633789062,3182
2021-08-16-15-33-00 GMT-0400,217.3426971435547,217.47000122070312,217.3426971435547,217.47000122070312,217.47000122070312,6591
2021-08-16-15-34-00 GMT-0400,217.47000122070312,217.5500030517578,217.4600067138672,217.5399932861328,217.5399932861328,7555
2021-08-16-15-35-00 GMT-0400,217.5500030517578,217.63999938964844,217.5500030517578,217.63999938964844,217.63999938964844,7530
2021-08-16-15-36-00 GMT-0400,217.6199951171875,217.6199951171875,217.5399932861328,217.5800018310547,217.5800018310547,6842
2021-08-16-15-37-00 GMT-0400,217.58999633789062,217.61500549316406,217.5,217.5,217.5,6551
2021-08-16-15-38-00 GMT-0400,217.49000549316406,217.5800018310547,217.42999267578125,217.5800018310547,217.5800018310547,4839
2021-08-16-15-39-00 GMT-0400,217.57000732421875,217.5749969482422,217.44000244140625,217.44000244140625,217.44000244140625,7860
2021-08-16-15-40-00 GMT-0400,217.49000549316406,217.4949951171875,217.4199981689453,217.44000244140625,217.44000244140625,5018
2021-08-16-15-41-00 GMT-0400,217.44000244140625,217.4600067138672,217.16000366210938,217.28500366210938,217.28500366210938,31700
2021-08-16-15-42-00 GMT-0400,217.27999877929688,217.36000061035156,217.25,217.33999633789062,217.33999633789062,8694
2021-08-16-15-43-00 GMT-0400,217.32000732421875,217.36000061035156,217.2899932861328,217.36000061035156,217.36000061035156,4157
2021-08-16-15-44-00 GMT-0400,217.36000061035156,217.42999267578125,217.36000061035156,217.38119506835938,217.38119506835938,6005
2021-08-16-15-45-00 GMT-0400,217.41000366210938,217.47999572753906,217.3800048828125,217.3800048828125,217.3800048828125,7105
2021-08-16-15-46-00 GMT-0400,217.4199981689453,217.4600067138672,217.41000366210938,217.4499969482422,217.4499969482422,5708
2021-08-16-15-47-00 GMT-0400,217.44000244140625,217.47000122070312,217.4199981689453,217.4499969482422,217.4499969482422,5244
2021-08-16-15-48-00 GMT-0400,217.44000244140625,217.4600067138672,217.38999938964844,217.40499877929688,217.40499877929688,10362
2021-08-16-15-49-00 GMT-0400,217.38999938964844,217.38999938964844,217.27000427246094,217.3000030517578,217.3000030517578,9095
2021-08-16-15-50-00 GMT-0400,217.36000061035156,217.42999267578125,217.2899932861328,217.42999267578125,217.42999267578125,7183
2021-08-16-15-51-00 GMT-0400,217.4149932861328,217.55999755859375,217.41000366210938,217.5500030517578,217.5500030517578,10460
2021-08-16-15-52-00 GMT-0400,217.55999755859375,217.6199951171875,217.50999450683594,217.61000061035156,217.61000061035156,9703
2021-08-16-15-53-00 GMT-0400,217.60000610351562,217.60000610351562,217.47999572753906,217.50999450683594,217.50999450683594,17655
2021-08-16-15-54-00 GMT-0400,217.50999450683594,217.50999450683594,217.44000244140625,217.47000122070312,217.47000122070312,12080
2021-08-16-15-55-00 GMT-0400,217.46499633789062,217.61000061035156,217.46499633789062,217.5800018310547,217.5800018310547,16458
2021-08-16-15-56-00 GMT-0400,217.5800018310547,217.69000244140625,217.55999755859375,217.63999938964844,217.63999938964844,18556
2021-08-16-15-57-00 GMT-0400,217.6300048828125,217.66000366210938,217.5500030517578,217.6199951171875,217.6199951171875,16905
2021-08-16-15-58-00 GMT-0400,217.6199951171875,217.64999389648438,217.57969665527344,217.58999633789062,217.58999633789062,18551
2021-08-16-15-59-00 GMT-0400,217.5500030517578,217.8000030517578,217.52000427246094,217.7100067138672,217.7100067138672,63175
2021-08-16-16-00-00 GMT-0400,217.71,217.71,216.53,216.53,216.53,783461
2021-08-16-16-01-00 GMT-0400,217.71,217.92,217.71,217.91,217.91,0
2021-08-16-16-02-00 GMT-0400,217.71,217.71,217.71,217.71,217.71,0
2021-08-16-16-03-00 GMT-0400,217.0,217.71,217.0,217.0,217.0,0
2021-08-16-16-04-00 GMT-0400,217.0,217.71,217.0,217.71,217.71,0
2021-08-16-16-05-00 GMT-0400,217.47,217.47,217.47,217.47,217.47,0
2021-08-16-16-08-00 GMT-0400,217.9,217.9,217.8,217.9,217.9,0
2021-08-16-16-10-00 GMT-0400,217.02,217.47,217.02,217.47,217.47,0
2021-08-16-16-12-00 GMT-0400,217.53,217.53,217.53,217.53,217.53,0
2021-08-16-16-13-00 GMT-0400,217.92,217.92,217.92,217.92,217.92,0
2021-08-16-16-15-00 GMT-0400,217.53,217.71,217.53,217.71,217.71,0
2021-08-16-16-21-00 GMT-0400,217.71,217.71,217.7,217.7,217.7,0
2021-08-16-16-24-00 GMT-0400,217.53,217.7,217.53,217.7,217.7,0
2021-08-16-16-25-00 GMT-0400,217.71,217.92,217.71,217.92,217.92,0
2021-08-16-16-30-00 GMT-0400,217.55,217.55,217.55,217.55,217.55,0
2021-08-16-16-37-00 GMT-0400,217.58,217.58,217.58,217.58,217.58,0
2021-08-16-16-38-00 GMT-0400,217.71,217.71,217.53,217.53,217.53,0
2021-08-16-16-41-00 GMT-0400,217.71,217.71,217.14,217.71,217.71,0
2021-08-16-16-42-00 GMT-0400,217.53,217.71,217.14,217.71,217.71,0
2021-08-16-16-44-00 GMT-0400,217.53,217.55,217.27,217.27,217.27,0
2021-08-16-16-48-00 GMT-0400,217.3,217.3,217.18,217.18,217.18,0
2021-08-16-16-49-00 GMT-0400,217.7075,217.708,217.53,217.708,217.708,0
2021-08-16-16-55-00 GMT-0400,217.53,217.53,217.2,217.2,217.2,0
2021-08-16-17-03-00 GMT-0400,217.3,217.67,217.3,217.67,217.67,0
2021-08-16-17-05-00 GMT-0400,217.61,217.61,217.61,217.61,217.61,0
2021-08-16-17-06-00 GMT-0400,217.7075,217.7075,217.61,217.61,217.61,0
2021-08-16-17-23-00 GMT-0400,217.5,217.92,217.5,217.71,217.71,0
2021-08-16-17-24-00 GMT-0400,217.62,217.62,217.5,217.5,217.5,0
2021-08-16-17-28-00 GMT-0400,217.5,217.72,217.5,217.72,217.72,0
2021-08-16-17-30-00 GMT-0400,217.55,217.55,217.51,217.51,217.51,0
2021-08-16-17-31-00 GMT-0400,217.51,217.51,217.51,217.51,217.51,0
2021-08-16-17-33-00 GMT-0400,209.53,217.5,209.53,217.5,217.5,0
2021-08-16-17-36-00 GMT-0400,217.3,217.51,217.3,217.51,217.51,0
2021-08-16-17-37-00 GMT-0400,217.4,217.4,217.4,217.4,217.4,0
2021-08-16-17-54-00 GMT-0400,217.65,217.7,217.65,217.7,217.7,0
2021-08-16-17-58-00 GMT-0400,217.81,217.81,217.81,217.81,217.81,0
2021-08-16-18-12-00 GMT-0400,217.56,217.74,217.56,217.74,217.74,0
2021-08-16-18-13-00 GMT-0400,217.69,217.69,217.69,217.69,217.69,0
2021-08-16-18-14-00 GMT-0400,217.74,217.74,217.69,217.69,217.69,0
2021-08-16-18-23-00 GMT-0400,217.74,217.74,217.74,217.74,217.74,0
2021-08-16-18-25-00 GMT-0400,217.91,217.91,217.91,217.91,217.91,0
2021-08-16-18-26-00 GMT-0400,217.9,217.92,217.9,217.92,217.92,0
2021-08-16-18-28-00 GMT-0400,217.805,217.805,217.69,217.69,217.69,0
2021-08-16-18-29-00 GMT-0400,217.835,217.835,217.835,217.835,217.835,0
2021-08-16-18-40-00 GMT-0400,217.805,217.9,217.805,217.9,217.9,0
2021-08-16-19-01-00 GMT-0400,217.3001,217.61,217.3001,217.61,217.61,0
2021-08-16-19-03-00 GMT-0400,217.57,217.6,217.3,217.3,217.3,0
2021-08-16-19-18-00 GMT-0400,217.6,217.6,217.6,217.6,217.6,0
2021-08-16-19-20-00 GMT-0400,217.6,217.6,217.51,217.51,217.51,0
