Datetime,Open,High,Low,Close,Adj Close,Volume
2022-11-17-04-42-00 GMT-0500,231.03,231.03,230.99,231.0,231.0,0
2022-11-17-05-03-00 GMT-0500,230.99,231.0,230.99,231.0,231.0,0
2022-11-17-05-09-00 GMT-0500,231.01,231.01,231.0,231.0,231.0,0
2022-11-17-05-13-00 GMT-0500,231.0,231.0,231.0,231.0,231.0,0
2022-11-17-05-14-00 GMT-0500,230.99,230.99,230.99,230.99,230.99,0
2022-11-17-05-46-00 GMT-0500,230.5,230.5,230.5,230.5,230.5,0
2022-11-17-05-50-00 GMT-0500,230.32,230.32,230.06,230.06,230.06,0
2022-11-17-05-53-00 GMT-0500,230.06,230.06,230.06,230.06,230.06,0
2022-11-17-06-29-00 GMT-0500,230.07,230.07,230.05,230.05,230.05,0
2022-11-17-06-39-00 GMT-0500,229.71,229.71,229.71,229.71,229.71,0
2022-11-17-06-49-00 GMT-0500,229.18,229.18,229.17,229.17,229.17,0
2022-11-17-06-52-00 GMT-0500,230.45,230.45,230.45,230.45,230.45,0
2022-11-17-07-00-00 GMT-0500,229.5,230.17,229.49,230.0,230.0,0
2022-11-17-07-05-00 GMT-0500,229.5,229.5,229.5,229.5,229.5,0
2022-11-17-07-07-00 GMT-0500,229.41,229.41,229.41,229.41,229.41,0
2022-11-17-07-26-00 GMT-0500,230.35,230.35,230.1,230.2,230.2,0
2022-11-17-07-35-00 GMT-0500,229.52,229.52,229.5,229.5,229.5,0
2022-11-17-07-47-00 GMT-0500,229.51,229.51,229.51,229.51,229.51,0
2022-11-17-07-54-00 GMT-0500,229.6,229.6,229.6,229.6,229.6,0
2022-11-17-08-00-00 GMT-0500,230.5,230.5,229.0,229.71,229.71,0
2022-11-17-08-02-00 GMT-0500,229.41,229.41,229.25,229.25,229.25,0
2022-11-17-08-03-00 GMT-0500,229.35,229.35,229.35,229.35,229.35,0
2022-11-17-08-04-00 GMT-0500,229.35,229.35,229.25,229.25,229.25,0
2022-11-17-08-05-00 GMT-0500,229.999,230.0,229.0,229.0,229.0,0
2022-11-17-08-06-00 GMT-0500,229.9,229.9,229.79,229.79,229.79,0
2022-11-17-08-09-00 GMT-0500,229.25,229.25,229.0,229.0,229.0,0
2022-11-17-08-11-00 GMT-0500,229.0,229.0,229.0,229.0,229.0,0
2022-11-17-08-14-00 GMT-0500,229.9485,229.9485,229.0,229.79,229.79,0
2022-11-17-08-15-00 GMT-0500,228.8602,228.8602,228.8602,228.8602,228.8602,0
2022-11-17-08-17-00 GMT-0500,229.95,229.95,228.6,229.95,229.95,0
2022-11-17-08-18-00 GMT-0500,228.6,229.8,228.6,229.8,229.8,0
2022-11-17-08-20-00 GMT-0500,228.6,228.6,228.6,228.6,228.6,0
2022-11-17-08-24-00 GMT-0500,228.81,228.81,228.6,228.6,228.6,0
2022-11-17-08-28-00 GMT-0500,229.95,229.95,229.95,229.95,229.95,0
2022-11-17-08-32-00 GMT-0500,228.6015,228.6015,228.6015,228.6015,228.6015,0
2022-11-17-08-42-00 GMT-0500,229.0,229.0,228.51,228.51,228.51,0
2022-11-17-08-43-00 GMT-0500,228.51,228.52,228.5,228.5,228.5,0
2022-11-17-08-44-00 GMT-0500,228.87,228.87,228.87,228.87,228.87,0
2022-11-17-08-47-00 GMT-0500,228.5015,228.84,228.5015,228.84,228.84,0
2022-11-17-08-48-00 GMT-0500,228.84,228.84,228.84,228.84,228.84,0
2022-11-17-08-50-00 GMT-0500,228.91,228.91,228.84,228.84,228.84,0
2022-11-17-08-51-00 GMT-0500,228.84,228.84,228.54,228.54,228.54,0
2022-11-17-08-53-00 GMT-0500,228.501,228.501,228.501,228.501,228.501,0
2022-11-17-08-54-00 GMT-0500,229.3,229.3,229.3,229.3,229.3,0
2022-11-17-08-56-00 GMT-0500,229.49,229.49,229.49,229.49,229.49,0
2022-11-17-08-58-00 GMT-0500,228.5,229.0,228.5,228.75,228.75,0
2022-11-17-09-00-00 GMT-0500,228.64,228.64,228.0,228.0,228.0,0
2022-11-17-09-01-00 GMT-0500,227.88,228.1,227.88,228.1,228.1,0
2022-11-17-09-02-00 GMT-0500,228.5,228.5,228.0,228.0,228.0,0
2022-11-17-09-04-00 GMT-0500,228.03,228.03,228.03,228.03,228.03,0
2022-11-17-09-05-00 GMT-0500,228.32,228.32,228.32,228.32,228.32,0
2022-11-17-09-06-00 GMT-0500,227.9,227.9,227.9,227.9,227.9,0
2022-11-17-09-09-00 GMT-0500,228.5,228.5,227.89,227.89,227.89,0
2022-11-17-09-14-00 GMT-0500,228.31,228.31,228.3,228.3,228.3,0
2022-11-17-09-30-00 GMT-0500,227.75,228.47999572753906,226.35000610351562,228.02000427246094,228.02000427246094,99606
2022-11-17-09-31-00 GMT-0500,227.66000366210938,228.32000732421875,226.3800048828125,226.75,226.75,44389
2022-11-17-09-32-00 GMT-0500,226.72999572753906,227.33999633789062,226.72999572753906,227.0800018310547,227.0800018310547,32748
2022-11-17-09-33-00 GMT-0500,227.23500061035156,227.62989807128906,226.91000366210938,227.07000732421875,227.07000732421875,21667
2022-11-17-09-34-00 GMT-0500,227.02000427246094,227.30999755859375,226.69000244140625,227.25999450683594,227.25999450683594,20793
2022-11-17-09-35-00 GMT-0500,227.25999450683594,227.6199951171875,226.86500549316406,227.60000610351562,227.60000610351562,22102
2022-11-17-09-36-00 GMT-0500,227.74000549316406,228.13999938964844,227.52000427246094,227.64500427246094,227.64500427246094,11323
2022-11-17-09-37-00 GMT-0500,227.55999755859375,227.75,227.39999389648438,227.7100067138672,227.7100067138672,16252
2022-11-17-09-38-00 GMT-0500,227.77000427246094,227.77000427246094,227.25,227.53500366210938,227.53500366210938,7012
2022-11-17-09-39-00 GMT-0500,227.35000610351562,227.36000061035156,227.22999572753906,227.27200317382812,227.27200317382812,6368
2022-11-17-09-40-00 GMT-0500,227.22999572753906,227.82029724121094,227.1300048828125,227.72000122070312,227.72000122070312,23693
2022-11-17-09-41-00 GMT-0500,227.80999755859375,227.9499969482422,227.5,227.72999572753906,227.72999572753906,10979
2022-11-17-09-42-00 GMT-0500,227.8300018310547,228.10000610351562,227.55999755859375,228.10000610351562,228.10000610351562,14389
2022-11-17-09-43-00 GMT-0500,228.13999938964844,228.67999267578125,228.05999755859375,228.27000427246094,228.27000427246094,8645
2022-11-17-09-44-00 GMT-0500,228.2550048828125,228.36000061035156,227.82000732421875,228.16000366210938,228.16000366210938,6075
2022-11-17-09-45-00 GMT-0500,228.02499389648438,228.27999877929688,227.79750061035156,228.27999877929688,228.27999877929688,11464
2022-11-17-09-46-00 GMT-0500,228.3800048828125,228.7899932861328,228.3800048828125,228.74000549316406,228.74000549316406,20847
2022-11-17-09-47-00 GMT-0500,228.69000244140625,228.69000244140625,228.3800048828125,228.3800048828125,228.3800048828125,8863
2022-11-17-09-48-00 GMT-0500,228.47999572753906,228.47999572753906,228.3000030517578,228.36000061035156,228.36000061035156,17014
2022-11-17-09-49-00 GMT-0500,228.38999938964844,228.8699951171875,228.3800048828125,228.75999450683594,228.75999450683594,9322
2022-11-17-09-50-00 GMT-0500,228.63999938964844,228.74000549316406,228.38389587402344,228.47000122070312,228.47000122070312,13158
2022-11-17-09-51-00 GMT-0500,228.47120666503906,228.5500030517578,228.2050018310547,228.21499633789062,228.21499633789062,7353
2022-11-17-09-52-00 GMT-0500,228.25,228.3000030517578,228.00999450683594,228.00999450683594,228.00999450683594,15629
2022-11-17-09-53-00 GMT-0500,227.89999389648438,228.2899932861328,227.89999389648438,228.07000732421875,228.07000732421875,24178
2022-11-17-09-54-00 GMT-0500,228.02999877929688,228.1750030517578,227.58999633789062,227.58999633789062,227.58999633789062,5278
2022-11-17-09-55-00 GMT-0500,227.67999267578125,227.6999969482422,227.36000061035156,227.52999877929688,227.52999877929688,9588
2022-11-17-09-56-00 GMT-0500,227.49000549316406,227.57000732421875,227.24000549316406,227.57000732421875,227.57000732421875,3764
2022-11-17-09-57-00 GMT-0500,227.52000427246094,227.52999877929688,227.10000610351562,227.19000244140625,227.19000244140625,15895
2022-11-17-09-58-00 GMT-0500,227.1999969482422,227.27999877929688,227.18240356445312,227.25,227.25,6084
2022-11-17-09-59-00 GMT-0500,227.2449951171875,227.2449951171875,226.8800048828125,227.0399932861328,227.0399932861328,11761
2022-11-17-10-00-00 GMT-0500,227.05999755859375,227.33999633789062,226.97999572753906,227.27499389648438,227.27499389648438,11725
2022-11-17-10-01-00 GMT-0500,227.28500366210938,227.55999755859375,227.25999450683594,227.5500030517578,227.5500030517578,8754
2022-11-17-10-02-00 GMT-0500,227.55999755859375,227.7550048828125,227.52999877929688,227.5500030517578,227.5500030517578,5860
2022-11-17-10-03-00 GMT-0500,227.61000061035156,227.61000061035156,227.3000030517578,227.36000061035156,227.36000061035156,4928
2022-11-17-10-04-00 GMT-0500,227.44000244140625,227.57000732421875,227.4199981689453,227.4600067138672,227.4600067138672,6255
2022-11-17-10-05-00 GMT-0500,227.4499969482422,227.47000122070312,227.28500366210938,227.3800048828125,227.3800048828125,15319
2022-11-17-10-06-00 GMT-0500,227.35000610351562,227.35000610351562,226.88999938964844,226.88999938964844,226.88999938964844,10304
2022-11-17-10-07-00 GMT-0500,226.9499969482422,227.3300018310547,226.9499969482422,227.24000549316406,227.24000549316406,6799
2022-11-17-10-08-00 GMT-0500,227.21499633789062,227.52999877929688,227.21499633789062,227.52999877929688,227.52999877929688,7512
2022-11-17-10-09-00 GMT-0500,227.44000244140625,227.75999450683594,227.44000244140625,227.4499969482422,227.4499969482422,25158
2022-11-17-10-10-00 GMT-0500,227.4499969482422,227.7100067138672,227.44000244140625,227.6750030517578,227.6750030517578,7542
2022-11-17-10-11-00 GMT-0500,227.72999572753906,227.89500427246094,227.68499755859375,227.76499938964844,227.76499938964844,5520
2022-11-17-10-12-00 GMT-0500,227.8000030517578,227.95970153808594,227.61000061035156,227.63999938964844,227.63999938964844,19077
2022-11-17-10-13-00 GMT-0500,227.7550048828125,227.97000122070312,227.7550048828125,227.97000122070312,227.97000122070312,1881
2022-11-17-10-14-00 GMT-0500,227.94000244140625,228.11000061035156,227.9250030517578,228.11000061035156,228.11000061035156,2786
2022-11-17-10-15-00 GMT-0500,228.2100067138672,228.24000549316406,227.82000732421875,227.88999938964844,227.88999938964844,10889
2022-11-17-10-16-00 GMT-0500,227.83999633789062,228.0,227.80999755859375,228.0,228.0,3231
2022-11-17-10-17-00 GMT-0500,227.97999572753906,227.97999572753906,227.3699951171875,227.3800048828125,227.3800048828125,4871
2022-11-17-10-18-00 GMT-0500,227.44000244140625,227.44000244140625,227.3000030517578,227.38999938964844,227.38999938964844,3162
2022-11-17-10-19-00 GMT-0500,227.4250030517578,227.63999938964844,227.4199981689453,227.61000061035156,227.61000061035156,5212
2022-11-17-10-20-00 GMT-0500,227.69000244140625,228.0,227.69000244140625,227.6999969482422,227.6999969482422,6196
2022-11-17-10-21-00 GMT-0500,227.74000549316406,227.77000427246094,227.4499969482422,227.46749877929688,227.46749877929688,5729
2022-11-17-10-22-00 GMT-0500,227.5,227.67999267578125,227.46749877929688,227.67999267578125,227.67999267578125,3885
2022-11-17-10-23-00 GMT-0500,227.6999969482422,227.6999969482422,227.44000244140625,227.55999755859375,227.55999755859375,6798
2022-11-17-10-24-00 GMT-0500,227.64669799804688,227.66000366210938,227.47999572753906,227.63999938964844,227.63999938964844,6679
2022-11-17-10-25-00 GMT-0500,227.61500549316406,227.69000244140625,227.53500366210938,227.66000366210938,227.66000366210938,3707
2022-11-17-10-26-00 GMT-0500,227.610107421875,228.01499938964844,227.61000061035156,228.0,228.0,11724
2022-11-17-10-27-00 GMT-0500,228.0,228.05999755859375,227.97999572753906,228.05999755859375,228.05999755859375,6724
2022-11-17-10-28-00 GMT-0500,228.0,228.13999938964844,228.0,228.07000732421875,228.07000732421875,13058
2022-11-17-10-29-00 GMT-0500,228.07000732421875,228.21499633789062,228.05999755859375,228.16000366210938,228.16000366210938,12124
2022-11-17-10-30-00 GMT-0500,228.1750030517578,228.1750030517578,227.8699951171875,227.875,227.875,12344
2022-11-17-10-31-00 GMT-0500,227.89500427246094,227.97000122070312,227.85000610351562,227.9600067138672,227.9600067138672,5767
2022-11-17-10-32-00 GMT-0500,227.9600067138672,228.07000732421875,227.91000366210938,227.91000366210938,227.91000366210938,13438
2022-11-17-10-33-00 GMT-0500,227.91000366210938,228.0,227.85000610351562,227.89999389648438,227.89999389648438,7697
2022-11-17-10-34-00 GMT-0500,227.89999389648438,227.99000549316406,227.86000061035156,227.97000122070312,227.97000122070312,5797
2022-11-17-10-35-00 GMT-0500,227.9600067138672,228.0,227.62100219726562,227.62100219726562,227.62100219726562,8722
2022-11-17-10-36-00 GMT-0500,227.58999633789062,227.625,227.57000732421875,227.57000732421875,227.57000732421875,2297
2022-11-17-10-37-00 GMT-0500,227.57000732421875,227.6649932861328,227.42999267578125,227.6649932861328,227.6649932861328,5000
2022-11-17-10-38-00 GMT-0500,227.7100067138672,227.72500610351562,227.5500030517578,227.5800018310547,227.5800018310547,7616
2022-11-17-10-39-00 GMT-0500,227.5800018310547,227.61000061035156,227.4499969482422,227.4600067138672,227.4600067138672,6189
2022-11-17-10-40-00 GMT-0500,227.5,227.52000427246094,227.22000122070312,227.3000030517578,227.3000030517578,13019
2022-11-17-10-41-00 GMT-0500,227.27999877929688,227.27999877929688,227.13999938964844,227.1699981689453,227.1699981689453,3785
2022-11-17-10-42-00 GMT-0500,227.1699981689453,227.1999969482422,226.9499969482422,227.02000427246094,227.02000427246094,9739
2022-11-17-10-43-00 GMT-0500,226.98500061035156,227.05999755859375,226.94500732421875,227.02999877929688,227.02999877929688,5992
2022-11-17-10-44-00 GMT-0500,227.02000427246094,227.02999877929688,226.81979370117188,226.85000610351562,226.85000610351562,6015
2022-11-17-10-45-00 GMT-0500,226.84500122070312,226.85000610351562,226.65499877929688,226.65499877929688,226.65499877929688,5578
2022-11-17-10-46-00 GMT-0500,226.66000366210938,226.72999572753906,226.64059448242188,226.6750030517578,226.6750030517578,4587
2022-11-17-10-47-00 GMT-0500,226.69000244140625,226.75999450683594,226.60499572753906,226.63999938964844,226.63999938964844,4644
2022-11-17-10-48-00 GMT-0500,226.69000244140625,226.69000244140625,226.58999633789062,226.60000610351562,226.60000610351562,1986
2022-11-17-10-49-00 GMT-0500,226.5800018310547,226.7899932861328,226.5800018310547,226.7899932861328,226.7899932861328,4851
2022-11-17-10-50-00 GMT-0500,226.74000549316406,226.8300018310547,226.65870666503906,226.75,226.75,6344
2022-11-17-10-51-00 GMT-0500,226.7899932861328,226.94039916992188,226.77999877929688,226.88999938964844,226.88999938964844,5958
2022-11-17-10-52-00 GMT-0500,226.88499450683594,226.88499450683594,226.60000610351562,226.64999389648438,226.64999389648438,9360
2022-11-17-10-53-00 GMT-0500,226.625,226.72999572753906,226.5500030517578,226.72999572753906,226.72999572753906,11781
2022-11-17-10-54-00 GMT-0500,226.69000244140625,226.69000244140625,226.3300018310547,226.35000610351562,226.35000610351562,8331
2022-11-17-10-55-00 GMT-0500,226.35499572753906,226.38499450683594,226.02999877929688,226.17999267578125,226.17999267578125,23014
2022-11-17-10-56-00 GMT-0500,226.22000122070312,226.25,226.1199951171875,226.13999938964844,226.13999938964844,11267
2022-11-17-10-57-00 GMT-0500,226.1699981689453,226.52000427246094,226.11000061035156,226.52000427246094,226.52000427246094,17090
2022-11-17-10-58-00 GMT-0500,226.52999877929688,226.5399932861328,226.22000122070312,226.33999633789062,226.33999633789062,12489
2022-11-17-10-59-00 GMT-0500,226.35000610351562,226.50999450683594,226.25,226.2899932861328,226.2899932861328,7732
2022-11-17-11-00-00 GMT-0500,226.2100067138672,226.4600067138672,226.2100067138672,226.4600067138672,226.4600067138672,9155
2022-11-17-11-01-00 GMT-0500,226.50999450683594,226.77999877929688,226.4600067138672,226.6300048828125,226.6300048828125,3200
2022-11-17-11-02-00 GMT-0500,226.61000061035156,226.7899932861328,226.57000732421875,226.77999877929688,226.77999877929688,4491
2022-11-17-11-03-00 GMT-0500,226.74000549316406,226.75,226.4949951171875,226.5,226.5,1880
2022-11-17-11-04-00 GMT-0500,226.52000427246094,226.5850067138672,226.39840698242188,226.50999450683594,226.50999450683594,8227
2022-11-17-11-05-00 GMT-0500,226.50999450683594,226.57000732421875,226.40499877929688,226.4499969482422,226.4499969482422,3999
2022-11-17-11-06-00 GMT-0500,226.44000244140625,226.49000549316406,226.3699951171875,226.3699951171875,226.3699951171875,4312
2022-11-17-11-07-00 GMT-0500,226.38999938964844,226.49000549316406,226.32000732421875,226.3699951171875,226.3699951171875,10059
2022-11-17-11-08-00 GMT-0500,226.32000732421875,226.32000732421875,226.1199951171875,226.13999938964844,226.13999938964844,16983
2022-11-17-11-09-00 GMT-0500,226.15499877929688,226.25999450683594,225.91000366210938,226.0500030517578,226.0500030517578,22914
2022-11-17-11-10-00 GMT-0500,226.0399932861328,226.10000610351562,225.89999389648438,226.0,226.0,10320
2022-11-17-11-11-00 GMT-0500,225.97999572753906,226.03500366210938,225.91000366210938,225.94000244140625,225.94000244140625,15017
2022-11-17-11-12-00 GMT-0500,225.97000122070312,225.99000549316406,225.50999450683594,225.57000732421875,225.57000732421875,26035
2022-11-17-11-13-00 GMT-0500,225.5399932861328,225.85499572753906,225.5399932861328,225.77999877929688,225.77999877929688,10289
2022-11-17-11-14-00 GMT-0500,225.802001953125,225.9600067138672,225.802001953125,225.9499969482422,225.9499969482422,6317
2022-11-17-11-15-00 GMT-0500,225.97000122070312,226.19000244140625,225.94000244140625,226.0,226.0,8714
2022-11-17-11-16-00 GMT-0500,226.02999877929688,226.24000549316406,226.00999450683594,226.05999755859375,226.05999755859375,6536
2022-11-17-11-17-00 GMT-0500,226.10000610351562,226.4199981689453,226.08999633789062,226.39999389648438,226.39999389648438,7265
2022-11-17-11-18-00 GMT-0500,226.35000610351562,226.42999267578125,226.3000030517578,226.35000610351562,226.35000610351562,4315
2022-11-17-11-19-00 GMT-0500,226.3300018310547,226.3800048828125,226.24000549316406,226.2675018310547,226.2675018310547,4122
2022-11-17-11-20-00 GMT-0500,226.27499389648438,226.42999267578125,226.1300048828125,226.1300048828125,226.1300048828125,5763
2022-11-17-11-21-00 GMT-0500,226.16000366210938,226.27499389648438,226.08999633789062,226.27499389648438,226.27499389648438,8597
2022-11-17-11-22-00 GMT-0500,226.22999572753906,226.27999877929688,226.0500030517578,226.1300048828125,226.1300048828125,4207
2022-11-17-11-23-00 GMT-0500,226.25999450683594,226.27999877929688,226.15499877929688,226.2100067138672,226.2100067138672,3590
2022-11-17-11-24-00 GMT-0500,226.26499938964844,226.3000030517578,226.19000244140625,226.21499633789062,226.21499633789062,4902
2022-11-17-11-25-00 GMT-0500,226.24000549316406,226.27999877929688,226.0399932861328,226.0749969482422,226.0749969482422,6825
2022-11-17-11-26-00 GMT-0500,226.14999389648438,226.16000366210938,226.0399932861328,226.08799743652344,226.08799743652344,6181
2022-11-17-11-27-00 GMT-0500,226.1199951171875,226.40499877929688,226.1199951171875,226.35499572753906,226.35499572753906,6537
2022-11-17-11-28-00 GMT-0500,226.39999389648438,226.42999267578125,226.3000030517578,226.42999267578125,226.42999267578125,3929
2022-11-17-11-29-00 GMT-0500,226.42999267578125,226.42999267578125,226.22000122070312,226.22000122070312,226.22000122070312,7037
2022-11-17-11-30-00 GMT-0500,226.25999450683594,226.36000061035156,226.19000244140625,226.27999877929688,226.27999877929688,46462
2022-11-17-11-31-00 GMT-0500,226.2899932861328,226.32000732421875,225.85000610351562,225.85000610351562,225.85000610351562,29296
2022-11-17-11-32-00 GMT-0500,225.86000061035156,226.2100067138672,225.82000732421875,226.2100067138672,226.2100067138672,11173
2022-11-17-11-33-00 GMT-0500,226.22000122070312,226.2899932861328,226.1300048828125,226.27999877929688,226.27999877929688,8320
2022-11-17-11-34-00 GMT-0500,226.27999877929688,226.3800048828125,226.27000427246094,226.33999633789062,226.33999633789062,6607
2022-11-17-11-35-00 GMT-0500,226.36990356445312,226.6699981689453,226.36000061035156,226.61099243164062,226.61099243164062,12998
2022-11-17-11-36-00 GMT-0500,226.60000610351562,226.6199951171875,226.4600067138672,226.5,226.5,9859
2022-11-17-11-37-00 GMT-0500,226.5,226.57960510253906,226.4199981689453,226.42999267578125,226.42999267578125,4717
2022-11-17-11-38-00 GMT-0500,226.47999572753906,226.61000061035156,226.47999572753906,226.52499389648438,226.52499389648438,2905
2022-11-17-11-39-00 GMT-0500,226.52999877929688,226.64999389648438,226.47999572753906,226.47999572753906,226.47999572753906,3882
2022-11-17-11-40-00 GMT-0500,226.50999450683594,226.57000732421875,226.41000366210938,226.4499969482422,226.4499969482422,5740
2022-11-17-11-41-00 GMT-0500,226.4550018310547,226.5800018310547,226.42999267578125,226.5500030517578,226.5500030517578,5018
2022-11-17-11-42-00 GMT-0500,226.57000732421875,226.7299041748047,226.57000732421875,226.6999969482422,226.6999969482422,3297
2022-11-17-11-43-00 GMT-0500,226.72999572753906,226.74000549316406,226.55999755859375,226.55999755859375,226.55999755859375,4953
2022-11-17-11-44-00 GMT-0500,226.55999755859375,226.6824951171875,226.55999755859375,226.66000366210938,226.66000366210938,2894
2022-11-17-11-45-00 GMT-0500,226.66000366210938,226.67999267578125,226.6300048828125,226.6300048828125,226.6300048828125,1250
2022-11-17-11-46-00 GMT-0500,226.66000366210938,226.9499969482422,226.61000061035156,226.9499969482422,226.9499969482422,6726
2022-11-17-11-47-00 GMT-0500,226.9600067138672,227.07000732421875,226.94000244140625,226.94000244140625,226.94000244140625,5725
2022-11-17-11-48-00 GMT-0500,227.02000427246094,227.0500030517578,226.75999450683594,226.75999450683594,226.75999450683594,6769
2022-11-17-11-49-00 GMT-0500,226.74000549316406,226.82000732421875,226.72999572753906,226.82000732421875,226.82000732421875,5626
2022-11-17-11-50-00 GMT-0500,226.7899932861328,226.80999755859375,226.65499877929688,226.67999267578125,226.67999267578125,10664
2022-11-17-11-51-00 GMT-0500,226.69000244140625,226.6999969482422,226.62139892578125,226.69000244140625,226.69000244140625,3957
2022-11-17-11-52-00 GMT-0500,226.64999389648438,226.64999389648438,226.49000549316406,226.57000732421875,226.57000732421875,8315
2022-11-17-11-53-00 GMT-0500,226.66000366210938,226.66000366210938,226.60000610351562,226.64999389648438,226.64999389648438,4216
2022-11-17-11-54-00 GMT-0500,226.6300048828125,226.6300048828125,226.49000549316406,226.49000549316406,226.49000549316406,3139
2022-11-17-11-55-00 GMT-0500,226.52000427246094,227.3000030517578,226.52000427246094,227.22000122070312,227.22000122070312,9152
2022-11-17-11-56-00 GMT-0500,227.1999969482422,227.33999633789062,227.1300048828125,227.3300018310547,227.3300018310547,3496
2022-11-17-11-57-00 GMT-0500,227.47000122070312,227.83999633789062,227.42999267578125,227.83999633789062,227.83999633789062,10953
2022-11-17-11-58-00 GMT-0500,227.9199981689453,228.1699981689453,227.9199981689453,228.02999877929688,228.02999877929688,7141
2022-11-17-11-59-00 GMT-0500,228.11500549316406,228.19000244140625,228.0500030517578,228.0500030517578,228.0500030517578,5029
2022-11-17-12-00-00 GMT-0500,228.00999450683594,228.25,228.00999450683594,228.25,228.25,4741
2022-11-17-12-01-00 GMT-0500,228.25999450683594,228.32000732421875,228.14999389648438,228.14999389648438,228.14999389648438,4687
2022-11-17-12-02-00 GMT-0500,228.16000366210938,228.36000061035156,228.16000366210938,228.36000061035156,228.36000061035156,4201
2022-11-17-12-03-00 GMT-0500,228.33999633789062,228.47000122070312,228.30999755859375,228.35000610351562,228.35000610351562,3092
2022-11-17-12-04-00 GMT-0500,228.3350067138672,228.36500549316406,228.2550048828125,228.30999755859375,228.30999755859375,4468
2022-11-17-12-05-00 GMT-0500,228.30999755859375,228.6999969482422,228.27999877929688,228.69000244140625,228.69000244140625,14338
2022-11-17-12-06-00 GMT-0500,228.69000244140625,228.7100067138672,228.57000732421875,228.625,228.625,15201
2022-11-17-12-07-00 GMT-0500,228.64999389648438,228.64999389648438,228.47000122070312,228.47000122070312,228.47000122070312,7339
2022-11-17-12-08-00 GMT-0500,228.42999267578125,228.5449981689453,228.38999938964844,228.48500061035156,228.48500061035156,4284
2022-11-17-12-09-00 GMT-0500,228.47000122070312,228.55499267578125,228.4600067138672,228.5500030517578,228.5500030517578,2065
2022-11-17-12-10-00 GMT-0500,228.60989379882812,228.64999389648438,228.5,228.58999633789062,228.58999633789062,14035
2022-11-17-12-11-00 GMT-0500,228.5800018310547,228.60000610351562,228.4199981689453,228.47000122070312,228.47000122070312,6655
2022-11-17-12-12-00 GMT-0500,228.49000549316406,228.50999450683594,228.35000610351562,228.35000610351562,228.35000610351562,3338
2022-11-17-12-13-00 GMT-0500,228.35000610351562,228.3592071533203,228.24000549316406,228.24000549316406,228.24000549316406,4332
2022-11-17-12-14-00 GMT-0500,228.24000549316406,228.27000427246094,228.16000366210938,228.22500610351562,228.22500610351562,6357
2022-11-17-12-15-00 GMT-0500,228.2449951171875,228.27000427246094,228.0449981689453,228.07000732421875,228.07000732421875,6614
2022-11-17-12-16-00 GMT-0500,228.10000610351562,228.1199951171875,228.07000732421875,228.07000732421875,228.07000732421875,2053
2022-11-17-12-17-00 GMT-0500,227.97000122070312,228.0500030517578,227.94000244140625,228.0500030517578,228.0500030517578,3094
2022-11-17-12-18-00 GMT-0500,228.0399932861328,228.1699981689453,228.02000427246094,228.1699981689453,228.1699981689453,3260
2022-11-17-12-19-00 GMT-0500,228.18499755859375,228.1999969482422,227.99000549316406,228.0,228.0,15360
2022-11-17-12-20-00 GMT-0500,227.9199981689453,228.02000427246094,227.9199981689453,228.0,228.0,3376
2022-11-17-12-21-00 GMT-0500,227.97000122070312,228.00729370117188,227.9499969482422,228.0,228.0,2848
2022-11-17-12-22-00 GMT-0500,228.00999450683594,228.02999877929688,227.89999389648438,227.89999389648438,227.89999389648438,7063
2022-11-17-12-23-00 GMT-0500,227.9199981689453,227.92999267578125,227.72000122070312,227.72000122070312,227.72000122070312,5762
2022-11-17-12-24-00 GMT-0500,227.7427978515625,227.8699951171875,227.7100067138672,227.8699951171875,227.8699951171875,5001
2022-11-17-12-25-00 GMT-0500,227.8699951171875,227.8751983642578,227.77999877929688,227.80499267578125,227.80499267578125,4814
2022-11-17-12-26-00 GMT-0500,227.80999755859375,227.9600067138672,227.80999755859375,227.9600067138672,227.9600067138672,5262
2022-11-17-12-27-00 GMT-0500,227.9600067138672,228.02000427246094,227.9600067138672,228.0,228.0,3083
2022-11-17-12-28-00 GMT-0500,227.97000122070312,228.02999877929688,227.9600067138672,228.02999877929688,228.02999877929688,1622
2022-11-17-12-29-00 GMT-0500,228.00999450683594,228.08999633789062,228.00999450683594,228.00999450683594,228.00999450683594,2823
2022-11-17-12-30-00 GMT-0500,228.02000427246094,228.25,228.00999450683594,228.2100067138672,228.2100067138672,3352
2022-11-17-12-31-00 GMT-0500,228.24000549316406,228.5800018310547,228.24000549316406,228.5449981689453,228.5449981689453,3804
2022-11-17-12-32-00 GMT-0500,228.52000427246094,228.52000427246094,228.27000427246094,228.3300018310547,228.3300018310547,4482
2022-11-17-12-33-00 GMT-0500,228.3800048828125,228.3800048828125,228.17050170898438,228.1999969482422,228.1999969482422,5496
2022-11-17-12-34-00 GMT-0500,228.16000366210938,228.17999267578125,228.11000061035156,228.11000061035156,228.11000061035156,840
2022-11-17-12-35-00 GMT-0500,228.0850067138672,228.14999389648438,228.05999755859375,228.0800018310547,228.0800018310547,4639
2022-11-17-12-36-00 GMT-0500,228.1699981689453,228.27999877929688,228.1699981689453,228.25999450683594,228.25999450683594,4269
2022-11-17-12-37-00 GMT-0500,228.25,228.3300018310547,228.2100067138672,228.28500366210938,228.28500366210938,7275
2022-11-17-12-38-00 GMT-0500,228.25999450683594,228.25999450683594,228.16000366210938,228.2100067138672,228.2100067138672,4631
2022-11-17-12-39-00 GMT-0500,228.2100067138672,228.2100067138672,228.03500366210938,228.05999755859375,228.05999755859375,6296
2022-11-17-12-40-00 GMT-0500,228.05999755859375,228.30999755859375,228.0500030517578,228.27999877929688,228.27999877929688,6128
2022-11-17-12-41-00 GMT-0500,228.2100067138672,228.27000427246094,228.17120361328125,228.25999450683594,228.25999450683594,2504
2022-11-17-12-42-00 GMT-0500,228.1699981689453,228.2899932861328,228.1699981689453,228.27999877929688,228.27999877929688,5647
2022-11-17-12-43-00 GMT-0500,228.30999755859375,228.32000732421875,228.1999969482422,228.32000732421875,228.32000732421875,2343
2022-11-17-12-44-00 GMT-0500,228.375,228.375,228.33090209960938,228.33090209960938,228.33090209960938,1029
2022-11-17-12-45-00 GMT-0500,228.3300018310547,228.52000427246094,228.3300018310547,228.52000427246094,228.52000427246094,3782
2022-11-17-12-46-00 GMT-0500,228.47000122070312,228.52000427246094,228.4499969482422,228.5,228.5,3756
2022-11-17-12-47-00 GMT-0500,228.4949951171875,228.5,228.44000244140625,228.4600067138672,228.4600067138672,2074
2022-11-17-12-48-00 GMT-0500,228.49000549316406,228.49000549316406,228.36000061035156,228.3800048828125,228.3800048828125,2255
2022-11-17-12-49-00 GMT-0500,228.33999633789062,228.42999267578125,228.2899932861328,228.4199981689453,228.4199981689453,4332
2022-11-17-12-50-00 GMT-0500,228.42999267578125,228.72999572753906,228.41000366210938,228.6699981689453,228.6699981689453,11845
2022-11-17-12-51-00 GMT-0500,228.63999938964844,228.75,228.59500122070312,228.74000549316406,228.74000549316406,4042
2022-11-17-12-52-00 GMT-0500,228.69000244140625,228.7100067138672,228.6199951171875,228.6199951171875,228.6199951171875,4655
2022-11-17-12-53-00 GMT-0500,228.64999389648438,228.66000366210938,228.50999450683594,228.50999450683594,228.50999450683594,4011
2022-11-17-12-54-00 GMT-0500,228.44000244140625,228.47000122070312,228.27999877929688,228.32000732421875,228.32000732421875,3316
2022-11-17-12-55-00 GMT-0500,228.27000427246094,228.33999633789062,228.25,228.33999633789062,228.33999633789062,5557
2022-11-17-12-56-00 GMT-0500,228.30999755859375,228.36000061035156,228.25,228.30999755859375,228.30999755859375,3163
2022-11-17-12-57-00 GMT-0500,228.30999755859375,228.33999633789062,228.24000549316406,228.2899932861328,228.2899932861328,5541
2022-11-17-12-58-00 GMT-0500,228.28500366210938,228.28500366210938,228.1999969482422,228.22000122070312,228.22000122070312,3360
2022-11-17-12-59-00 GMT-0500,228.22999572753906,228.3300018310547,228.22999572753906,228.30999755859375,228.30999755859375,5785
2022-11-17-13-00-00 GMT-0500,228.2899932861328,228.4600067138672,228.2899932861328,228.41000366210938,228.41000366210938,1737
2022-11-17-13-01-00 GMT-0500,228.4499969482422,228.66000366210938,228.44000244140625,228.63999938964844,228.63999938964844,4270
2022-11-17-13-02-00 GMT-0500,228.6199951171875,228.6199951171875,228.5399932861328,228.55499267578125,228.55499267578125,4218
2022-11-17-13-03-00 GMT-0500,228.5399932861328,228.5399932861328,228.4185028076172,228.5,228.5,4357
2022-11-17-13-04-00 GMT-0500,228.47999572753906,228.52000427246094,228.4499969482422,228.4600067138672,228.4600067138672,4671
2022-11-17-13-05-00 GMT-0500,228.49000549316406,228.60000610351562,228.4199981689453,228.49000549316406,228.49000549316406,4941
2022-11-17-13-06-00 GMT-0500,228.4600067138672,228.67999267578125,228.44000244140625,228.5850067138672,228.5850067138672,5143
2022-11-17-13-07-00 GMT-0500,228.625,228.625,228.5,228.5,228.5,1436
2022-11-17-13-08-00 GMT-0500,228.5,228.57000732421875,228.4600067138672,228.57000732421875,228.57000732421875,8076
2022-11-17-13-09-00 GMT-0500,228.5800018310547,228.6300048828125,228.5800018310547,228.61500549316406,228.61500549316406,2767
2022-11-17-13-10-00 GMT-0500,228.5800018310547,228.61000061035156,228.56500244140625,228.5800018310547,228.5800018310547,4431
2022-11-17-13-11-00 GMT-0500,228.57000732421875,228.72799682617188,228.5449981689453,228.72799682617188,228.72799682617188,3962
2022-11-17-13-12-00 GMT-0500,228.75999450683594,228.9949951171875,228.75999450683594,228.92999267578125,228.92999267578125,4272
2022-11-17-13-13-00 GMT-0500,228.9499969482422,228.9600067138672,228.8000030517578,228.82000732421875,228.82000732421875,2705
2022-11-17-13-14-00 GMT-0500,228.83999633789062,228.88499450683594,228.82000732421875,228.8800048828125,228.8800048828125,3666
2022-11-17-13-15-00 GMT-0500,228.92999267578125,229.0,228.92999267578125,228.99549865722656,228.99549865722656,2152
2022-11-17-13-16-00 GMT-0500,229.0,229.0449981689453,228.94000244140625,228.9499969482422,228.9499969482422,2688
2022-11-17-13-17-00 GMT-0500,228.9199981689453,228.9199981689453,228.7700958251953,228.83999633789062,228.83999633789062,2957
2022-11-17-13-18-00 GMT-0500,228.85000610351562,228.9250030517578,228.85000610351562,228.9199981689453,228.9199981689453,3155
2022-11-17-13-19-00 GMT-0500,228.97999572753906,229.0399932861328,228.91000366210938,228.99000549316406,228.99000549316406,3536
2022-11-17-13-20-00 GMT-0500,228.98500061035156,229.02999877929688,228.94000244140625,228.97999572753906,228.97999572753906,5700
2022-11-17-13-21-00 GMT-0500,228.9600067138672,229.0,228.9199981689453,228.94000244140625,228.94000244140625,6321
2022-11-17-13-22-00 GMT-0500,228.86000061035156,228.8800048828125,228.86000061035156,228.8800048828125,228.8800048828125,1953
2022-11-17-13-23-00 GMT-0500,228.83999633789062,228.91000366210938,228.8300018310547,228.85499572753906,228.85499572753906,2815
2022-11-17-13-24-00 GMT-0500,228.80999755859375,228.80999755859375,228.7100067138672,228.77999877929688,228.77999877929688,1085
2022-11-17-13-25-00 GMT-0500,228.6699981689453,228.85000610351562,228.66000366210938,228.77000427246094,228.77000427246094,8202
2022-11-17-13-26-00 GMT-0500,228.75999450683594,228.86000061035156,228.75,228.85499572753906,228.85499572753906,5477
2022-11-17-13-27-00 GMT-0500,228.8300018310547,228.8300018310547,228.80499267578125,228.82000732421875,228.82000732421875,1536
2022-11-17-13-28-00 GMT-0500,228.7899932861328,228.85000610351562,228.77999877929688,228.8000030517578,228.8000030517578,1793
2022-11-17-13-29-00 GMT-0500,228.76010131835938,228.8000030517578,228.67999267578125,228.8000030517578,228.8000030517578,5478
2022-11-17-13-30-00 GMT-0500,228.77999877929688,228.83999633789062,228.72999572753906,228.72999572753906,228.72999572753906,2600
2022-11-17-13-31-00 GMT-0500,228.72689819335938,228.74000549316406,228.5500030517578,228.55999755859375,228.55999755859375,2864
2022-11-17-13-32-00 GMT-0500,228.60000610351562,228.75999450683594,228.60000610351562,228.75999450683594,228.75999450683594,3333
2022-11-17-13-33-00 GMT-0500,228.6300048828125,228.6300048828125,228.61000061035156,228.6199951171875,228.6199951171875,941
2022-11-17-13-34-00 GMT-0500,228.63999938964844,228.67999267578125,228.6248016357422,228.66000366210938,228.66000366210938,2029
2022-11-17-13-35-00 GMT-0500,228.66000366210938,228.74000549316406,228.66000366210938,228.72999572753906,228.72999572753906,1540
2022-11-17-13-36-00 GMT-0500,228.72999572753906,228.8699951171875,228.72999572753906,228.8699951171875,228.8699951171875,2009
2022-11-17-13-37-00 GMT-0500,228.86000061035156,228.94000244140625,228.80999755859375,228.91000366210938,228.91000366210938,2038
2022-11-17-13-38-00 GMT-0500,228.94000244140625,229.05999755859375,228.88999938964844,228.99000549316406,228.99000549316406,2959
2022-11-17-13-39-00 GMT-0500,228.9600067138672,229.02000427246094,228.8800048828125,229.02000427246094,229.02000427246094,3043
2022-11-17-13-40-00 GMT-0500,229.00999450683594,229.00999450683594,228.9600067138672,228.99000549316406,228.99000549316406,3187
2022-11-17-13-41-00 GMT-0500,228.97999572753906,229.02000427246094,228.97999572753906,229.02000427246094,229.02000427246094,1298
2022-11-17-13-42-00 GMT-0500,229.01499938964844,229.07000732421875,229.0050048828125,229.0050048828125,229.0050048828125,6121
2022-11-17-13-43-00 GMT-0500,228.97000122070312,228.97000122070312,228.9600067138672,228.9600067138672,228.9600067138672,2563
2022-11-17-13-44-00 GMT-0500,229.00999450683594,229.02999877929688,228.99000549316406,228.99000549316406,228.99000549316406,1850
2022-11-17-13-45-00 GMT-0500,228.97999572753906,228.99000549316406,228.82000732421875,228.82000732421875,228.82000732421875,3736
2022-11-17-13-46-00 GMT-0500,228.77000427246094,228.8000030517578,228.77000427246094,228.77000427246094,228.77000427246094,2120
2022-11-17-13-47-00 GMT-0500,228.72000122070312,228.72000122070312,228.6300048828125,228.63999938964844,228.63999938964844,1457
2022-11-17-13-48-00 GMT-0500,228.51109313964844,228.66000366210938,228.50999450683594,228.64999389648438,228.64999389648438,5835
2022-11-17-13-49-00 GMT-0500,228.67999267578125,228.72999572753906,228.6199951171875,228.72000122070312,228.72000122070312,3636
2022-11-17-13-50-00 GMT-0500,228.75999450683594,228.85000610351562,228.71949768066406,228.7550048828125,228.7550048828125,3451
2022-11-17-13-51-00 GMT-0500,228.7899932861328,228.80999755859375,228.77999877929688,228.80279541015625,228.80279541015625,1755
2022-11-17-13-52-00 GMT-0500,228.8699951171875,228.91000366210938,228.69000244140625,228.69000244140625,228.69000244140625,4457
2022-11-17-13-53-00 GMT-0500,228.72999572753906,228.82000732421875,228.72000122070312,228.82000732421875,228.82000732421875,2249
2022-11-17-13-54-00 GMT-0500,228.7899932861328,228.7899932861328,228.72000122070312,228.72000122070312,228.72000122070312,1592
2022-11-17-13-55-00 GMT-0500,228.67999267578125,228.67999267578125,228.63999938964844,228.63999938964844,228.63999938964844,1939
2022-11-17-13-56-00 GMT-0500,228.64999389648438,228.64999389648438,228.52000427246094,228.6199951171875,228.6199951171875,5280
2022-11-17-13-57-00 GMT-0500,228.6699981689453,228.8800048828125,228.6699981689453,228.8800048828125,228.8800048828125,3522
2022-11-17-13-58-00 GMT-0500,228.9199981689453,229.07000732421875,228.90499877929688,229.07000732421875,229.07000732421875,2520
2022-11-17-13-59-00 GMT-0500,229.00999450683594,229.00999450683594,228.9499969482422,228.9506072998047,228.9506072998047,1113
2022-11-17-14-00-00 GMT-0500,228.99000549316406,229.1999969482422,228.99000549316406,229.1999969482422,229.1999969482422,3131
2022-11-17-14-01-00 GMT-0500,229.1699981689453,229.27000427246094,229.16000366210938,229.27000427246094,229.27000427246094,4329
2022-11-17-14-02-00 GMT-0500,229.2899932861328,229.3300018310547,229.25999450683594,229.25999450683594,229.25999450683594,1658
2022-11-17-14-03-00 GMT-0500,229.3000030517578,229.47999572753906,229.2949981689453,229.44500732421875,229.44500732421875,2413
2022-11-17-14-04-00 GMT-0500,229.42999267578125,229.4600067138672,229.3800048828125,229.3800048828125,229.3800048828125,2633
2022-11-17-14-05-00 GMT-0500,229.3699951171875,229.42999267578125,229.36000061035156,229.42999267578125,229.42999267578125,4485
2022-11-17-14-06-00 GMT-0500,229.4250030517578,229.6199951171875,229.4250030517578,229.6199951171875,229.6199951171875,4223
2022-11-17-14-07-00 GMT-0500,229.58999633789062,229.58999633789062,229.4499969482422,229.49000549316406,229.49000549316406,3538
2022-11-17-14-08-00 GMT-0500,229.5,229.5,229.4199981689453,229.44000244140625,229.44000244140625,953
2022-11-17-14-09-00 GMT-0500,229.42999267578125,229.4499969482422,229.38999938964844,229.39999389648438,229.39999389648438,1897
2022-11-17-14-10-00 GMT-0500,229.41000366210938,229.41000366210938,229.13999938964844,229.18370056152344,229.18370056152344,2524
2022-11-17-14-11-00 GMT-0500,229.12120056152344,229.1999969482422,229.02000427246094,229.0800018310547,229.0800018310547,4213
2022-11-17-14-12-00 GMT-0500,229.08999633789062,229.11000061035156,229.02000427246094,229.02999877929688,229.02999877929688,2948
2022-11-17-14-13-00 GMT-0500,229.08999633789062,229.1999969482422,229.08999633789062,229.19000244140625,229.19000244140625,4412
2022-11-17-14-14-00 GMT-0500,229.22000122070312,229.22000122070312,229.10000610351562,229.16000366210938,229.16000366210938,2853
2022-11-17-14-15-00 GMT-0500,229.14999389648438,229.14999389648438,229.02999877929688,229.02999877929688,229.02999877929688,2128
2022-11-17-14-16-00 GMT-0500,228.97999572753906,228.97999572753906,228.88999938964844,228.92999267578125,228.92999267578125,2893
2022-11-17-14-17-00 GMT-0500,228.9199981689453,228.9499969482422,228.87399291992188,228.89999389648438,228.89999389648438,2921
2022-11-17-14-18-00 GMT-0500,228.89999389648438,228.97999572753906,228.8699951171875,228.97999572753906,228.97999572753906,1976
2022-11-17-14-19-00 GMT-0500,228.91000366210938,228.92999267578125,228.8800048828125,228.92999267578125,228.92999267578125,2586
2022-11-17-14-20-00 GMT-0500,228.8800048828125,228.8800048828125,228.80999755859375,228.80999755859375,228.80999755859375,2786
2022-11-17-14-21-00 GMT-0500,228.82000732421875,228.91000366210938,228.80999755859375,228.83999633789062,228.83999633789062,5241
2022-11-17-14-22-00 GMT-0500,228.82000732421875,228.82000732421875,228.64999389648438,228.69500732421875,228.69500732421875,2126
2022-11-17-14-23-00 GMT-0500,228.6667938232422,228.8300018310547,228.6199951171875,228.8300018310547,228.8300018310547,4486
2022-11-17-14-24-00 GMT-0500,228.83999633789062,228.9199981689453,228.83999633789062,228.88999938964844,228.88999938964844,4205
2022-11-17-14-25-00 GMT-0500,228.8800048828125,228.91000366210938,228.8800048828125,228.89999389648438,228.89999389648438,1157
2022-11-17-14-26-00 GMT-0500,228.9199981689453,228.9499969482422,228.8800048828125,228.8800048828125,228.8800048828125,1925
2022-11-17-14-27-00 GMT-0500,228.88999938964844,228.9499969482422,228.8800048828125,228.94000244140625,228.94000244140625,3076
2022-11-17-14-28-00 GMT-0500,228.9600067138672,229.0,228.94000244140625,228.97999572753906,228.97999572753906,2677
2022-11-17-14-29-00 GMT-0500,229.02000427246094,229.0399932861328,228.91000366210938,228.94000244140625,228.94000244140625,2879
2022-11-17-14-30-00 GMT-0500,228.9499969482422,229.1300048828125,228.92999267578125,229.11500549316406,229.11500549316406,4157
2022-11-17-14-31-00 GMT-0500,229.1199951171875,229.2899932861328,229.1199951171875,229.2899932861328,229.2899932861328,3566
2022-11-17-14-32-00 GMT-0500,229.25,229.35000610351562,229.2449951171875,229.35000610351562,229.35000610351562,1793
2022-11-17-14-33-00 GMT-0500,229.3800048828125,229.4499969482422,229.3699951171875,229.3699951171875,229.3699951171875,3611
2022-11-17-14-34-00 GMT-0500,229.35000610351562,229.4600067138672,229.35000610351562,229.4600067138672,229.4600067138672,3676
2022-11-17-14-35-00 GMT-0500,229.47000122070312,229.5,229.42999267578125,229.44000244140625,229.44000244140625,6598
2022-11-17-14-36-00 GMT-0500,229.39999389648438,229.41000366210938,229.3000030517578,229.3000030517578,229.3000030517578,6731
2022-11-17-14-37-00 GMT-0500,229.22999572753906,229.44500732421875,229.22000122070312,229.44500732421875,229.44500732421875,4068
2022-11-17-14-38-00 GMT-0500,229.4499969482422,229.49710083007812,229.41070556640625,229.47000122070312,229.47000122070312,3799
2022-11-17-14-39-00 GMT-0500,229.4600067138672,229.5,229.4373016357422,229.47999572753906,229.47999572753906,2798
2022-11-17-14-40-00 GMT-0500,229.5,229.50999450683594,229.3300018310547,229.3300018310547,229.3300018310547,4341
2022-11-17-14-41-00 GMT-0500,229.2700958251953,229.52000427246094,229.2700958251953,229.47000122070312,229.47000122070312,2680
2022-11-17-14-42-00 GMT-0500,229.47999572753906,229.5,229.42999267578125,229.44000244140625,229.44000244140625,2509
2022-11-17-14-43-00 GMT-0500,229.41000366210938,229.4199981689453,229.32000732421875,229.32000732421875,229.32000732421875,3907
2022-11-17-14-44-00 GMT-0500,229.3000030517578,229.381103515625,229.18499755859375,229.381103515625,229.381103515625,7679
2022-11-17-14-45-00 GMT-0500,229.36000061035156,229.36000061035156,229.14999389648438,229.1699981689453,229.1699981689453,2406
2022-11-17-14-46-00 GMT-0500,229.14999389648438,229.14999389648438,229.02999877929688,229.11000061035156,229.11000061035156,5039
2022-11-17-14-47-00 GMT-0500,229.17999267578125,229.17999267578125,229.1699981689453,229.1699981689453,229.1699981689453,470
2022-11-17-14-48-00 GMT-0500,229.13999938964844,229.38999938964844,229.13999938964844,229.3800048828125,229.3800048828125,5563
2022-11-17-14-49-00 GMT-0500,229.4656982421875,229.57000732421875,229.4656982421875,229.48989868164062,229.48989868164062,4190
2022-11-17-14-50-00 GMT-0500,229.4499969482422,229.4499969482422,229.33999633789062,229.3800048828125,229.3800048828125,5000
2022-11-17-14-51-00 GMT-0500,229.4199981689453,229.47000122070312,229.40499877929688,229.40499877929688,229.40499877929688,1397
2022-11-17-14-52-00 GMT-0500,229.3800048828125,229.55499267578125,229.3800048828125,229.5449981689453,229.5449981689453,3235
2022-11-17-14-53-00 GMT-0500,229.57000732421875,229.58999633789062,229.49000549316406,229.52000427246094,229.52000427246094,2574
2022-11-17-14-54-00 GMT-0500,229.5749969482422,229.69000244140625,229.5449981689453,229.63999938964844,229.63999938964844,3457
2022-11-17-14-55-00 GMT-0500,229.63999938964844,229.64999389648438,229.60000610351562,229.64999389648438,229.64999389648438,2942
2022-11-17-14-56-00 GMT-0500,229.7100067138672,229.75160217285156,229.69569396972656,229.74000549316406,229.74000549316406,3700
2022-11-17-14-57-00 GMT-0500,229.71499633789062,229.71499633789062,229.66000366210938,229.67999267578125,229.67999267578125,2569
2022-11-17-14-58-00 GMT-0500,229.69000244140625,229.75,229.69000244140625,229.74000549316406,229.74000549316406,2226
2022-11-17-14-59-00 GMT-0500,229.7100067138672,229.72000122070312,229.61500549316406,229.61500549316406,229.61500549316406,2626
2022-11-17-15-00-00 GMT-0500,229.6699981689453,229.74000549316406,229.63999938964844,229.6602020263672,229.6602020263672,3702
2022-11-17-15-01-00 GMT-0500,229.72999572753906,229.75,229.60369873046875,229.60499572753906,229.60499572753906,3141
2022-11-17-15-02-00 GMT-0500,229.58999633789062,229.58999633789062,229.36000061035156,229.37210083007812,229.37210083007812,6285
2022-11-17-15-03-00 GMT-0500,229.39999389648438,229.57000732421875,229.38999938964844,229.55499267578125,229.55499267578125,3355
2022-11-17-15-04-00 GMT-0500,229.5800018310547,229.58999633789062,229.52499389648438,229.52499389648438,229.52499389648438,2733
2022-11-17-15-05-00 GMT-0500,229.43499755859375,229.6300048828125,229.4250030517578,229.6300048828125,229.6300048828125,3461
2022-11-17-15-06-00 GMT-0500,229.60000610351562,229.72999572753906,229.5500030517578,229.6699981689453,229.6699981689453,5489
2022-11-17-15-07-00 GMT-0500,229.63999938964844,229.64999389648438,229.5500030517578,229.5500030517578,229.5500030517578,4808
2022-11-17-15-08-00 GMT-0500,229.57000732421875,229.6199951171875,229.50999450683594,229.53500366210938,229.53500366210938,4663
2022-11-17-15-09-00 GMT-0500,229.4499969482422,229.4499969482422,229.35000610351562,229.36000061035156,229.36000061035156,999
2022-11-17-15-10-00 GMT-0500,229.36000061035156,229.3699951171875,229.24000549316406,229.3000030517578,229.3000030517578,4882
2022-11-17-15-11-00 GMT-0500,229.27999877929688,229.38999938964844,229.25,229.28500366210938,229.28500366210938,4716
2022-11-17-15-12-00 GMT-0500,229.27000427246094,229.27000427246094,229.1649932861328,229.22000122070312,229.22000122070312,4644
2022-11-17-15-13-00 GMT-0500,229.24000549316406,229.27999877929688,229.19000244140625,229.19000244140625,229.19000244140625,2381
2022-11-17-15-14-00 GMT-0500,229.2100067138672,229.2100067138672,229.1199951171875,229.1199951171875,229.1199951171875,1524
2022-11-17-15-15-00 GMT-0500,229.1199951171875,229.1300048828125,228.87120056152344,228.97999572753906,228.97999572753906,3925
2022-11-17-15-16-00 GMT-0500,228.97999572753906,229.08999633789062,228.94000244140625,229.0,229.0,9091
2022-11-17-15-17-00 GMT-0500,228.97999572753906,229.11000061035156,228.9600067138672,228.97999572753906,228.97999572753906,4654
2022-11-17-15-18-00 GMT-0500,229.00999450683594,229.02499389648438,228.9550018310547,229.01499938964844,229.01499938964844,2601
2022-11-17-15-19-00 GMT-0500,228.92999267578125,228.92999267578125,228.81100463867188,228.81100463867188,228.81100463867188,2310
2022-11-17-15-20-00 GMT-0500,228.80999755859375,228.80999755859375,228.6999969482422,228.71499633789062,228.71499633789062,4699
2022-11-17-15-21-00 GMT-0500,228.72999572753906,228.8350067138672,228.71420288085938,228.71420288085938,228.71420288085938,5641
2022-11-17-15-22-00 GMT-0500,228.74000549316406,228.7899932861328,228.72999572753906,228.77000427246094,228.77000427246094,4979
2022-11-17-15-23-00 GMT-0500,228.85000610351562,228.89500427246094,228.85000610351562,228.89500427246094,228.89500427246094,1859
2022-11-17-15-24-00 GMT-0500,228.89999389648438,228.89999389648438,228.80999755859375,228.82000732421875,228.82000732421875,4193
2022-11-17-15-25-00 GMT-0500,228.77999877929688,229.0500030517578,228.77999877929688,229.0500030517578,229.0500030517578,4796
2022-11-17-15-26-00 GMT-0500,229.00999450683594,229.14999389648438,228.9340057373047,229.02000427246094,229.02000427246094,8265
2022-11-17-15-27-00 GMT-0500,229.07000732421875,229.16000366210938,229.07000732421875,229.15499877929688,229.15499877929688,3245
2022-11-17-15-28-00 GMT-0500,229.14999389648438,229.19000244140625,229.1199951171875,229.14999389648438,229.14999389648438,5411
2022-11-17-15-29-00 GMT-0500,229.1699981689453,229.26499938964844,229.08999633789062,229.1699981689453,229.1699981689453,7539
2022-11-17-15-30-00 GMT-0500,229.1199951171875,229.1999969482422,229.10000610351562,229.19500732421875,229.19500732421875,4706
2022-11-17-15-31-00 GMT-0500,229.17999267578125,229.25,229.11000061035156,229.22500610351562,229.22500610351562,6926
2022-11-17-15-32-00 GMT-0500,229.2449951171875,229.2449951171875,229.11000061035156,229.1699981689453,229.1699981689453,5046
2022-11-17-15-33-00 GMT-0500,229.17999267578125,229.3000030517578,229.17999267578125,229.3000030517578,229.3000030517578,5635
2022-11-17-15-34-00 GMT-0500,229.27999877929688,229.36000061035156,229.25,229.35000610351562,229.35000610351562,7180
2022-11-17-15-35-00 GMT-0500,229.36000061035156,229.46499633789062,229.3000030517578,229.46499633789062,229.46499633789062,7676
2022-11-17-15-36-00 GMT-0500,229.4499969482422,229.49000549316406,229.39999389648438,229.4199981689453,229.4199981689453,5165
2022-11-17-15-37-00 GMT-0500,229.43499755859375,229.47999572753906,229.33999633789062,229.38499450683594,229.38499450683594,8494
2022-11-17-15-38-00 GMT-0500,229.4600067138672,229.57000732421875,229.4600067138672,229.5500030517578,229.5500030517578,4601
2022-11-17-15-39-00 GMT-0500,229.5500030517578,229.5500030517578,229.3800048828125,229.4199981689453,229.4199981689453,8599
2022-11-17-15-40-00 GMT-0500,229.44000244140625,229.6199951171875,229.4199981689453,229.5800018310547,229.5800018310547,6517
2022-11-17-15-41-00 GMT-0500,229.55999755859375,229.61500549316406,229.5500030517578,229.61500549316406,229.61500549316406,8030
2022-11-17-15-42-00 GMT-0500,229.6300048828125,229.64999389648438,229.5500030517578,229.5500030517578,229.5500030517578,5736
2022-11-17-15-43-00 GMT-0500,229.5399932861328,229.5800018310547,229.52000427246094,229.5800018310547,229.5800018310547,6217
2022-11-17-15-44-00 GMT-0500,229.5749969482422,229.5749969482422,229.50999450683594,229.50999450683594,229.50999450683594,6837
2022-11-17-15-45-00 GMT-0500,229.52000427246094,229.6999969482422,229.52000427246094,229.69000244140625,229.69000244140625,9835
2022-11-17-15-46-00 GMT-0500,229.68499755859375,229.8000030517578,229.68499755859375,229.77000427246094,229.77000427246094,14339
2022-11-17-15-47-00 GMT-0500,229.77999877929688,229.80999755859375,229.6699981689453,229.69000244140625,229.69000244140625,8028
2022-11-17-15-48-00 GMT-0500,229.75999450683594,230.08999633789062,229.75999450683594,230.08999633789062,230.08999633789062,8599
2022-11-17-15-49-00 GMT-0500,230.10000610351562,230.1999969482422,230.00999450683594,230.14999389648438,230.14999389648438,12506
2022-11-17-15-50-00 GMT-0500,230.13999938964844,230.18499755859375,229.76499938964844,229.88999938964844,229.88999938964844,12608
2022-11-17-15-51-00 GMT-0500,229.88999938964844,229.97999572753906,229.8699951171875,229.96499633789062,229.96499633789062,13841
2022-11-17-15-52-00 GMT-0500,229.9499969482422,230.14999389648438,229.94000244140625,230.0850067138672,230.0850067138672,20364
2022-11-17-15-53-00 GMT-0500,230.10000610351562,230.17999267578125,229.9199981689453,229.93499755859375,229.93499755859375,14182
2022-11-17-15-54-00 GMT-0500,229.9261932373047,229.97000122070312,229.72999572753906,229.77000427246094,229.77000427246094,16185
2022-11-17-15-55-00 GMT-0500,229.76499938964844,229.77999877929688,229.58999633789062,229.67999267578125,229.67999267578125,30013
2022-11-17-15-56-00 GMT-0500,229.6999969482422,229.8000030517578,229.63999938964844,229.74000549316406,229.74000549316406,27766
2022-11-17-15-57-00 GMT-0500,229.8000030517578,230.05999755859375,229.77999877929688,230.05999755859375,230.05999755859375,14005
2022-11-17-15-58-00 GMT-0500,230.05999755859375,230.10000610351562,229.86000061035156,230.10000610351562,230.10000610351562,26730
2022-11-17-15-59-00 GMT-0500,230.0800018310547,230.52999877929688,230.02999877929688,230.47000122070312,230.47000122070312,80574
2022-11-17-16-00-00 GMT-0500,230.44,230.44,230.33,230.44,230.44,329727
2022-11-17-16-01-00 GMT-0500,230.44,230.44,230.44,230.44,230.44,0
2022-11-17-16-08-00 GMT-0500,230.44,230.44,230.4,230.4,230.4,0
2022-11-17-16-11-00 GMT-0500,230.8,230.8,230.44,230.44,230.44,0
2022-11-17-16-15-00 GMT-0500,230.42,230.42,230.42,230.42,230.42,0
2022-11-17-16-27-00 GMT-0500,230.5,230.6,230.5,230.6,230.6,0
2022-11-17-16-35-00 GMT-0500,230.6,230.6,230.6,230.6,230.6,0
2022-11-17-16-45-00 GMT-0500,230.73,230.98,230.73,230.98,230.98,0
2022-11-17-16-47-00 GMT-0500,230.97,230.97,230.97,230.97,230.97,0
2022-11-17-16-53-00 GMT-0500,230.49,230.49,230.49,230.49,230.49,0
2022-11-17-16-54-00 GMT-0500,230.97,230.97,230.55,230.55,230.55,0
2022-11-17-16-56-00 GMT-0500,230.94,230.94,230.94,230.94,230.94,0
2022-11-17-17-31-00 GMT-0500,230.57,230.57,230.47,230.47,230.47,0
2022-11-17-18-51-00 GMT-0500,230.92,230.92,230.92,230.92,230.92,0
2022-11-17-18-59-00 GMT-0500,230.55,230.55,230.55,230.55,230.55,0
2022-11-17-19-01-00 GMT-0500,230.55,230.55,230.45,230.45,230.45,0
2022-11-17-19-02-00 GMT-0500,230.48,230.48,230.48,230.48,230.48,0
2022-11-17-19-14-00 GMT-0500,230.3,230.3,230.3,230.3,230.3,0
2022-11-17-19-33-00 GMT-0500,230.48,230.5,230.48,230.5,230.5,0
2022-11-17-19-44-00 GMT-0500,230.5,230.5,230.45,230.5,230.5,0
