Datetime,Open,High,Low,Close,Adj Close,Volume
2022-03-03-04-00-00 GMT-0500,48.53,48.53,48.53,48.53,48.53,0
2022-03-03-04-05-00 GMT-0500,48.79,48.79,48.79,48.79,48.79,0
2022-03-03-04-06-00 GMT-0500,48.78,48.78,48.77,48.77,48.77,0
2022-03-03-04-07-00 GMT-0500,48.76,48.77,48.72,48.76,48.76,0
2022-03-03-04-08-00 GMT-0500,48.74,48.76,48.74,48.76,48.76,0
2022-03-03-04-09-00 GMT-0500,48.76,48.78,48.76,48.78,48.78,0
2022-03-03-04-10-00 GMT-0500,48.66,48.66,48.59,48.59,48.59,0
2022-03-03-04-13-00 GMT-0500,48.6,48.6,48.6,48.6,48.6,0
2022-03-03-04-14-00 GMT-0500,48.67,48.67,48.67,48.67,48.67,0
2022-03-03-04-17-00 GMT-0500,48.71,48.71,48.71,48.71,48.71,0
2022-03-03-04-18-00 GMT-0500,48.67,48.67,48.61,48.61,48.61,0
2022-03-03-04-26-00 GMT-0500,48.68,48.68,48.61,48.67,48.67,0
2022-03-03-04-46-00 GMT-0500,48.7,48.71,48.7,48.71,48.71,0
2022-03-03-04-55-00 GMT-0500,48.7,48.7,48.66,48.66,48.66,0
2022-03-03-04-56-00 GMT-0500,48.66,48.68,48.66,48.68,48.68,0
2022-03-03-05-06-00 GMT-0500,48.72,48.72,48.71,48.71,48.71,0
2022-03-03-05-09-00 GMT-0500,48.62,48.65,48.61,48.61,48.61,0
2022-03-03-05-18-00 GMT-0500,48.67,48.69,48.67,48.69,48.69,0
2022-03-03-05-40-00 GMT-0500,48.64,48.64,48.64,48.64,48.64,0
2022-03-03-06-01-00 GMT-0500,48.63,48.63,48.62,48.62,48.62,0
2022-03-03-06-06-00 GMT-0500,48.62,48.62,48.61,48.61,48.61,0
2022-03-03-06-09-00 GMT-0500,48.64,48.66,48.64,48.66,48.66,0
2022-03-03-06-14-00 GMT-0500,48.66,48.7,48.66,48.7,48.7,0
2022-03-03-06-31-00 GMT-0500,48.65,48.7,48.65,48.7,48.7,0
2022-03-03-06-45-00 GMT-0500,48.64,48.64,48.6,48.62,48.62,0
2022-03-03-07-00-00 GMT-0500,48.55,48.55,48.55,48.55,48.55,0
2022-03-03-07-02-00 GMT-0500,48.6,48.62,48.6,48.62,48.62,0
2022-03-03-07-03-00 GMT-0500,48.65,48.75,48.65,48.75,48.75,0
2022-03-03-07-19-00 GMT-0500,48.73,48.73,48.73,48.73,48.73,0
2022-03-03-07-21-00 GMT-0500,48.74,48.74,48.73,48.73,48.73,0
2022-03-03-07-23-00 GMT-0500,48.73,48.75,48.73,48.74,48.74,0
2022-03-03-07-36-00 GMT-0500,48.78,48.78,48.71,48.71,48.71,0
2022-03-03-07-42-00 GMT-0500,48.77,48.77,48.73,48.73,48.73,0
2022-03-03-07-53-00 GMT-0500,48.76,48.87,48.76,48.87,48.87,0
2022-03-03-07-55-00 GMT-0500,48.82,48.82,48.82,48.82,48.82,0
2022-03-03-07-57-00 GMT-0500,48.83,48.83,48.83,48.83,48.83,0
2022-03-03-07-59-00 GMT-0500,48.98,48.98,48.83,48.88,48.88,0
2022-03-03-08-00-00 GMT-0500,48.8999,48.8999,48.6,48.86,48.86,0
2022-03-03-08-01-00 GMT-0500,48.82,48.88,48.82,48.88,48.88,0
2022-03-03-08-02-00 GMT-0500,48.84,48.93,48.82,48.82,48.82,0
2022-03-03-08-04-00 GMT-0500,48.81,48.82,48.8,48.82,48.82,0
2022-03-03-08-07-00 GMT-0500,48.92,48.93,48.92,48.93,48.93,0
2022-03-03-08-08-00 GMT-0500,48.93,48.94,48.93,48.94,48.94,0
2022-03-03-08-09-00 GMT-0500,48.93,49.09,48.93,49.0,49.0,0
2022-03-03-08-10-00 GMT-0500,49.0,49.09,49.0,49.09,49.09,0
2022-03-03-08-11-00 GMT-0500,49.13,49.3,49.13,49.3,49.3,0
2022-03-03-08-14-00 GMT-0500,49.15,49.15,49.15,49.15,49.15,0
2022-03-03-08-17-00 GMT-0500,49.14,49.14,49.14,49.14,49.14,0
2022-03-03-08-20-00 GMT-0500,49.14,49.2,49.14,49.2,49.2,0
2022-03-03-08-22-00 GMT-0500,49.14,49.1999,49.14,49.1999,49.1999,0
2022-03-03-08-23-00 GMT-0500,49.19,49.22,49.19,49.19,49.19,0
2022-03-03-08-24-00 GMT-0500,49.28,49.62,49.28,49.5,49.5,0
2022-03-03-08-25-00 GMT-0500,49.6,49.61,49.5,49.5,49.5,0
2022-03-03-08-27-00 GMT-0500,49.61,49.61,49.5,49.55,49.55,0
2022-03-03-08-28-00 GMT-0500,49.54,49.54,49.5,49.5,49.5,0
2022-03-03-08-29-00 GMT-0500,49.61,49.61,49.61,49.61,49.61,0
2022-03-03-08-30-00 GMT-0500,49.5,49.61,49.5,49.5,49.5,0
2022-03-03-08-31-00 GMT-0500,49.6,49.62,49.54,49.54,49.54,0
2022-03-03-08-32-00 GMT-0500,49.51,49.627,49.5,49.6,49.6,0
2022-03-03-08-33-00 GMT-0500,49.55,49.56,49.5,49.5,49.5,0
2022-03-03-08-34-00 GMT-0500,49.56,49.56,49.5,49.5,49.5,0
2022-03-03-08-35-00 GMT-0500,49.5,49.6,49.5,49.6,49.6,0
2022-03-03-08-37-00 GMT-0500,49.55,49.55,49.55,49.55,49.55,0
2022-03-03-08-38-00 GMT-0500,49.6,49.72,49.57,49.7,49.7,0
2022-03-03-08-40-00 GMT-0500,49.72,49.77,49.7,49.73,49.73,0
2022-03-03-08-41-00 GMT-0500,49.75,49.76,49.7,49.7,49.7,0
2022-03-03-08-42-00 GMT-0500,49.73,49.74,49.7,49.73,49.73,0
2022-03-03-08-43-00 GMT-0500,49.73,49.75,49.73,49.75,49.75,0
2022-03-03-08-44-00 GMT-0500,49.78,49.8,49.77,49.79,49.79,0
2022-03-03-08-45-00 GMT-0500,49.88,49.88,49.88,49.88,49.88,0
2022-03-03-08-46-00 GMT-0500,49.8799,49.8799,49.8799,49.8799,49.8799,0
2022-03-03-08-47-00 GMT-0500,49.8767,49.8767,49.8767,49.8767,49.8767,0
2022-03-03-08-48-00 GMT-0500,49.8,49.82,49.8,49.82,49.82,0
2022-03-03-08-49-00 GMT-0500,49.8,49.83,49.8,49.83,49.83,0
2022-03-03-08-50-00 GMT-0500,49.85,49.91,49.85,49.87,49.87,0
2022-03-03-08-51-00 GMT-0500,49.8899,49.93,49.87,49.91,49.91,0
2022-03-03-08-52-00 GMT-0500,49.91,50.16,49.91,50.01,50.01,0
2022-03-03-08-53-00 GMT-0500,50.01,50.2,50.01,50.12,50.12,0
2022-03-03-08-54-00 GMT-0500,50.03,50.03,50.03,50.03,50.03,0
2022-03-03-08-55-00 GMT-0500,50.08,50.09,50.03,50.08,50.08,0
2022-03-03-08-56-00 GMT-0500,50.04,50.07,50.0,50.06,50.06,0
2022-03-03-08-57-00 GMT-0500,50.06,50.08,50.0,50.0,50.0,0
2022-03-03-08-58-00 GMT-0500,50.0002,50.09,50.0,50.07,50.07,0
2022-03-03-08-59-00 GMT-0500,50.0,50.04,50.0,50.04,50.04,0
2022-03-03-09-00-00 GMT-0500,50.04,50.09,50.02,50.04,50.04,0
2022-03-03-09-01-00 GMT-0500,50.02,50.03,50.0,50.01,50.01,0
2022-03-03-09-02-00 GMT-0500,50.0,50.03,50.0,50.01,50.01,0
2022-03-03-09-03-00 GMT-0500,50.07,50.07,50.0,50.0,50.0,0
2022-03-03-09-04-00 GMT-0500,50.01,50.01,50.0,50.0,50.0,0
2022-03-03-09-05-00 GMT-0500,50.09,50.09,50.0,50.0,50.0,0
2022-03-03-09-06-00 GMT-0500,50.07,50.09,50.07,50.07,50.07,0
2022-03-03-09-07-00 GMT-0500,50.07,50.07,50.04,50.04,50.04,0
2022-03-03-09-08-00 GMT-0500,50.0,50.15,50.0,50.1,50.1,0
2022-03-03-09-09-00 GMT-0500,50.15,50.19,50.15,50.19,50.19,0
2022-03-03-09-10-00 GMT-0500,50.18,50.18,50.11,50.11,50.11,0
2022-03-03-09-11-00 GMT-0500,50.19,50.19,50.14,50.17,50.17,0
2022-03-03-09-12-00 GMT-0500,50.12,50.17,50.12,50.15,50.15,0
2022-03-03-09-13-00 GMT-0500,50.1,50.15,50.1,50.1,50.1,0
2022-03-03-09-14-00 GMT-0500,50.15,50.15,50.1,50.1,50.1,0
2022-03-03-09-30-00 GMT-0500,49.599998474121094,49.599998474121094,49.599998474121094,49.599998474121094,49.599998474121094,378884
2022-03-03-09-31-00 GMT-0500,49.56999969482422,49.61000061035156,49.0,49.040000915527344,49.040000915527344,92286
2022-03-03-09-32-00 GMT-0500,49.03499984741211,49.30500030517578,48.0099983215332,48.11000061035156,48.11000061035156,139268
2022-03-03-09-33-00 GMT-0500,48.08000183105469,48.45000076293945,47.970001220703125,48.290000915527344,48.290000915527344,128915
2022-03-03-09-34-00 GMT-0500,48.279998779296875,48.45000076293945,47.72999954223633,47.77000045776367,47.77000045776367,73396
2022-03-03-09-35-00 GMT-0500,47.77000045776367,48.08000183105469,47.55009841918945,48.040000915527344,48.040000915527344,68411
2022-03-03-09-36-00 GMT-0500,47.970001220703125,48.11909866333008,47.820098876953125,48.10070037841797,48.10070037841797,38327
2022-03-03-09-37-00 GMT-0500,48.09270095825195,48.220001220703125,47.900001525878906,48.040000915527344,48.040000915527344,24562
2022-03-03-09-38-00 GMT-0500,48.0099983215332,48.11970138549805,47.849998474121094,48.11970138549805,48.11970138549805,40660
2022-03-03-09-39-00 GMT-0500,48.029998779296875,48.109901428222656,47.880001068115234,47.880001068115234,47.880001068115234,36490
2022-03-03-09-40-00 GMT-0500,47.86009979248047,48.0099983215332,47.540000915527344,47.63999938964844,47.63999938964844,68488
2022-03-03-09-41-00 GMT-0500,47.58000183105469,47.91999816894531,47.56999969482422,47.90999984741211,47.90999984741211,46536
2022-03-03-09-42-00 GMT-0500,47.900001525878906,47.959999084472656,47.720001220703125,47.88999938964844,47.88999938964844,22558
2022-03-03-09-43-00 GMT-0500,47.86000061035156,47.869998931884766,47.68000030517578,47.790000915527344,47.790000915527344,32205
2022-03-03-09-44-00 GMT-0500,47.810001373291016,47.869998931884766,47.619998931884766,47.630001068115234,47.630001068115234,33556
2022-03-03-09-45-00 GMT-0500,47.63999938964844,47.720001220703125,47.48099899291992,47.66999816894531,47.66999816894531,39988
2022-03-03-09-46-00 GMT-0500,47.63999938964844,47.84000015258789,47.599998474121094,47.650001525878906,47.650001525878906,29142
2022-03-03-09-47-00 GMT-0500,47.68000030517578,47.86000061035156,47.540000915527344,47.70000076293945,47.70000076293945,47056
2022-03-03-09-48-00 GMT-0500,47.70000076293945,47.775001525878906,47.619998931884766,47.720001220703125,47.720001220703125,22709
2022-03-03-09-49-00 GMT-0500,47.66999816894531,47.84000015258789,47.619998931884766,47.63999938964844,47.63999938964844,25593
2022-03-03-09-50-00 GMT-0500,47.63999938964844,47.86000061035156,47.599998474121094,47.665000915527344,47.665000915527344,68183
2022-03-03-09-51-00 GMT-0500,47.70000076293945,47.70000076293945,47.33000183105469,47.369998931884766,47.369998931884766,72179
2022-03-03-09-52-00 GMT-0500,47.33000183105469,47.33000183105469,47.11009979248047,47.149898529052734,47.149898529052734,49986
2022-03-03-09-53-00 GMT-0500,47.11000061035156,47.15999984741211,47.060001373291016,47.099998474121094,47.099998474121094,24514
2022-03-03-09-54-00 GMT-0500,47.04999923706055,47.22999954223633,47.029998779296875,47.20000076293945,47.20000076293945,16778
2022-03-03-09-55-00 GMT-0500,47.20000076293945,47.33599853515625,47.13999938964844,47.31999969482422,47.31999969482422,16945
2022-03-03-09-56-00 GMT-0500,47.33000183105469,47.45000076293945,47.290000915527344,47.380001068115234,47.380001068115234,22162
2022-03-03-09-57-00 GMT-0500,47.369998931884766,47.369998931884766,47.02000045776367,47.08000183105469,47.08000183105469,46682
2022-03-03-09-58-00 GMT-0500,47.08000183105469,47.12990188598633,46.849998474121094,46.849998474121094,46.849998474121094,74248
2022-03-03-09-59-00 GMT-0500,46.84000015258789,46.959999084472656,46.7599983215332,46.77000045776367,46.77000045776367,81187
2022-03-03-10-00-00 GMT-0500,46.779998779296875,47.02000045776367,46.70000076293945,47.0,47.0,65303
2022-03-03-10-01-00 GMT-0500,47.01250076293945,47.349998474121094,46.90999984741211,47.34000015258789,47.34000015258789,57059
2022-03-03-10-02-00 GMT-0500,47.345298767089844,47.38999938964844,47.2400016784668,47.279998779296875,47.279998779296875,41265
2022-03-03-10-03-00 GMT-0500,47.290000915527344,47.5,47.2599983215332,47.33000183105469,47.33000183105469,45577
2022-03-03-10-04-00 GMT-0500,47.358001708984375,47.46500015258789,47.220001220703125,47.2400016784668,47.2400016784668,42243
2022-03-03-10-05-00 GMT-0500,47.22999954223633,47.22999954223633,47.06999969482422,47.06999969482422,47.06999969482422,54593
2022-03-03-10-06-00 GMT-0500,47.09000015258789,47.109901428222656,47.00510025024414,47.040000915527344,47.040000915527344,29756
2022-03-03-10-07-00 GMT-0500,47.04999923706055,47.04999923706055,46.81999969482422,46.81999969482422,46.81999969482422,31494
2022-03-03-10-08-00 GMT-0500,46.81999969482422,46.919898986816406,46.790000915527344,46.810001373291016,46.810001373291016,21047
2022-03-03-10-09-00 GMT-0500,46.810001373291016,47.029998779296875,46.810001373291016,46.90999984741211,46.90999984741211,37005
2022-03-03-10-10-00 GMT-0500,46.91999816894531,47.0099983215332,46.81999969482422,46.83000183105469,46.83000183105469,22435
2022-03-03-10-11-00 GMT-0500,46.81999969482422,46.92499923706055,46.7599983215332,46.810001373291016,46.810001373291016,40503
2022-03-03-10-12-00 GMT-0500,46.79999923706055,46.849998474121094,46.70000076293945,46.7400016784668,46.7400016784668,18045
2022-03-03-10-13-00 GMT-0500,46.75,46.79999923706055,46.689998626708984,46.720001220703125,46.720001220703125,23163
2022-03-03-10-14-00 GMT-0500,46.720001220703125,46.720001220703125,46.459999084472656,46.59000015258789,46.59000015258789,56241
2022-03-03-10-15-00 GMT-0500,46.58000183105469,46.58000183105469,46.34000015258789,46.439998626708984,46.439998626708984,70043
2022-03-03-10-16-00 GMT-0500,46.45000076293945,46.46099853515625,46.310001373291016,46.439998626708984,46.439998626708984,35699
2022-03-03-10-17-00 GMT-0500,46.439998626708984,46.54999923706055,46.400001525878906,46.4900016784668,46.4900016784668,23924
2022-03-03-10-18-00 GMT-0500,46.47999954223633,46.650001525878906,46.47999954223633,46.595001220703125,46.595001220703125,28336
2022-03-03-10-19-00 GMT-0500,46.57229995727539,46.68000030517578,46.52000045776367,46.54999923706055,46.54999923706055,20237
2022-03-03-10-20-00 GMT-0500,46.52000045776367,46.529998779296875,46.369998931884766,46.40999984741211,46.40999984741211,19625
2022-03-03-10-21-00 GMT-0500,46.43119812011719,46.43119812011719,46.08000183105469,46.18000030517578,46.18000030517578,62091
2022-03-03-10-22-00 GMT-0500,46.2052001953125,46.2599983215332,46.04999923706055,46.060001373291016,46.060001373291016,38599
2022-03-03-10-23-00 GMT-0500,46.079498291015625,46.08000183105469,45.9900016784668,46.02009963989258,46.02009963989258,92407
2022-03-03-10-24-00 GMT-0500,46.06999969482422,46.15999984741211,46.060001373291016,46.06999969482422,46.06999969482422,40949
2022-03-03-10-25-00 GMT-0500,46.06999969482422,46.119998931884766,46.029998779296875,46.09000015258789,46.09000015258789,23285
2022-03-03-10-26-00 GMT-0500,46.06999969482422,46.150001525878906,45.93000030517578,46.06999969482422,46.06999969482422,36612
2022-03-03-10-27-00 GMT-0500,46.04999923706055,46.09000015258789,46.029998779296875,46.040000915527344,46.040000915527344,26062
2022-03-03-10-28-00 GMT-0500,46.029998779296875,46.029998779296875,45.91999816894531,45.9900016784668,45.9900016784668,28466
2022-03-03-10-29-00 GMT-0500,46.0,46.06999969482422,45.935001373291016,45.959999084472656,45.959999084472656,34113
2022-03-03-10-30-00 GMT-0500,45.959999084472656,46.06999969482422,45.959999084472656,46.04999923706055,46.04999923706055,23766
2022-03-03-10-31-00 GMT-0500,46.040000915527344,46.209999084472656,46.029998779296875,46.15999984741211,46.15999984741211,41778
2022-03-03-10-32-00 GMT-0500,46.18000030517578,46.400001525878906,46.150001525878906,46.400001525878906,46.400001525878906,49536
2022-03-03-10-33-00 GMT-0500,46.380001068115234,46.540000915527344,46.36000061035156,46.529998779296875,46.529998779296875,30302
2022-03-03-10-34-00 GMT-0500,46.5099983215332,46.560001373291016,46.43000030517578,46.529998779296875,46.529998779296875,19649
2022-03-03-10-35-00 GMT-0500,46.52000045776367,46.54999923706055,46.47999954223633,46.5,46.5,11910
2022-03-03-10-36-00 GMT-0500,46.5099983215332,46.5099983215332,46.38999938964844,46.400001525878906,46.400001525878906,22567
2022-03-03-10-37-00 GMT-0500,46.38999938964844,46.43000030517578,46.25,46.27000045776367,46.27000045776367,21270
2022-03-03-10-38-00 GMT-0500,46.279998779296875,46.47999954223633,46.279998779296875,46.470001220703125,46.470001220703125,40986
2022-03-03-10-39-00 GMT-0500,46.47999954223633,46.51499938964844,46.38999938964844,46.400001525878906,46.400001525878906,14721
2022-03-03-10-40-00 GMT-0500,46.40999984741211,46.4375,46.279998779296875,46.279998779296875,46.279998779296875,17277
2022-03-03-10-41-00 GMT-0500,46.27000045776367,46.349998474121094,46.2599983215332,46.34000015258789,46.34000015258789,16500
2022-03-03-10-42-00 GMT-0500,46.34000015258789,46.3849983215332,46.25,46.3650016784668,46.3650016784668,15080
2022-03-03-10-43-00 GMT-0500,46.375,46.380001068115234,46.29999923706055,46.29999923706055,46.29999923706055,14809
2022-03-03-10-44-00 GMT-0500,46.290000915527344,46.290000915527344,46.119998931884766,46.13999938964844,46.13999938964844,18047
2022-03-03-10-45-00 GMT-0500,46.119998931884766,46.13990020751953,45.95000076293945,45.9900016784668,45.9900016784668,33885
2022-03-03-10-46-00 GMT-0500,45.970001220703125,46.019901275634766,45.959999084472656,46.0099983215332,46.0099983215332,23238
2022-03-03-10-47-00 GMT-0500,46.0,46.029998779296875,45.91999816894531,45.95000076293945,45.95000076293945,16638
2022-03-03-10-48-00 GMT-0500,45.94499969482422,46.0,45.91270065307617,45.959999084472656,45.959999084472656,11327
2022-03-03-10-49-00 GMT-0500,45.959999084472656,46.0,45.88999938964844,45.939998626708984,45.939998626708984,104970
2022-03-03-10-50-00 GMT-0500,45.95000076293945,45.974998474121094,45.899898529052734,45.91999816894531,45.91999816894531,15035
2022-03-03-10-51-00 GMT-0500,45.91999816894531,45.95000076293945,45.880001068115234,45.91999816894531,45.91999816894531,10624
2022-03-03-10-52-00 GMT-0500,45.91999816894531,45.92499923706055,45.869998931884766,45.90999984741211,45.90999984741211,17844
2022-03-03-10-53-00 GMT-0500,45.90999984741211,45.939998626708984,45.88999938964844,45.92499923706055,45.92499923706055,16817
2022-03-03-10-54-00 GMT-0500,45.90999984741211,45.92499923706055,45.71670150756836,45.71670150756836,45.71670150756836,29537
2022-03-03-10-55-00 GMT-0500,45.72999954223633,45.77000045776367,45.668399810791016,45.729000091552734,45.729000091552734,21168
2022-03-03-10-56-00 GMT-0500,45.7400016784668,45.82500076293945,45.720001220703125,45.79999923706055,45.79999923706055,10770
2022-03-03-10-57-00 GMT-0500,45.79999923706055,45.81999969482422,45.7599983215332,45.77000045776367,45.77000045776367,8020
2022-03-03-10-58-00 GMT-0500,45.77000045776367,45.84000015258789,45.75,45.77000045776367,45.77000045776367,18882
2022-03-03-10-59-00 GMT-0500,45.77000045776367,45.779998779296875,45.65999984741211,45.720001220703125,45.720001220703125,16971
2022-03-03-11-00-00 GMT-0500,45.709999084472656,45.81999969482422,45.709999084472656,45.810001373291016,45.810001373291016,24049
2022-03-03-11-01-00 GMT-0500,45.810001373291016,45.849998474121094,45.72999954223633,45.79999923706055,45.79999923706055,28195
2022-03-03-11-02-00 GMT-0500,45.790000915527344,45.830101013183594,45.70000076293945,45.77000045776367,45.77000045776367,14221
2022-03-03-11-03-00 GMT-0500,45.77000045776367,45.83000183105469,45.720001220703125,45.810001373291016,45.810001373291016,22622
2022-03-03-11-04-00 GMT-0500,45.79999923706055,45.81999969482422,45.7599983215332,45.779998779296875,45.779998779296875,9239
2022-03-03-11-05-00 GMT-0500,45.77000045776367,45.869998931884766,45.72999954223633,45.869998931884766,45.869998931884766,14182
2022-03-03-11-06-00 GMT-0500,45.84000015258789,45.84000015258789,45.619998931884766,45.66999816894531,45.66999816894531,24915
2022-03-03-11-07-00 GMT-0500,45.66999816894531,45.709999084472656,45.63999938964844,45.63999938964844,45.63999938964844,31129
2022-03-03-11-08-00 GMT-0500,45.630001068115234,45.70000076293945,45.61000061035156,45.69499969482422,45.69499969482422,37411
2022-03-03-11-09-00 GMT-0500,45.70000076293945,45.709999084472656,45.650001525878906,45.650001525878906,45.650001525878906,40400
2022-03-03-11-10-00 GMT-0500,45.650001525878906,45.709999084472656,45.619998931884766,45.630001068115234,45.630001068115234,46173
2022-03-03-11-11-00 GMT-0500,45.630001068115234,45.630001068115234,45.52000045776367,45.560001373291016,45.560001373291016,27334
2022-03-03-11-12-00 GMT-0500,45.560001373291016,45.58000183105469,45.52000045776367,45.54999923706055,45.54999923706055,33017
2022-03-03-11-13-00 GMT-0500,45.560001373291016,45.57500076293945,45.38999938964844,45.4900016784668,45.4900016784668,90620
2022-03-03-11-14-00 GMT-0500,45.47359848022461,45.52000045776367,45.22999954223633,45.33000183105469,45.33000183105469,65507
2022-03-03-11-15-00 GMT-0500,45.349998474121094,45.43989944458008,45.20000076293945,45.20000076293945,45.20000076293945,48970
2022-03-03-11-16-00 GMT-0500,45.220001220703125,45.359901428222656,45.203399658203125,45.2400016784668,45.2400016784668,25839
2022-03-03-11-17-00 GMT-0500,45.22999954223633,45.27000045776367,45.18280029296875,45.2400016784668,45.2400016784668,39607
2022-03-03-11-18-00 GMT-0500,45.25,45.31999969482422,45.22999954223633,45.290000915527344,45.290000915527344,30949
2022-03-03-11-19-00 GMT-0500,45.290000915527344,45.400001525878906,45.279998779296875,45.33000183105469,45.33000183105469,34437
2022-03-03-11-20-00 GMT-0500,45.349998474121094,45.41999816894531,45.349998474121094,45.36000061035156,45.36000061035156,16977
2022-03-03-11-21-00 GMT-0500,45.349998474121094,45.415000915527344,45.349998474121094,45.380001068115234,45.380001068115234,30691
2022-03-03-11-22-00 GMT-0500,45.3849983215332,45.606998443603516,45.375,45.56999969482422,45.56999969482422,50793
2022-03-03-11-23-00 GMT-0500,45.560001373291016,45.790000915527344,45.560001373291016,45.790000915527344,45.790000915527344,14203
2022-03-03-11-24-00 GMT-0500,45.790000915527344,45.79999923706055,45.7400016784668,45.77000045776367,45.77000045776367,188961
2022-03-03-11-25-00 GMT-0500,45.779998779296875,45.79999923706055,45.7400016784668,45.779998779296875,45.779998779296875,112276
2022-03-03-11-26-00 GMT-0500,45.779998779296875,45.79999923706055,45.75,45.75,45.75,265526
2022-03-03-11-27-00 GMT-0500,45.76900100708008,45.79999923706055,45.70500183105469,45.720001220703125,45.720001220703125,58387
2022-03-03-11-28-00 GMT-0500,45.720001220703125,45.77000045776367,45.70000076293945,45.70000076293945,45.70000076293945,24105
2022-03-03-11-29-00 GMT-0500,45.70000076293945,45.70000076293945,45.625,45.65999984741211,45.65999984741211,14715
2022-03-03-11-30-00 GMT-0500,45.65999984741211,45.689998626708984,45.56999969482422,45.630001068115234,45.630001068115234,32291
2022-03-03-11-31-00 GMT-0500,45.650001525878906,45.67499923706055,45.599998474121094,45.67499923706055,45.67499923706055,17551
2022-03-03-11-32-00 GMT-0500,45.68000030517578,45.68000030517578,45.619998931884766,45.650001525878906,45.650001525878906,13353
2022-03-03-11-33-00 GMT-0500,45.65999984741211,45.66999816894531,45.599998474121094,45.63999938964844,45.63999938964844,20071
2022-03-03-11-34-00 GMT-0500,45.63999938964844,45.720001220703125,45.61000061035156,45.650001525878906,45.650001525878906,14632
2022-03-03-11-35-00 GMT-0500,45.63999938964844,45.65999984741211,45.619998931884766,45.63999938964844,45.63999938964844,8727
2022-03-03-11-36-00 GMT-0500,45.65999984741211,45.70000076293945,45.58000183105469,45.58000183105469,45.58000183105469,16043
2022-03-03-11-37-00 GMT-0500,45.58000183105469,45.7599983215332,45.58000183105469,45.650001525878906,45.650001525878906,42367
2022-03-03-11-38-00 GMT-0500,45.654998779296875,45.70000076293945,45.619998931884766,45.650001525878906,45.650001525878906,21825
2022-03-03-11-39-00 GMT-0500,45.619998931884766,45.63999938964844,45.60499954223633,45.63999938964844,45.63999938964844,7653
2022-03-03-11-40-00 GMT-0500,45.619998931884766,45.69499969482422,45.59000015258789,45.654998779296875,45.654998779296875,6775
2022-03-03-11-41-00 GMT-0500,45.630001068115234,45.65999984741211,45.595001220703125,45.63999938964844,45.63999938964844,21509
2022-03-03-11-42-00 GMT-0500,45.650001525878906,45.790000915527344,45.650001525878906,45.7599983215332,45.7599983215332,12859
2022-03-03-11-43-00 GMT-0500,45.75,45.790000915527344,45.7400016784668,45.775001525878906,45.775001525878906,31695
2022-03-03-11-44-00 GMT-0500,45.75299835205078,45.79999923706055,45.75,45.790000915527344,45.790000915527344,70556
2022-03-03-11-45-00 GMT-0500,45.779998779296875,45.790000915527344,45.72999954223633,45.72999954223633,45.72999954223633,19325
2022-03-03-11-46-00 GMT-0500,45.720001220703125,45.75,45.68989944458008,45.70000076293945,45.70000076293945,10469
2022-03-03-11-47-00 GMT-0500,45.70000076293945,45.70840072631836,45.529998779296875,45.529998779296875,45.529998779296875,15979
2022-03-03-11-48-00 GMT-0500,45.529998779296875,45.529998779296875,45.439998626708984,45.440101623535156,45.440101623535156,45998
2022-03-03-11-49-00 GMT-0500,45.43989944458008,45.470001220703125,45.400001525878906,45.459999084472656,45.459999084472656,16161
2022-03-03-11-50-00 GMT-0500,45.459999084472656,45.470001220703125,45.33000183105469,45.349998474121094,45.349998474121094,38697
2022-03-03-11-51-00 GMT-0500,45.36000061035156,45.400001525878906,45.31999969482422,45.400001525878906,45.400001525878906,11805
2022-03-03-11-52-00 GMT-0500,45.43000030517578,45.529998779296875,45.40999984741211,45.52000045776367,45.52000045776367,13906
2022-03-03-11-53-00 GMT-0500,45.51499938964844,45.54499816894531,45.47999954223633,45.529998779296875,45.529998779296875,18719
2022-03-03-11-54-00 GMT-0500,45.540000915527344,45.540000915527344,45.40999984741211,45.43000030517578,45.43000030517578,19456
2022-03-03-11-55-00 GMT-0500,45.41999816894531,45.529998779296875,45.400001525878906,45.529998779296875,45.529998779296875,13299
2022-03-03-11-56-00 GMT-0500,45.5099983215332,45.525001525878906,45.369998931884766,45.380001068115234,45.380001068115234,17297
2022-03-03-11-57-00 GMT-0500,45.400001525878906,45.54999923706055,45.369998931884766,45.529998779296875,45.529998779296875,10005
2022-03-03-11-58-00 GMT-0500,45.529998779296875,45.630001068115234,45.529998779296875,45.599998474121094,45.599998474121094,10034
2022-03-03-11-59-00 GMT-0500,45.59000015258789,45.63999938964844,45.503700256347656,45.52000045776367,45.52000045776367,14001
2022-03-03-12-00-00 GMT-0500,45.5,45.599998474121094,45.459999084472656,45.599998474121094,45.599998474121094,6371
2022-03-03-12-01-00 GMT-0500,45.58000183105469,45.59000015258789,45.540000915527344,45.58000183105469,45.58000183105469,6300
2022-03-03-12-02-00 GMT-0500,45.59000015258789,45.599998474121094,45.5,45.540000915527344,45.540000915527344,7116
2022-03-03-12-03-00 GMT-0500,45.53499984741211,45.550201416015625,45.43000030517578,45.550201416015625,45.550201416015625,8122
2022-03-03-12-04-00 GMT-0500,45.54999923706055,45.630001068115234,45.529998779296875,45.560001373291016,45.560001373291016,28206
2022-03-03-12-05-00 GMT-0500,45.540000915527344,45.58000183105469,45.470001220703125,45.470001220703125,45.470001220703125,11675
2022-03-03-12-06-00 GMT-0500,45.5,45.54999923706055,45.4901008605957,45.5099983215332,45.5099983215332,21505
2022-03-03-12-07-00 GMT-0500,45.5,45.58000183105469,45.4900016784668,45.58000183105469,45.58000183105469,15948
2022-03-03-12-08-00 GMT-0500,45.61000061035156,45.62990188598633,45.56999969482422,45.61000061035156,45.61000061035156,7828
2022-03-03-12-09-00 GMT-0500,45.599998474121094,45.779998779296875,45.595001220703125,45.724998474121094,45.724998474121094,18640
2022-03-03-12-10-00 GMT-0500,45.720001220703125,45.79999923706055,45.70000076293945,45.78499984741211,45.78499984741211,16921
2022-03-03-12-11-00 GMT-0500,45.790000915527344,45.79999923706055,45.7400016784668,45.779998779296875,45.779998779296875,19294
2022-03-03-12-12-00 GMT-0500,45.779998779296875,45.90999984741211,45.7599983215332,45.880001068115234,45.880001068115234,55372
2022-03-03-12-13-00 GMT-0500,45.880001068115234,45.8849983215332,45.72999954223633,45.75,45.75,10025
2022-03-03-12-14-00 GMT-0500,45.75,45.779998779296875,45.75,45.7599983215332,45.7599983215332,5949
2022-03-03-12-15-00 GMT-0500,45.77980041503906,45.77980041503906,45.630001068115234,45.630001068115234,45.630001068115234,5902
2022-03-03-12-16-00 GMT-0500,45.630001068115234,45.709999084472656,45.58000183105469,45.619998931884766,45.619998931884766,5857
2022-03-03-12-17-00 GMT-0500,45.599998474121094,45.61000061035156,45.529998779296875,45.595001220703125,45.595001220703125,6190
2022-03-03-12-18-00 GMT-0500,45.58000183105469,45.59000015258789,45.470001220703125,45.564998626708984,45.564998626708984,16237
2022-03-03-12-19-00 GMT-0500,45.54600143432617,45.61000061035156,45.54499816894531,45.54999923706055,45.54999923706055,13157
2022-03-03-12-20-00 GMT-0500,45.560001373291016,45.56999969482422,45.47999954223633,45.47999954223633,45.47999954223633,9445
2022-03-03-12-21-00 GMT-0500,45.470001220703125,45.540000915527344,45.45000076293945,45.540000915527344,45.540000915527344,16594
2022-03-03-12-22-00 GMT-0500,45.52000045776367,45.540000915527344,45.47999954223633,45.540000915527344,45.540000915527344,7319
2022-03-03-12-23-00 GMT-0500,45.5,45.5099983215332,45.47999954223633,45.5099983215332,45.5099983215332,8890
2022-03-03-12-24-00 GMT-0500,45.5,45.52000045776367,45.47999954223633,45.5,45.5,5024
2022-03-03-12-25-00 GMT-0500,45.5,45.505001068115234,45.459999084472656,45.459999084472656,45.459999084472656,16261
2022-03-03-12-26-00 GMT-0500,45.47999954223633,45.52000045776367,45.46989822387695,45.470001220703125,45.470001220703125,14559
2022-03-03-12-27-00 GMT-0500,45.48500061035156,45.494998931884766,45.41999816894531,45.43000030517578,45.43000030517578,17446
2022-03-03-12-28-00 GMT-0500,45.439998626708984,45.439998626708984,45.31999969482422,45.31999969482422,45.31999969482422,16282
2022-03-03-12-29-00 GMT-0500,45.31999969482422,45.33000183105469,45.29999923706055,45.314998626708984,45.314998626708984,12290
2022-03-03-12-30-00 GMT-0500,45.32500076293945,45.33000183105469,45.27000045776367,45.310001373291016,45.310001373291016,9910
2022-03-03-12-31-00 GMT-0500,45.310001373291016,45.5,45.310001373291016,45.43000030517578,45.43000030517578,24903
2022-03-03-12-32-00 GMT-0500,45.45000076293945,45.529998779296875,45.45000076293945,45.5099983215332,45.5099983215332,4009
2022-03-03-12-33-00 GMT-0500,45.52000045776367,45.86000061035156,45.52000045776367,45.84000015258789,45.84000015258789,11197
2022-03-03-12-34-00 GMT-0500,45.869998931884766,45.9900016784668,45.869998931884766,45.9900016784668,45.9900016784668,32210
2022-03-03-12-35-00 GMT-0500,45.959999084472656,45.9900016784668,45.900001525878906,45.974998474121094,45.974998474121094,13407
2022-03-03-12-36-00 GMT-0500,45.97999954223633,46.06999969482422,45.90999984741211,46.029998779296875,46.029998779296875,29997
2022-03-03-12-37-00 GMT-0500,46.060001373291016,46.060001373291016,45.970001220703125,45.970001220703125,45.970001220703125,17358
2022-03-03-12-38-00 GMT-0500,45.939998626708984,45.97529983520508,45.81999969482422,45.83000183105469,45.83000183105469,9747
2022-03-03-12-39-00 GMT-0500,45.810001373291016,45.81999969482422,45.63999938964844,45.65999984741211,45.65999984741211,13148
2022-03-03-12-40-00 GMT-0500,45.61000061035156,45.630001068115234,45.58000183105469,45.6150016784668,45.6150016784668,8606
2022-03-03-12-41-00 GMT-0500,45.630001068115234,45.70000076293945,45.52000045776367,45.56800079345703,45.56800079345703,7430
2022-03-03-12-42-00 GMT-0500,45.59000015258789,45.59000015258789,45.5,45.560001373291016,45.560001373291016,9779
2022-03-03-12-43-00 GMT-0500,45.5,45.599998474121094,45.5,45.58000183105469,45.58000183105469,17301
2022-03-03-12-44-00 GMT-0500,45.59000015258789,45.59000015258789,45.540000915527344,45.560001373291016,45.560001373291016,8927
2022-03-03-12-45-00 GMT-0500,45.54999923706055,45.54999923706055,45.369998931884766,45.400001525878906,45.400001525878906,30015
2022-03-03-12-46-00 GMT-0500,45.41999816894531,45.494998931884766,45.369998931884766,45.459999084472656,45.459999084472656,15074
2022-03-03-12-47-00 GMT-0500,45.43000030517578,45.599998474121094,45.43000030517578,45.599998474121094,45.599998474121094,10642
2022-03-03-12-48-00 GMT-0500,45.56999969482422,45.650001525878906,45.540000915527344,45.59000015258789,45.59000015258789,6323
2022-03-03-12-49-00 GMT-0500,45.59000015258789,45.61000061035156,45.4900016784668,45.4900016784668,45.4900016784668,8462
2022-03-03-12-50-00 GMT-0500,45.470001220703125,45.4900016784668,45.41999816894531,45.4900016784668,45.4900016784668,16548
2022-03-03-12-51-00 GMT-0500,45.47999954223633,45.47999954223633,45.43000030517578,45.43000030517578,45.43000030517578,4395
2022-03-03-12-52-00 GMT-0500,45.41999816894531,45.47999954223633,45.369998931884766,45.439998626708984,45.439998626708984,8361
2022-03-03-12-53-00 GMT-0500,45.42499923706055,45.48500061035156,45.349998474121094,45.369998931884766,45.369998931884766,17892
2022-03-03-12-54-00 GMT-0500,45.38999938964844,45.44990158081055,45.369998931884766,45.40999984741211,45.40999984741211,18174
2022-03-03-12-55-00 GMT-0500,45.38999938964844,45.400001525878906,45.36000061035156,45.369998931884766,45.369998931884766,5974
2022-03-03-12-56-00 GMT-0500,45.36000061035156,45.43000030517578,45.34000015258789,45.41999816894531,45.41999816894531,14223
2022-03-03-12-57-00 GMT-0500,45.41999816894531,45.41999816894531,45.36000061035156,45.38999938964844,45.38999938964844,14802
2022-03-03-12-58-00 GMT-0500,45.400001525878906,45.41590118408203,45.380001068115234,45.41590118408203,45.41590118408203,4320
2022-03-03-12-59-00 GMT-0500,45.41999816894531,45.52000045776367,45.41999816894531,45.43000030517578,45.43000030517578,8451
2022-03-03-13-00-00 GMT-0500,45.38180160522461,45.45000076293945,45.36000061035156,45.439998626708984,45.439998626708984,7055
2022-03-03-13-01-00 GMT-0500,45.45000076293945,45.48500061035156,45.39500045776367,45.400001525878906,45.400001525878906,3024
2022-03-03-13-02-00 GMT-0500,45.380001068115234,45.400001525878906,45.33000183105469,45.400001525878906,45.400001525878906,3868
2022-03-03-13-03-00 GMT-0500,45.380001068115234,45.400001525878906,45.34000015258789,45.400001525878906,45.400001525878906,4157
2022-03-03-13-04-00 GMT-0500,45.400001525878906,45.457000732421875,45.400001525878906,45.439998626708984,45.439998626708984,3401
2022-03-03-13-05-00 GMT-0500,45.439998626708984,45.5099983215332,45.36000061035156,45.5099983215332,45.5099983215332,5942
2022-03-03-13-06-00 GMT-0500,45.5,45.56999969482422,45.5,45.5,45.5,12932
2022-03-03-13-07-00 GMT-0500,45.5099983215332,45.57870101928711,45.4900016784668,45.5,45.5,6180
2022-03-03-13-08-00 GMT-0500,45.470001220703125,45.47999954223633,45.439998626708984,45.459999084472656,45.459999084472656,13046
2022-03-03-13-09-00 GMT-0500,45.45500183105469,45.4900016784668,45.45000076293945,45.4900016784668,45.4900016784668,4562
2022-03-03-13-10-00 GMT-0500,45.45000076293945,45.4900016784668,45.435001373291016,45.47999954223633,45.47999954223633,4459
2022-03-03-13-11-00 GMT-0500,45.46580123901367,45.4900016784668,45.45000076293945,45.47999954223633,45.47999954223633,5058
2022-03-03-13-12-00 GMT-0500,45.4900016784668,45.599998474121094,45.4900016784668,45.55699920654297,45.55699920654297,6424
2022-03-03-13-13-00 GMT-0500,45.51499938964844,45.560001373291016,45.5099983215332,45.529998779296875,45.529998779296875,3475
2022-03-03-13-14-00 GMT-0500,45.560001373291016,45.63999938964844,45.560001373291016,45.61000061035156,45.61000061035156,6823
2022-03-03-13-15-00 GMT-0500,45.59000015258789,45.755001068115234,45.59000015258789,45.755001068115234,45.755001068115234,5694
2022-03-03-13-16-00 GMT-0500,45.7400016784668,45.81999969482422,45.688499450683594,45.81999969482422,45.81999969482422,34016
2022-03-03-13-17-00 GMT-0500,45.81999969482422,45.84000015258789,45.78010177612305,45.79999923706055,45.79999923706055,11985
2022-03-03-13-18-00 GMT-0500,45.779998779296875,45.82500076293945,45.779998779296875,45.790000915527344,45.790000915527344,5668
2022-03-03-13-19-00 GMT-0500,45.790000915527344,45.88999938964844,45.790000915527344,45.869998931884766,45.869998931884766,10802
2022-03-03-13-20-00 GMT-0500,45.869998931884766,45.88999938964844,45.849998474121094,45.880001068115234,45.880001068115234,4520
2022-03-03-13-21-00 GMT-0500,45.900001525878906,45.93000030517578,45.810001373291016,45.810001373291016,45.810001373291016,6879
2022-03-03-13-22-00 GMT-0500,45.83000183105469,45.86000061035156,45.79999923706055,45.84000015258789,45.84000015258789,6328
2022-03-03-13-23-00 GMT-0500,45.79999923706055,45.81999969482422,45.77000045776367,45.77000045776367,45.77000045776367,7639
2022-03-03-13-24-00 GMT-0500,45.75,45.779998779296875,45.720001220703125,45.72999954223633,45.72999954223633,5638
2022-03-03-13-25-00 GMT-0500,45.724998474121094,45.72999954223633,45.650001525878906,45.650001525878906,45.650001525878906,5356
2022-03-03-13-26-00 GMT-0500,45.640201568603516,45.68000030517578,45.619998931884766,45.68000030517578,45.68000030517578,10553
2022-03-03-13-27-00 GMT-0500,45.69499969482422,45.69499969482422,45.63999938964844,45.66999816894531,45.66999816894531,3525
2022-03-03-13-28-00 GMT-0500,45.68000030517578,45.689998626708984,45.630001068115234,45.66999816894531,45.66999816894531,4862
2022-03-03-13-29-00 GMT-0500,45.66999816894531,45.72999954223633,45.650001525878906,45.689998626708984,45.689998626708984,7032
2022-03-03-13-30-00 GMT-0500,45.685001373291016,45.685001373291016,45.540000915527344,45.56999969482422,45.56999969482422,4684
2022-03-03-13-31-00 GMT-0500,45.560001373291016,45.560001373291016,45.52000045776367,45.529998779296875,45.529998779296875,8145
2022-03-03-13-32-00 GMT-0500,45.5099983215332,45.540000915527344,45.43000030517578,45.529998779296875,45.529998779296875,7044
2022-03-03-13-33-00 GMT-0500,45.54999923706055,45.58000183105469,45.52000045776367,45.560001373291016,45.560001373291016,4744
2022-03-03-13-34-00 GMT-0500,45.54999923706055,45.58000183105469,45.5,45.52000045776367,45.52000045776367,7798
2022-03-03-13-35-00 GMT-0500,45.529998779296875,45.56999969482422,45.529998779296875,45.54999923706055,45.54999923706055,4495
2022-03-03-13-36-00 GMT-0500,45.529998779296875,45.54499816894531,45.529998779296875,45.540000915527344,45.540000915527344,2251
2022-03-03-13-37-00 GMT-0500,45.54999923706055,45.560001373291016,45.47999954223633,45.5099983215332,45.5099983215332,9122
2022-03-03-13-38-00 GMT-0500,45.52000045776367,45.52000045776367,45.45000076293945,45.47999954223633,45.47999954223633,5625
2022-03-03-13-39-00 GMT-0500,45.47999954223633,45.5099983215332,45.459999084472656,45.459999084472656,45.459999084472656,4655
2022-03-03-13-40-00 GMT-0500,45.45000076293945,45.47999954223633,45.439998626708984,45.47999954223633,45.47999954223633,2640
2022-03-03-13-41-00 GMT-0500,45.470001220703125,45.470001220703125,45.380001068115234,45.40999984741211,45.40999984741211,13036
2022-03-03-13-42-00 GMT-0500,45.400001525878906,45.439998626708984,45.369998931884766,45.439998626708984,45.439998626708984,5931
2022-03-03-13-43-00 GMT-0500,45.43000030517578,45.45349884033203,45.43000030517578,45.43000030517578,45.43000030517578,7492
2022-03-03-13-44-00 GMT-0500,45.439998626708984,45.47999954223633,45.439998626708984,45.47999954223633,45.47999954223633,5824
2022-03-03-13-45-00 GMT-0500,45.4900016784668,45.4900016784668,45.43000030517578,45.43000030517578,45.43000030517578,4338
2022-03-03-13-46-00 GMT-0500,45.40999984741211,45.44499969482422,45.38999938964844,45.38999938964844,45.38999938964844,5321
2022-03-03-13-47-00 GMT-0500,45.38999938964844,45.42499923706055,45.380001068115234,45.41999816894531,45.41999816894531,5982
2022-03-03-13-48-00 GMT-0500,45.41999816894531,45.41999816894531,45.369998931884766,45.38999938964844,45.38999938964844,6728
2022-03-03-13-49-00 GMT-0500,45.400001525878906,45.45500183105469,45.400001525878906,45.44990158081055,45.44990158081055,5702
2022-03-03-13-50-00 GMT-0500,45.44499969482422,45.519901275634766,45.439998626708984,45.47999954223633,45.47999954223633,7644
2022-03-03-13-51-00 GMT-0500,45.4900016784668,45.55979919433594,45.4900016784668,45.529998779296875,45.529998779296875,15342
2022-03-03-13-52-00 GMT-0500,45.52000045776367,45.52000045776367,45.38999938964844,45.400001525878906,45.400001525878906,7941
2022-03-03-13-53-00 GMT-0500,45.400001525878906,45.42499923706055,45.38999938964844,45.38999938964844,45.38999938964844,3898
2022-03-03-13-54-00 GMT-0500,45.400001525878906,45.45000076293945,45.380001068115234,45.439998626708984,45.439998626708984,6560
2022-03-03-13-55-00 GMT-0500,45.459999084472656,45.53499984741211,45.459999084472656,45.459999084472656,45.459999084472656,3695
2022-03-03-13-56-00 GMT-0500,45.459999084472656,45.459999084472656,45.369998931884766,45.400001525878906,45.400001525878906,20371
2022-03-03-13-57-00 GMT-0500,45.38999938964844,45.41999816894531,45.349998474121094,45.349998474121094,45.349998474121094,5593
2022-03-03-13-58-00 GMT-0500,45.34000015258789,45.380001068115234,45.33000183105469,45.34000015258789,45.34000015258789,7259
2022-03-03-13-59-00 GMT-0500,45.35499954223633,45.35499954223633,45.33000183105469,45.349998474121094,45.349998474121094,3459
2022-03-03-14-00-00 GMT-0500,45.34000015258789,45.36989974975586,45.27000045776367,45.32749938964844,45.32749938964844,20140
2022-03-03-14-01-00 GMT-0500,45.32500076293945,45.349998474121094,45.2599983215332,45.349998474121094,45.349998474121094,4136
2022-03-03-14-02-00 GMT-0500,45.33000183105469,45.349998474121094,45.29999923706055,45.29999923706055,45.29999923706055,7764
2022-03-03-14-03-00 GMT-0500,45.29999923706055,45.29999923706055,45.25,45.25320053100586,45.25320053100586,7700
2022-03-03-14-04-00 GMT-0500,45.26499938964844,45.33000183105469,45.25,45.29999923706055,45.29999923706055,13294
2022-03-03-14-05-00 GMT-0500,45.290000915527344,45.290000915527344,45.220001220703125,45.22999954223633,45.22999954223633,9245
2022-03-03-14-06-00 GMT-0500,45.2400016784668,45.290000915527344,45.23440170288086,45.244998931884766,45.244998931884766,5694
2022-03-03-14-07-00 GMT-0500,45.279998779296875,45.279998779296875,45.2400016784668,45.2400016784668,45.2400016784668,2532
2022-03-03-14-08-00 GMT-0500,45.2400016784668,45.25,45.220001220703125,45.22999954223633,45.22999954223633,16096
2022-03-03-14-09-00 GMT-0500,45.2400016784668,45.25,45.220001220703125,45.25,45.25,5151
2022-03-03-14-10-00 GMT-0500,45.25,45.2599983215332,45.10499954223633,45.119998931884766,45.119998931884766,25788
2022-03-03-14-11-00 GMT-0500,45.150001525878906,45.17499923706055,45.150001525878906,45.16709899902344,45.16709899902344,5802
2022-03-03-14-12-00 GMT-0500,45.16999816894531,45.29999923706055,45.16999816894531,45.2599983215332,45.2599983215332,21659
2022-03-03-14-13-00 GMT-0500,45.2599983215332,45.29499816894531,45.25469970703125,45.29499816894531,45.29499816894531,7440
2022-03-03-14-14-00 GMT-0500,45.29999923706055,45.380001068115234,45.27000045776367,45.34000015258789,45.34000015258789,6502
2022-03-03-14-15-00 GMT-0500,45.36000061035156,45.39950180053711,45.31999969482422,45.33000183105469,45.33000183105469,9974
2022-03-03-14-16-00 GMT-0500,45.34000015258789,45.40999984741211,45.34000015258789,45.36000061035156,45.36000061035156,8202
2022-03-03-14-17-00 GMT-0500,45.349998474121094,45.369998931884766,45.29999923706055,45.29999923706055,45.29999923706055,8782
2022-03-03-14-18-00 GMT-0500,45.29499816894531,45.33000183105469,45.2599983215332,45.29499816894531,45.29499816894531,12067
2022-03-03-14-19-00 GMT-0500,45.290000915527344,45.29999923706055,45.279998779296875,45.28499984741211,45.28499984741211,5859
2022-03-03-14-20-00 GMT-0500,45.27000045776367,45.279998779296875,45.18000030517578,45.209999084472656,45.209999084472656,6430
2022-03-03-14-21-00 GMT-0500,45.209999084472656,45.2599983215332,45.209999084472656,45.209999084472656,45.209999084472656,3260
2022-03-03-14-22-00 GMT-0500,45.224998474121094,45.2400016784668,45.18000030517578,45.20000076293945,45.20000076293945,6268
2022-03-03-14-23-00 GMT-0500,45.20000076293945,45.21500015258789,45.15999984741211,45.15999984741211,45.15999984741211,4937
2022-03-03-14-24-00 GMT-0500,45.150001525878906,45.165000915527344,45.119998931884766,45.149898529052734,45.149898529052734,8337
2022-03-03-14-25-00 GMT-0500,45.150001525878906,45.189998626708984,45.150001525878906,45.16999816894531,45.16999816894531,2629
2022-03-03-14-26-00 GMT-0500,45.16999816894531,45.19499969482422,45.150001525878906,45.16999816894531,45.16999816894531,5165
2022-03-03-14-27-00 GMT-0500,45.152000427246094,45.189998626708984,45.150001525878906,45.18000030517578,45.18000030517578,3972
2022-03-03-14-28-00 GMT-0500,45.189998626708984,45.209999084472656,45.16999816894531,45.20000076293945,45.20000076293945,6116
2022-03-03-14-29-00 GMT-0500,45.20000076293945,45.220001220703125,45.15999984741211,45.220001220703125,45.220001220703125,9331
2022-03-03-14-30-00 GMT-0500,45.209999084472656,45.209999084472656,45.130001068115234,45.13999938964844,45.13999938964844,3099
2022-03-03-14-31-00 GMT-0500,45.13999938964844,45.13999938964844,45.119998931884766,45.130001068115234,45.130001068115234,3403
2022-03-03-14-32-00 GMT-0500,45.12919998168945,45.209999084472656,45.119998931884766,45.20000076293945,45.20000076293945,6452
2022-03-03-14-33-00 GMT-0500,45.189998626708984,45.209999084472656,45.15999984741211,45.18000030517578,45.18000030517578,8848
2022-03-03-14-34-00 GMT-0500,45.16999816894531,45.18000030517578,45.14500045776367,45.16999816894531,45.16999816894531,7918
2022-03-03-14-35-00 GMT-0500,45.18000030517578,45.189998626708984,45.16999816894531,45.170101165771484,45.170101165771484,3754
2022-03-03-14-36-00 GMT-0500,45.15999984741211,45.16999816894531,45.119998931884766,45.119998931884766,45.119998931884766,9414
2022-03-03-14-37-00 GMT-0500,45.11000061035156,45.15999984741211,45.11000061035156,45.130001068115234,45.130001068115234,8065
2022-03-03-14-38-00 GMT-0500,45.11000061035156,45.130001068115234,45.08000183105469,45.10499954223633,45.10499954223633,22950
2022-03-03-14-39-00 GMT-0500,45.10499954223633,45.150001525878906,45.095001220703125,45.11000061035156,45.11000061035156,6937
2022-03-03-14-40-00 GMT-0500,45.11000061035156,45.17900085449219,45.11000061035156,45.15999984741211,45.15999984741211,6089
2022-03-03-14-41-00 GMT-0500,45.13999938964844,45.150001525878906,45.095001220703125,45.119998931884766,45.119998931884766,5438
2022-03-03-14-42-00 GMT-0500,45.09000015258789,45.130001068115234,45.084999084472656,45.0880012512207,45.0880012512207,5666
2022-03-03-14-43-00 GMT-0500,45.11000061035156,45.16999816894531,45.062400817871094,45.06999969482422,45.06999969482422,19557
2022-03-03-14-44-00 GMT-0500,45.04999923706055,45.060001373291016,45.029998779296875,45.04999923706055,45.04999923706055,13892
2022-03-03-14-45-00 GMT-0500,45.04999923706055,45.08000183105469,45.02000045776367,45.040000915527344,45.040000915527344,13603
2022-03-03-14-46-00 GMT-0500,45.040000915527344,45.04999923706055,45.02000045776367,45.025001525878906,45.025001525878906,11005
2022-03-03-14-47-00 GMT-0500,45.025001525878906,45.095001220703125,44.970001220703125,45.029998779296875,45.029998779296875,138207
2022-03-03-14-48-00 GMT-0500,45.04499816894531,45.08000183105469,45.02000045776367,45.04999923706055,45.04999923706055,8270
2022-03-03-14-49-00 GMT-0500,45.040000915527344,45.06999969482422,44.98059844970703,45.05569839477539,45.05569839477539,16928
2022-03-03-14-50-00 GMT-0500,45.060001373291016,45.09000015258789,45.029998779296875,45.029998779296875,45.029998779296875,5584
2022-03-03-14-51-00 GMT-0500,45.02880096435547,45.02880096435547,44.939998626708984,44.939998626708984,44.939998626708984,7201
2022-03-03-14-52-00 GMT-0500,44.939998626708984,44.97999954223633,44.90999984741211,44.97999954223633,44.97999954223633,21073
2022-03-03-14-53-00 GMT-0500,44.97999954223633,45.01689910888672,44.959999084472656,45.0,45.0,14222
2022-03-03-14-54-00 GMT-0500,44.9900016784668,45.040000915527344,44.970001220703125,45.040000915527344,45.040000915527344,8975
2022-03-03-14-55-00 GMT-0500,45.029998779296875,45.089900970458984,44.970001220703125,44.9900016784668,44.9900016784668,21502
2022-03-03-14-56-00 GMT-0500,44.970001220703125,44.970001220703125,44.93009948730469,44.95000076293945,44.95000076293945,6052
2022-03-03-14-57-00 GMT-0500,44.959999084472656,44.97959899902344,44.93000030517578,44.93000030517578,44.93000030517578,6777
2022-03-03-14-58-00 GMT-0500,44.91999816894531,44.9900016784668,44.90999984741211,44.939998626708984,44.939998626708984,8143
2022-03-03-14-59-00 GMT-0500,44.94499969482422,44.959999084472656,44.91999816894531,44.929901123046875,44.929901123046875,7138
2022-03-03-15-00-00 GMT-0500,44.939998626708984,44.95000076293945,44.915000915527344,44.94499969482422,44.94499969482422,61844
2022-03-03-15-01-00 GMT-0500,44.93000030517578,44.93000030517578,44.810001373291016,44.810001373291016,44.810001373291016,14304
2022-03-03-15-02-00 GMT-0500,44.810001373291016,44.83000183105469,44.75,44.810001373291016,44.810001373291016,21024
2022-03-03-15-03-00 GMT-0500,44.790000915527344,44.834999084472656,44.72999954223633,44.744998931884766,44.744998931884766,11948
2022-03-03-15-04-00 GMT-0500,44.7400016784668,44.7400016784668,44.65999984741211,44.689998626708984,44.689998626708984,16130
2022-03-03-15-05-00 GMT-0500,44.689998626708984,44.779998779296875,44.689998626708984,44.77000045776367,44.77000045776367,14757
2022-03-03-15-06-00 GMT-0500,44.7599983215332,44.790000915527344,44.7400016784668,44.744998931884766,44.744998931884766,9434
2022-03-03-15-07-00 GMT-0500,44.75,44.7599983215332,44.66999816894531,44.70000076293945,44.70000076293945,12130
2022-03-03-15-08-00 GMT-0500,44.709999084472656,44.709999084472656,44.60070037841797,44.60070037841797,44.60070037841797,19445
2022-03-03-15-09-00 GMT-0500,44.61000061035156,44.63399887084961,44.595001220703125,44.599998474121094,44.599998474121094,10364
2022-03-03-15-10-00 GMT-0500,44.61000061035156,44.61000061035156,44.54999923706055,44.595001220703125,44.595001220703125,15416
2022-03-03-15-11-00 GMT-0500,44.595001220703125,44.61000061035156,44.56999969482422,44.59000015258789,44.59000015258789,11520
2022-03-03-15-12-00 GMT-0500,44.59000015258789,44.599998474121094,44.529998779296875,44.56999969482422,44.56999969482422,15084
2022-03-03-15-13-00 GMT-0500,44.56999969482422,44.630001068115234,44.56999969482422,44.619998931884766,44.619998931884766,22580
2022-03-03-15-14-00 GMT-0500,44.599998474121094,44.650001525878906,44.560001373291016,44.63999938964844,44.63999938964844,11255
2022-03-03-15-15-00 GMT-0500,44.630001068115234,44.68000030517578,44.59000015258789,44.61000061035156,44.61000061035156,20710
2022-03-03-15-16-00 GMT-0500,44.61000061035156,44.650001525878906,44.59000015258789,44.63999938964844,44.63999938964844,13512
2022-03-03-15-17-00 GMT-0500,44.650001525878906,44.720001220703125,44.649898529052734,44.720001220703125,44.720001220703125,10201
2022-03-03-15-18-00 GMT-0500,44.709999084472656,44.720001220703125,44.650001525878906,44.68000030517578,44.68000030517578,9273
2022-03-03-15-19-00 GMT-0500,44.66999816894531,44.689998626708984,44.650001525878906,44.68000030517578,44.68000030517578,16488
2022-03-03-15-20-00 GMT-0500,44.68000030517578,44.72090148925781,44.63999938964844,44.66999816894531,44.66999816894531,17045
2022-03-03-15-21-00 GMT-0500,44.66999816894531,44.68000030517578,44.63999938964844,44.66999816894531,44.66999816894531,15601
2022-03-03-15-22-00 GMT-0500,44.68000030517578,44.70000076293945,44.630001068115234,44.630001068115234,44.630001068115234,10584
2022-03-03-15-23-00 GMT-0500,44.6349983215332,44.690101623535156,44.6349983215332,44.68000030517578,44.68000030517578,11453
2022-03-03-15-24-00 GMT-0500,44.689998626708984,44.70500183105469,44.65999984741211,44.689998626708984,44.689998626708984,16731
2022-03-03-15-25-00 GMT-0500,44.68330001831055,44.69499969482422,44.65999984741211,44.665000915527344,44.665000915527344,19087
2022-03-03-15-26-00 GMT-0500,44.665000915527344,44.69990158081055,44.65999984741211,44.68000030517578,44.68000030517578,19294
2022-03-03-15-27-00 GMT-0500,44.68000030517578,44.71699905395508,44.665000915527344,44.71699905395508,44.71699905395508,22569
2022-03-03-15-28-00 GMT-0500,44.75,44.790000915527344,44.68000030517578,44.78499984741211,44.78499984741211,16902
2022-03-03-15-29-00 GMT-0500,44.790000915527344,44.86000061035156,44.779998779296875,44.834999084472656,44.834999084472656,22091
2022-03-03-15-30-00 GMT-0500,44.83000183105469,44.86000061035156,44.79999923706055,44.86000061035156,44.86000061035156,17251
2022-03-03-15-31-00 GMT-0500,44.84000015258789,44.900001525878906,44.84000015258789,44.8739013671875,44.8739013671875,16212
2022-03-03-15-32-00 GMT-0500,44.84000015258789,44.84000015258789,44.7400016784668,44.790000915527344,44.790000915527344,37647
2022-03-03-15-33-00 GMT-0500,44.779998779296875,44.779998779296875,44.68000030517578,44.68000030517578,44.68000030517578,10155
2022-03-03-15-34-00 GMT-0500,44.68000030517578,44.68000030517578,44.63999938964844,44.68000030517578,44.68000030517578,24160
2022-03-03-15-35-00 GMT-0500,44.66999816894531,44.709999084472656,44.64500045776367,44.68000030517578,44.68000030517578,20608
2022-03-03-15-36-00 GMT-0500,44.69499969482422,44.70000076293945,44.66999816894531,44.689998626708984,44.689998626708984,11994
2022-03-03-15-37-00 GMT-0500,44.689998626708984,44.709999084472656,44.65999984741211,44.6875,44.6875,16493
2022-03-03-15-38-00 GMT-0500,44.689998626708984,44.72999954223633,44.678001403808594,44.72999954223633,44.72999954223633,15990
2022-03-03-15-39-00 GMT-0500,44.72999954223633,44.779998779296875,44.720001220703125,44.75,44.75,17027
2022-03-03-15-40-00 GMT-0500,44.75,44.75,44.65999984741211,44.689998626708984,44.689998626708984,24703
2022-03-03-15-41-00 GMT-0500,44.68000030517578,44.775001525878906,44.68000030517578,44.7599983215332,44.7599983215332,18351
2022-03-03-15-42-00 GMT-0500,44.77000045776367,44.86000061035156,44.77000045776367,44.86000061035156,44.86000061035156,34204
2022-03-03-15-43-00 GMT-0500,44.86000061035156,44.88999938964844,44.83000183105469,44.880001068115234,44.880001068115234,29059
2022-03-03-15-44-00 GMT-0500,44.869998931884766,44.869998931884766,44.79999923706055,44.84000015258789,44.84000015258789,40115
2022-03-03-15-45-00 GMT-0500,44.84000015258789,44.86589813232422,44.79999923706055,44.8135986328125,44.8135986328125,19979
2022-03-03-15-46-00 GMT-0500,44.810001373291016,44.82500076293945,44.75,44.77000045776367,44.77000045776367,32505
2022-03-03-15-47-00 GMT-0500,44.779998779296875,44.79999923706055,44.71500015258789,44.77000045776367,44.77000045776367,28318
2022-03-03-15-48-00 GMT-0500,44.77000045776367,44.83000183105469,44.70000076293945,44.73659896850586,44.73659896850586,44546
2022-03-03-15-49-00 GMT-0500,44.72999954223633,44.79999923706055,44.70000076293945,44.790000915527344,44.790000915527344,18671
2022-03-03-15-50-00 GMT-0500,44.779998779296875,45.060001373291016,44.72999954223633,45.040000915527344,45.040000915527344,53384
2022-03-03-15-51-00 GMT-0500,45.02000045776367,45.04999923706055,44.95000076293945,45.0099983215332,45.0099983215332,40372
2022-03-03-15-52-00 GMT-0500,45.02000045776367,45.04999923706055,44.939998626708984,44.970001220703125,44.970001220703125,44615
2022-03-03-15-53-00 GMT-0500,44.9900016784668,45.040000915527344,44.974998474121094,44.9900016784668,44.9900016784668,52914
2022-03-03-15-54-00 GMT-0500,44.9900016784668,45.08000183105469,44.9900016784668,45.060001373291016,45.060001373291016,78374
2022-03-03-15-55-00 GMT-0500,45.060001373291016,45.2400016784668,45.04999923706055,45.209999084472656,45.209999084472656,76287
2022-03-03-15-56-00 GMT-0500,45.20500183105469,45.33000183105469,45.189998626708984,45.33000183105469,45.33000183105469,84345
2022-03-03-15-57-00 GMT-0500,45.34000015258789,45.34000015258789,45.209999084472656,45.220001220703125,45.220001220703125,125233
2022-03-03-15-58-00 GMT-0500,45.21989822387695,45.22999954223633,45.15999984741211,45.20500183105469,45.20500183105469,125532
2022-03-03-15-59-00 GMT-0500,45.20500183105469,45.22999954223633,45.16999816894531,45.220001220703125,45.220001220703125,157443
2022-03-03-16-00-00 GMT-0500,45.22,45.22,45.18,45.18,45.18,575845
2022-03-03-16-01-00 GMT-0500,45.22,45.22,45.18,45.22,45.22,0
2022-03-03-16-02-00 GMT-0500,45.08,45.08,45.08,45.08,45.08,0
2022-03-03-16-03-00 GMT-0500,45.2,45.2,45.08,45.18,45.18,0
2022-03-03-16-05-00 GMT-0500,45.11,45.11,45.08,45.08,45.08,0
2022-03-03-16-06-00 GMT-0500,45.08,45.08,45.0799,45.08,45.08,0
2022-03-03-16-07-00 GMT-0500,45.22,45.22,45.22,45.22,45.22,0
2022-03-03-16-08-00 GMT-0500,45.21,45.21,45.21,45.21,45.21,0
2022-03-03-16-10-00 GMT-0500,45.2,45.2,45.2,45.2,45.2,0
2022-03-03-16-11-00 GMT-0500,45.22,45.22,45.2,45.2,45.2,0
2022-03-03-16-12-00 GMT-0500,45.24,45.24,45.2,45.2,45.2,0
2022-03-03-16-27-00 GMT-0500,45.18,45.18,45.18,45.18,45.18,0
2022-03-03-16-28-00 GMT-0500,45.2,45.2,45.18,45.18,45.18,0
2022-03-03-16-29-00 GMT-0500,45.1855,45.1855,45.1824,45.1824,45.1824,0
2022-03-03-16-30-00 GMT-0500,45.18,45.1881,45.18,45.1881,45.1881,0
2022-03-03-16-32-00 GMT-0500,45.1885,45.1885,45.1885,45.1885,45.1885,0
2022-03-03-16-35-00 GMT-0500,45.18,45.22,45.18,45.22,45.22,0
2022-03-03-16-39-00 GMT-0500,45.2,45.22,45.2,45.22,45.22,0
2022-03-03-16-42-00 GMT-0500,45.19,45.19,45.19,45.19,45.19,0
2022-03-03-16-47-00 GMT-0500,45.215,45.22,45.215,45.22,45.22,0
2022-03-03-16-51-00 GMT-0500,45.2,45.22,45.19,45.19,45.19,0
2022-03-03-16-54-00 GMT-0500,45.23,45.23,45.23,45.23,45.23,0
2022-03-03-16-55-00 GMT-0500,45.23,45.24,45.23,45.24,45.24,0
2022-03-03-16-56-00 GMT-0500,45.24,45.24,45.24,45.24,45.24,0
2022-03-03-16-58-00 GMT-0500,45.24,45.24,45.23,45.23,45.23,0
2022-03-03-16-59-00 GMT-0500,45.23,45.25,45.23,45.25,45.25,0
2022-03-03-17-03-00 GMT-0500,45.25,45.25,45.2,45.2,45.2,0
2022-03-03-17-07-00 GMT-0500,45.25,45.25,45.25,45.25,45.25,0
2022-03-03-17-08-00 GMT-0500,45.25,45.25,45.24,45.25,45.25,0
2022-03-03-17-13-00 GMT-0500,45.191,45.191,45.191,45.191,45.191,0
2022-03-03-17-20-00 GMT-0500,45.207,45.207,45.207,45.207,45.207,0
2022-03-03-17-28-00 GMT-0500,45.23,45.26,45.23,45.26,45.26,0
2022-03-03-17-30-00 GMT-0500,45.3,45.3,45.3,45.3,45.3,0
2022-03-03-17-32-00 GMT-0500,45.2,45.31,45.2,45.31,45.31,0
2022-03-03-17-34-00 GMT-0500,45.25,45.25,45.24,45.24,45.24,0
2022-03-03-17-35-00 GMT-0500,45.22,45.31,45.22,45.3,45.3,0
2022-03-03-17-36-00 GMT-0500,45.3,45.3,45.21,45.21,45.21,0
2022-03-03-17-37-00 GMT-0500,45.27,45.27,45.27,45.27,45.27,0
2022-03-03-17-39-00 GMT-0500,45.28,45.28,45.28,45.28,45.28,0
2022-03-03-17-46-00 GMT-0500,45.3,45.32,45.3,45.32,45.32,0
2022-03-03-17-47-00 GMT-0500,45.35,45.35,45.3,45.3,45.3,0
2022-03-03-17-48-00 GMT-0500,45.31,45.36,45.31,45.35,45.35,0
2022-03-03-17-49-00 GMT-0500,45.36,45.36,45.35,45.35,45.35,0
2022-03-03-17-52-00 GMT-0500,45.455,45.455,45.455,45.455,45.455,0
2022-03-03-17-54-00 GMT-0500,45.35,45.35,45.35,45.35,45.35,0
2022-03-03-17-59-00 GMT-0500,45.3399,45.3399,45.3399,45.3399,45.3399,0
2022-03-03-18-00-00 GMT-0500,45.34,45.34,45.34,45.34,45.34,0
2022-03-03-18-04-00 GMT-0500,45.32,45.32,45.32,45.32,45.32,0
2022-03-03-18-05-00 GMT-0500,45.32,45.34,45.32,45.34,45.34,0
2022-03-03-18-15-00 GMT-0500,45.32,45.33,45.3,45.3,45.3,0
2022-03-03-18-16-00 GMT-0500,45.3,45.3,45.28,45.28,45.28,0
2022-03-03-18-21-00 GMT-0500,45.29,45.3,45.23,45.24,45.24,0
2022-03-03-18-28-00 GMT-0500,45.24,45.34,45.24,45.34,45.34,0
2022-03-03-18-33-00 GMT-0500,45.34,45.35,45.24,45.35,45.35,0
2022-03-03-18-37-00 GMT-0500,45.4,45.4,45.4,45.4,45.4,0
2022-03-03-18-39-00 GMT-0500,45.45,45.45,45.45,45.45,45.45,0
2022-03-03-18-42-00 GMT-0500,45.4,45.4,45.36,45.4,45.4,0
2022-03-03-18-51-00 GMT-0500,45.4,45.4,45.38,45.38,45.38,0
2022-03-03-18-53-00 GMT-0500,45.38,45.38,45.38,45.38,45.38,0
2022-03-03-18-55-00 GMT-0500,45.39,45.39,45.34,45.38,45.38,0
2022-03-03-19-03-00 GMT-0500,45.37,45.37,45.37,45.37,45.37,0
2022-03-03-19-04-00 GMT-0500,45.37,45.37,45.24,45.24,45.24,0
2022-03-03-19-06-00 GMT-0500,45.3,45.33,45.3,45.33,45.33,0
2022-03-03-19-08-00 GMT-0500,45.29,45.29,45.19,45.19,45.19,0
2022-03-03-19-13-00 GMT-0500,45.15,45.19,45.1,45.1,45.1,0
2022-03-03-19-14-00 GMT-0500,45.1,45.1,45.1,45.1,45.1,0
2022-03-03-19-18-00 GMT-0500,45.08,45.09,45.07,45.07,45.07,0
2022-03-03-19-20-00 GMT-0500,45.15,45.15,45.0,45.03,45.03,0
2022-03-03-19-22-00 GMT-0500,45.07,45.07,45.05,45.05,45.05,0
2022-03-03-19-23-00 GMT-0500,45.02,45.02,45.0,45.0,45.0,0
2022-03-03-19-25-00 GMT-0500,45.0,45.0,45.0,45.0,45.0,0
2022-03-03-19-29-00 GMT-0500,45.0,45.0,44.73,44.73,44.73,0
2022-03-03-19-30-00 GMT-0500,44.73,44.73,44.73,44.73,44.73,0
2022-03-03-19-31-00 GMT-0500,44.73,44.79,44.73,44.79,44.79,0
2022-03-03-19-32-00 GMT-0500,44.74,44.74,44.7,44.73,44.73,0
2022-03-03-19-33-00 GMT-0500,44.7,44.84,44.7,44.84,44.84,0
2022-03-03-19-35-00 GMT-0500,44.7,44.72,44.7,44.72,44.72,0
2022-03-03-19-36-00 GMT-0500,44.67,44.69,44.65,44.69,44.69,0
2022-03-03-19-37-00 GMT-0500,44.69,44.69,44.65,44.65,44.65,0
2022-03-03-19-38-00 GMT-0500,44.69,44.69,44.69,44.69,44.69,0
2022-03-03-19-39-00 GMT-0500,44.65,44.65,44.65,44.65,44.65,0
2022-03-03-19-40-00 GMT-0500,44.69,44.69,44.6,44.6,44.6,0
2022-03-03-19-41-00 GMT-0500,44.72,44.72,44.72,44.72,44.72,0
2022-03-03-19-42-00 GMT-0500,44.62,44.62,44.62,44.62,44.62,0
2022-03-03-19-45-00 GMT-0500,44.6,44.7,44.6,44.6,44.6,0
2022-03-03-19-46-00 GMT-0500,44.6,44.6,44.5,44.51,44.51,0
2022-03-03-19-48-00 GMT-0500,44.57,44.57,44.55,44.55,44.55,0
2022-03-03-19-49-00 GMT-0500,44.55,44.55,44.5,44.55,44.55,0
2022-03-03-19-50-00 GMT-0500,44.55,44.55,44.55,44.55,44.55,0
2022-03-03-19-51-00 GMT-0500,44.55,44.6,44.55,44.6,44.6,0
2022-03-03-19-53-00 GMT-0500,44.55,44.55,44.53,44.53,44.53,0
2022-03-03-19-54-00 GMT-0500,44.53,44.58,44.5,44.5,44.5,0
2022-03-03-19-56-00 GMT-0500,44.5,44.55,44.44,44.44,44.44,0
2022-03-03-19-59-00 GMT-0500,44.5,44.5,44.44,44.44,44.44,0
