Datetime,Open,High,Low,Close,Adj Close,Volume
2023-02-14-04-26-00 GMT-0500,493.12,493.12,493.12,493.12,493.12,0
2023-02-14-04-32-00 GMT-0500,493.12,493.12,492.96,492.96,492.96,0
2023-02-14-04-36-00 GMT-0500,492.99,492.99,492.99,492.99,492.99,0
2023-02-14-04-43-00 GMT-0500,492.0,492.0,492.0,492.0,492.0,0
2023-02-14-05-12-00 GMT-0500,492.96,492.96,492.96,492.96,492.96,0
2023-02-14-05-21-00 GMT-0500,490.59,490.59,490.32,490.32,490.32,0
2023-02-14-05-22-00 GMT-0500,492.5,492.5,492.5,492.5,492.5,0
2023-02-14-05-50-00 GMT-0500,492.5,492.5,490.59,490.59,490.59,0
2023-02-14-06-22-00 GMT-0500,492.45,492.45,492.45,492.45,492.45,0
2023-02-14-06-40-00 GMT-0500,491.5,491.5,491.5,491.5,491.5,0
2023-02-14-06-42-00 GMT-0500,491.0,491.0,491.0,491.0,491.0,0
2023-02-14-06-45-00 GMT-0500,490.71,490.71,490.71,490.71,490.71,0
2023-02-14-06-58-00 GMT-0500,490.91,490.91,490.91,490.91,490.91,0
2023-02-14-07-00-00 GMT-0500,492.5,492.5,490.99,491.77,491.77,0
2023-02-14-07-05-00 GMT-0500,492.95,493.0,492.5,492.5,492.5,0
2023-02-14-07-07-00 GMT-0500,492.5,492.5,492.0,492.0,492.0,0
2023-02-14-07-17-00 GMT-0500,492.98,493.0,492.98,493.0,493.0,0
2023-02-14-07-27-00 GMT-0500,492.5,492.5,491.85,491.85,491.85,0
2023-02-14-07-33-00 GMT-0500,492.95,493.0,492.95,492.95,492.95,0
2023-02-14-07-35-00 GMT-0500,493.01,493.01,493.0,493.0,493.0,0
2023-02-14-07-43-00 GMT-0500,494.78,494.78,494.78,494.78,494.78,0
2023-02-14-07-44-00 GMT-0500,493.01,493.01,493.01,493.01,493.01,0
2023-02-14-07-45-00 GMT-0500,493.05,493.05,493.01,493.01,493.01,0
2023-02-14-07-49-00 GMT-0500,493.03,493.03,493.03,493.03,493.03,0
2023-02-14-07-55-00 GMT-0500,493.05,493.1,493.05,493.1,493.1,0
2023-02-14-07-57-00 GMT-0500,493.05,493.05,493.05,493.05,493.05,0
2023-02-14-08-00-00 GMT-0500,490.9547,496.588,489.03,496.588,496.588,0
2023-02-14-08-01-00 GMT-0500,493.68,493.68,493.01,493.01,493.01,0
2023-02-14-08-04-00 GMT-0500,494.01,494.01,494.01,494.01,494.01,0
2023-02-14-08-08-00 GMT-0500,493.0174,493.5,493.0174,493.5,493.5,0
2023-02-14-08-09-00 GMT-0500,493.06,493.6,493.06,493.6,493.6,0
2023-02-14-08-13-00 GMT-0500,493.01,494.7985,493.01,493.01,493.01,0
2023-02-14-08-14-00 GMT-0500,493.0141,493.0141,493.0141,493.0141,493.0141,0
2023-02-14-08-18-00 GMT-0500,494.8,494.8,494.8,494.8,494.8,0
2023-02-14-08-29-00 GMT-0500,494.6,494.6,493.26,493.26,493.26,0
2023-02-14-08-30-00 GMT-0500,493.25,493.44,493.25,493.44,493.44,0
2023-02-14-08-31-00 GMT-0500,493.44,493.44,493.44,493.44,493.44,0
2023-02-14-08-32-00 GMT-0500,494.0,499.0,493.49,499.0,499.0,0
2023-02-14-08-33-00 GMT-0500,498.5,498.5,498.5,498.5,498.5,0
2023-02-14-08-35-00 GMT-0500,493.01,497.8785,493.01,497.8785,497.8785,0
2023-02-14-08-36-00 GMT-0500,495.03,495.03,495.0,495.0,495.0,0
2023-02-14-08-37-00 GMT-0500,494.99,494.99,494.99,494.99,494.99,0
2023-02-14-08-38-00 GMT-0500,494.0,494.0,493.98,493.98,493.98,0
2023-02-14-08-39-00 GMT-0500,497.0685,497.0685,497.0685,497.0685,497.0685,0
2023-02-14-08-40-00 GMT-0500,497.0,497.0,497.0,497.0,497.0,0
2023-02-14-08-41-00 GMT-0500,493.98,493.98,493.98,493.98,493.98,0
2023-02-14-08-42-00 GMT-0500,496.91,496.91,496.85,496.91,496.91,0
2023-02-14-08-43-00 GMT-0500,495.07,495.07,495.07,495.07,495.07,0
2023-02-14-08-45-00 GMT-0500,494.02,494.02,494.02,494.02,494.02,0
2023-02-14-08-46-00 GMT-0500,494.7,494.7,494.7,494.7,494.7,0
2023-02-14-08-57-00 GMT-0500,494.0015,494.0015,494.0015,494.0015,494.0015,0
2023-02-14-08-58-00 GMT-0500,494.69,494.69,494.14,494.14,494.14,0
2023-02-14-08-59-00 GMT-0500,494.13,494.13,494.13,494.13,494.13,0
2023-02-14-09-00-00 GMT-0500,494.17,494.19,494.0,494.0,494.0,0
2023-02-14-09-02-00 GMT-0500,494.37,494.37,494.37,494.37,494.37,0
2023-02-14-09-03-00 GMT-0500,495.33,495.33,494.0,494.0,494.0,0
2023-02-14-09-06-00 GMT-0500,493.75,493.75,493.75,493.75,493.75,0
2023-02-14-09-08-00 GMT-0500,494.0,497.07,494.0,497.07,497.07,0
2023-02-14-09-12-00 GMT-0500,496.91,496.91,496.91,496.91,496.91,0
2023-02-14-09-30-00 GMT-0500,494.2900085449219,496.25,494.2900085449219,495.010009765625,495.010009765625,44671
2023-02-14-09-31-00 GMT-0500,495.2950134277344,495.8299865722656,495.0199890136719,495.44500732421875,495.44500732421875,16623
2023-02-14-09-32-00 GMT-0500,495.44500732421875,495.8399963378906,493.79998779296875,493.9652099609375,493.9652099609375,11218
2023-02-14-09-33-00 GMT-0500,494.3599853515625,494.79998779296875,493.9549865722656,494.79998779296875,494.79998779296875,4085
2023-02-14-09-34-00 GMT-0500,494.42999267578125,494.989990234375,493.9739074707031,494.20001220703125,494.20001220703125,4045
2023-02-14-09-35-00 GMT-0500,494.3399963378906,495.0,494.2799987792969,495.0,495.0,3036
2023-02-14-09-36-00 GMT-0500,495.1000061035156,495.4200134277344,494.9649963378906,495.29998779296875,495.29998779296875,2649
2023-02-14-09-37-00 GMT-0500,495.3299865722656,495.4100036621094,494.8800048828125,495.1000061035156,495.1000061035156,6764
2023-02-14-09-38-00 GMT-0500,494.5950012207031,494.5950012207031,494.4161071777344,494.4200134277344,494.4200134277344,964
2023-02-14-09-39-00 GMT-0500,494.3299865722656,494.5299987792969,494.2149963378906,494.30499267578125,494.30499267578125,2652
2023-02-14-09-40-00 GMT-0500,494.29998779296875,494.29998779296875,493.5,493.5,493.5,6712
2023-02-14-09-41-00 GMT-0500,493.45001220703125,494.1499938964844,493.3800048828125,494.1499938964844,494.1499938964844,2285
2023-02-14-09-42-00 GMT-0500,494.0899963378906,494.0899963378906,493.55999755859375,493.69000244140625,493.69000244140625,1182
2023-02-14-09-43-00 GMT-0500,493.3700866699219,493.3800048828125,493.3699951171875,493.3699951171875,493.3699951171875,1420
2023-02-14-09-44-00 GMT-0500,493.1700134277344,493.3599853515625,493.1700134277344,493.2799987792969,493.2799987792969,2183
2023-02-14-09-45-00 GMT-0500,493.7799987792969,493.8800048828125,493.2099914550781,493.8800048828125,493.8800048828125,6265
2023-02-14-09-46-00 GMT-0500,494.6182861328125,494.6600036621094,494.6182861328125,494.6600036621094,494.6600036621094,754
2023-02-14-09-47-00 GMT-0500,494.3599853515625,495.19219970703125,494.3599853515625,495.19219970703125,495.19219970703125,6850
2023-02-14-09-48-00 GMT-0500,495.19000244140625,495.19000244140625,494.9599914550781,495.0841064453125,495.0841064453125,3604
2023-02-14-09-49-00 GMT-0500,495.1499938964844,495.1499938964844,494.760009765625,494.989990234375,494.989990234375,4205
2023-02-14-09-50-00 GMT-0500,495.0400085449219,495.5899963378906,495.0400085449219,495.5899963378906,495.5899963378906,3708
2023-02-14-09-51-00 GMT-0500,495.5899963378906,495.6400146484375,495.2250061035156,495.3399963378906,495.3399963378906,4822
2023-02-14-09-52-00 GMT-0500,495.6300048828125,496.01031494140625,495.5775146484375,495.93499755859375,495.93499755859375,1766
2023-02-14-09-53-00 GMT-0500,495.93499755859375,496.79998779296875,495.93499755859375,496.510009765625,496.510009765625,3469
2023-02-14-09-54-00 GMT-0500,496.5143127441406,496.6199951171875,496.4100036621094,496.489990234375,496.489990234375,1845
2023-02-14-09-55-00 GMT-0500,496.510009765625,497.20001220703125,496.510009765625,496.989990234375,496.989990234375,13995
2023-02-14-09-56-00 GMT-0500,496.8399963378906,496.8399963378906,496.45001220703125,496.5299987792969,496.5299987792969,2064
2023-02-14-09-57-00 GMT-0500,496.4200134277344,496.7099914550781,496.4200134277344,496.5400085449219,496.5400085449219,3059
2023-02-14-09-58-00 GMT-0500,496.5400085449219,496.7699890136719,496.3800048828125,496.5299987792969,496.5299987792969,4511
2023-02-14-09-59-00 GMT-0500,496.6300048828125,496.7200012207031,496.30999755859375,496.30999755859375,496.30999755859375,4435
2023-02-14-10-00-00 GMT-0500,496.2799987792969,496.2799987792969,496.0400085449219,496.0400085449219,496.0400085449219,5310
2023-02-14-10-01-00 GMT-0500,495.8500061035156,496.3399963378906,495.7749938964844,496.3399963378906,496.3399963378906,3983
2023-02-14-10-02-00 GMT-0500,496.2850036621094,496.56219482421875,495.9801025390625,496.3500061035156,496.3500061035156,7797
2023-02-14-10-03-00 GMT-0500,496.42999267578125,496.67999267578125,496.3900146484375,496.6300048828125,496.6300048828125,3011
2023-02-14-10-04-00 GMT-0500,496.6499938964844,496.9100036621094,496.6499938964844,496.7699890136719,496.7699890136719,2054
2023-02-14-10-05-00 GMT-0500,496.9100036621094,496.9100036621094,496.57000732421875,496.760009765625,496.760009765625,5763
2023-02-14-10-06-00 GMT-0500,496.8999938964844,497.0,496.4006042480469,496.4006042480469,496.4006042480469,5649
2023-02-14-10-07-00 GMT-0500,496.4200134277344,496.7900085449219,496.29998779296875,496.7900085449219,496.7900085449219,4848
2023-02-14-10-08-00 GMT-0500,496.7900085449219,497.260009765625,496.7900085449219,497.25,497.25,4431
2023-02-14-10-09-00 GMT-0500,497.2300109863281,497.29998779296875,497.0299987792969,497.07000732421875,497.07000732421875,3368
2023-02-14-10-10-00 GMT-0500,497.0,497.2300109863281,496.7200012207031,497.2300109863281,497.2300109863281,6084
2023-02-14-10-11-00 GMT-0500,497.3299865722656,497.70001220703125,497.1339111328125,497.6000061035156,497.6000061035156,11905
2023-02-14-10-12-00 GMT-0500,497.6600036621094,497.8299865722656,497.3999938964844,497.3999938964844,497.3999938964844,5147
2023-02-14-10-13-00 GMT-0500,497.42999267578125,497.739990234375,497.02679443359375,497.4244079589844,497.4244079589844,7073
2023-02-14-10-14-00 GMT-0500,497.5199890136719,497.57501220703125,497.28009033203125,497.28009033203125,497.28009033203125,3408
2023-02-14-10-15-00 GMT-0500,497.45001220703125,497.45001220703125,497.4100036621094,497.4200134277344,497.4200134277344,1304
2023-02-14-10-16-00 GMT-0500,497.42498779296875,497.54998779296875,497.29998779296875,497.3599853515625,497.3599853515625,5772
2023-02-14-10-17-00 GMT-0500,497.489990234375,497.80560302734375,497.3904113769531,497.3904113769531,497.3904113769531,5788
2023-02-14-10-18-00 GMT-0500,497.3299865722656,497.57000732421875,497.32000732421875,497.45001220703125,497.45001220703125,4568
2023-02-14-10-19-00 GMT-0500,497.4100036621094,497.4755859375,497.0,497.0950012207031,497.0950012207031,6766
2023-02-14-10-20-00 GMT-0500,497.010009765625,497.20001220703125,497.0,497.19000244140625,497.19000244140625,3414
2023-02-14-10-21-00 GMT-0500,497.1400146484375,497.1650085449219,497.0899963378906,497.0899963378906,497.0899963378906,2422
2023-02-14-10-22-00 GMT-0500,497.20001220703125,497.7300109863281,497.19000244140625,497.6549987792969,497.6549987792969,3815
2023-02-14-10-23-00 GMT-0500,497.6549987792969,497.8599853515625,497.260009765625,497.8599853515625,497.8599853515625,7665
2023-02-14-10-24-00 GMT-0500,497.8599853515625,497.9534912109375,497.4200134277344,497.43499755859375,497.43499755859375,3742
2023-02-14-10-25-00 GMT-0500,497.56109619140625,497.56109619140625,496.8800048828125,497.1418151855469,497.1418151855469,4890
2023-02-14-10-26-00 GMT-0500,497.1700134277344,497.239990234375,497.0299987792969,497.0299987792969,497.0299987792969,2875
2023-02-14-10-27-00 GMT-0500,497.069091796875,497.17498779296875,496.9700012207031,497.17498779296875,497.17498779296875,4873
2023-02-14-10-28-00 GMT-0500,497.2099914550781,497.2099914550781,496.510009765625,496.6499938964844,496.6499938964844,7110
2023-02-14-10-29-00 GMT-0500,496.625,496.7135925292969,496.57000732421875,496.6099853515625,496.6099853515625,3279
2023-02-14-10-30-00 GMT-0500,496.614990234375,496.8699951171875,496.6099853515625,496.6099853515625,496.6099853515625,4563
2023-02-14-10-31-00 GMT-0500,496.73590087890625,496.73590087890625,496.42999267578125,496.4800109863281,496.4800109863281,1937
2023-02-14-10-32-00 GMT-0500,496.4700012207031,496.4800109863281,496.2049865722656,496.4800109863281,496.4800109863281,2337
2023-02-14-10-33-00 GMT-0500,496.5400085449219,496.7781982421875,496.5400085449219,496.614990234375,496.614990234375,4820
2023-02-14-10-34-00 GMT-0500,496.6099853515625,496.6528015136719,496.5899963378906,496.6199951171875,496.6199951171875,2787
2023-02-14-10-35-00 GMT-0500,496.4599914550781,496.4599914550781,495.848388671875,495.848388671875,495.848388671875,4588
2023-02-14-10-36-00 GMT-0500,495.864990234375,495.864990234375,495.4700012207031,495.80999755859375,495.80999755859375,2348
2023-02-14-10-37-00 GMT-0500,495.6700134277344,495.6700134277344,495.1000061035156,495.3550109863281,495.3550109863281,3948
2023-02-14-10-38-00 GMT-0500,495.4700012207031,495.67498779296875,495.30999755859375,495.30999755859375,495.30999755859375,18312
2023-02-14-10-39-00 GMT-0500,495.0799865722656,495.84539794921875,495.05999755859375,495.2699890136719,495.2699890136719,10940
2023-02-14-10-40-00 GMT-0500,495.3999938964844,495.4800109863281,494.8599853515625,495.4800109863281,495.4800109863281,6349
2023-02-14-10-41-00 GMT-0500,495.3500061035156,495.3500061035156,494.8900146484375,495.0,495.0,3418
2023-02-14-10-42-00 GMT-0500,494.9100036621094,494.9700012207031,494.8599853515625,494.92999267578125,494.92999267578125,1061
2023-02-14-10-43-00 GMT-0500,494.92999267578125,494.92999267578125,494.6000061035156,494.7200012207031,494.7200012207031,2163
2023-02-14-10-44-00 GMT-0500,494.7550048828125,495.0799865722656,494.7550048828125,494.9202880859375,494.9202880859375,2442
2023-02-14-10-45-00 GMT-0500,494.82000732421875,494.82000732421875,494.2300109863281,494.42999267578125,494.42999267578125,5846
2023-02-14-10-46-00 GMT-0500,494.04998779296875,494.2200012207031,493.79998779296875,494.1000061035156,494.1000061035156,7826
2023-02-14-10-47-00 GMT-0500,494.2099914550781,494.5899963378906,494.2099914550781,494.57000732421875,494.57000732421875,2537
2023-02-14-10-48-00 GMT-0500,494.6499938964844,494.6499938964844,494.6499938964844,494.6499938964844,494.6499938964844,862
2023-02-14-10-49-00 GMT-0500,494.989990234375,494.989990234375,494.6300048828125,494.6300048828125,494.6300048828125,2784
2023-02-14-10-50-00 GMT-0500,494.57000732421875,494.6199951171875,494.239990234375,494.4700012207031,494.4700012207031,2659
2023-02-14-10-51-00 GMT-0500,494.32000732421875,494.32000732421875,494.0299987792969,494.2349853515625,494.2349853515625,1085
2023-02-14-10-52-00 GMT-0500,494.010009765625,494.19000244140625,493.82000732421875,493.8999938964844,493.8999938964844,3073
2023-02-14-10-53-00 GMT-0500,493.79998779296875,493.79998779296875,493.4599914550781,493.5849914550781,493.5849914550781,1325
2023-02-14-10-54-00 GMT-0500,493.3399963378906,493.57000732421875,493.19000244140625,493.57000732421875,493.57000732421875,2774
2023-02-14-10-55-00 GMT-0500,493.625,493.625,493.2099914550781,493.3999938964844,493.3999938964844,3421
2023-02-14-10-56-00 GMT-0500,493.44000244140625,493.9704895019531,493.44000244140625,493.6300048828125,493.6300048828125,2749
2023-02-14-10-57-00 GMT-0500,493.6300048828125,493.79998779296875,493.6300048828125,493.79998779296875,493.79998779296875,1906
2023-02-14-10-58-00 GMT-0500,493.79998779296875,493.79998779296875,493.4100036621094,493.7748107910156,493.7748107910156,3237
2023-02-14-10-59-00 GMT-0500,493.5000915527344,493.57000732421875,493.260009765625,493.2799987792969,493.2799987792969,3391
2023-02-14-11-00-00 GMT-0500,493.44000244140625,493.82000732421875,493.1600036621094,493.82000732421875,493.82000732421875,2362
2023-02-14-11-02-00 GMT-0500,494.2850036621094,494.2850036621094,493.8599853515625,493.8599853515625,493.8599853515625,8802
2023-02-14-11-03-00 GMT-0500,493.7200012207031,493.7200012207031,493.5849914550781,493.5849914550781,493.5849914550781,1094
2023-02-14-11-04-00 GMT-0500,493.5799865722656,493.80999755859375,493.5799865722656,493.7950134277344,493.7950134277344,2667
2023-02-14-11-05-00 GMT-0500,493.7900085449219,493.7900085449219,493.7900085449219,493.7900085449219,493.7900085449219,371
2023-02-14-11-06-00 GMT-0500,493.864990234375,493.864990234375,493.3399963378906,493.3399963378906,493.3399963378906,3309
2023-02-14-11-07-00 GMT-0500,493.5400085449219,493.739990234375,493.42498779296875,493.5400085449219,493.5400085449219,8559
2023-02-14-11-08-00 GMT-0500,493.5400085449219,493.5400085449219,493.3399963378906,493.5,493.5,2468
2023-02-14-11-09-00 GMT-0500,493.3599853515625,493.5199890136719,493.1400146484375,493.1543884277344,493.1543884277344,5193
2023-02-14-11-10-00 GMT-0500,493.32501220703125,493.3349914550781,493.2695007324219,493.2695007324219,493.2695007324219,954
2023-02-14-11-11-00 GMT-0500,493.364990234375,493.4800109863281,493.260009765625,493.4800109863281,493.4800109863281,2251
2023-02-14-11-12-00 GMT-0500,493.6099853515625,493.6300048828125,493.31500244140625,493.3949890136719,493.3949890136719,3354
2023-02-14-11-13-00 GMT-0500,493.5325012207031,493.5325012207031,493.0050048828125,493.010009765625,493.010009765625,2789
2023-02-14-11-14-00 GMT-0500,493.010009765625,493.1600036621094,493.0,493.0,493.0,1650
2023-02-14-11-15-00 GMT-0500,492.8999938964844,493.05499267578125,492.8399963378906,493.05499267578125,493.05499267578125,1991
2023-02-14-11-16-00 GMT-0500,493.1700134277344,493.3299865722656,493.07000732421875,493.2850036621094,493.2850036621094,3987
2023-02-14-11-17-00 GMT-0500,493.3299865722656,493.3299865722656,493.1000061035156,493.1050109863281,493.1050109863281,1701
2023-02-14-11-18-00 GMT-0500,493.260009765625,493.4800109863281,493.239990234375,493.3699951171875,493.3699951171875,3872
2023-02-14-11-19-00 GMT-0500,493.489990234375,493.7650146484375,493.489990234375,493.6300048828125,493.6300048828125,3861
2023-02-14-11-20-00 GMT-0500,493.72119140625,493.72119140625,493.32000732421875,493.3550109863281,493.3550109863281,2244
2023-02-14-11-21-00 GMT-0500,493.4599914550781,493.4599914550781,493.20001220703125,493.4200134277344,493.4200134277344,2208
2023-02-14-11-22-00 GMT-0500,493.57000732421875,493.7055969238281,493.5199890136719,493.5350036621094,493.5350036621094,2226
2023-02-14-11-23-00 GMT-0500,493.7349853515625,493.7349853515625,493.7300109863281,493.7300109863281,493.7300109863281,949
2023-02-14-11-24-00 GMT-0500,493.6300048828125,493.6300048828125,493.3500061035156,493.4150085449219,493.4150085449219,3754
2023-02-14-11-25-00 GMT-0500,493.4800109863281,493.589111328125,493.0400085449219,493.2200012207031,493.2200012207031,5462
2023-02-14-11-26-00 GMT-0500,493.2250061035156,493.2250061035156,492.45001220703125,492.5555114746094,492.5555114746094,4643
2023-02-14-11-27-00 GMT-0500,492.3599853515625,492.4800109863281,492.0,492.4800109863281,492.4800109863281,7263
2023-02-14-11-28-00 GMT-0500,492.239990234375,492.2550048828125,491.69000244140625,491.7850036621094,491.7850036621094,3399
2023-02-14-11-29-00 GMT-0500,491.5899963378906,491.6099853515625,490.760009765625,490.760009765625,490.760009765625,8914
2023-02-14-11-30-00 GMT-0500,490.69000244140625,490.82989501953125,489.6499938964844,489.6499938964844,489.6499938964844,16458
2023-02-14-11-31-00 GMT-0500,489.80999755859375,489.8699951171875,489.3500061035156,489.44219970703125,489.44219970703125,10339
2023-02-14-11-32-00 GMT-0500,489.5,489.6300048828125,489.0899963378906,489.1700134277344,489.1700134277344,6284
2023-02-14-11-33-00 GMT-0500,489.3699951171875,489.7300109863281,489.32000732421875,489.5199890136719,489.5199890136719,5616
2023-02-14-11-34-00 GMT-0500,489.4949951171875,489.8500061035156,489.2900085449219,489.2900085449219,489.2900085449219,4869
2023-02-14-11-35-00 GMT-0500,489.4150085449219,490.4599914550781,489.4150085449219,490.3550109863281,490.3550109863281,4167
2023-02-14-11-36-00 GMT-0500,490.55999755859375,490.6199951171875,490.07000732421875,490.20001220703125,490.20001220703125,6381
2023-02-14-11-37-00 GMT-0500,490.3500061035156,490.4700012207031,490.2799987792969,490.3500061035156,490.3500061035156,4651
2023-02-14-11-38-00 GMT-0500,490.20001220703125,490.45001220703125,490.1300048828125,490.29998779296875,490.29998779296875,4586
2023-02-14-11-39-00 GMT-0500,490.2099914550781,490.5199890136719,490.0,490.0,490.0,3238
2023-02-14-11-40-00 GMT-0500,490.2049865722656,490.3999938964844,490.1300048828125,490.3599853515625,490.3599853515625,2438
2023-02-14-11-41-00 GMT-0500,490.6300048828125,490.8617858886719,490.5,490.5,490.5,3282
2023-02-14-11-42-00 GMT-0500,490.42999267578125,490.489990234375,489.8999938964844,490.1199951171875,490.1199951171875,4522
2023-02-14-11-43-00 GMT-0500,490.2200012207031,490.5299987792969,490.20001220703125,490.5299987792969,490.5299987792969,2989
2023-02-14-11-44-00 GMT-0500,490.5299987792969,490.989990234375,490.4700012207031,490.92999267578125,490.92999267578125,10131
2023-02-14-11-45-00 GMT-0500,490.9150085449219,491.3974914550781,490.9150085449219,491.3800048828125,491.3800048828125,8104
2023-02-14-11-46-00 GMT-0500,491.4100036621094,491.5199890136719,491.2900085449219,491.5199890136719,491.5199890136719,1791
2023-02-14-11-47-00 GMT-0500,491.6499938964844,491.6499938964844,491.3699951171875,491.6000061035156,491.6000061035156,3938
2023-02-14-11-48-00 GMT-0500,491.489990234375,491.7232971191406,491.489990234375,491.7232971191406,491.7232971191406,1473
2023-02-14-11-49-00 GMT-0500,492.0,492.0400085449219,492.0,492.010009765625,492.010009765625,2114
2023-02-14-11-50-00 GMT-0500,492.1600036621094,492.1600036621094,491.739990234375,491.81500244140625,491.81500244140625,5236
2023-02-14-11-51-00 GMT-0500,491.8399963378906,491.8500061035156,490.989990234375,491.0,491.0,6061
2023-02-14-11-52-00 GMT-0500,490.92999267578125,490.92999267578125,490.7799987792969,490.79998779296875,490.79998779296875,3094
2023-02-14-11-53-00 GMT-0500,490.8399963378906,490.8399963378906,490.3800048828125,490.79998779296875,490.79998779296875,1946
2023-02-14-11-54-00 GMT-0500,490.79998779296875,491.1700134277344,490.70001220703125,491.1700134277344,491.1700134277344,3943
2023-02-14-11-55-00 GMT-0500,491.010009765625,491.05999755859375,490.7699890136719,490.92999267578125,490.92999267578125,5515
2023-02-14-11-56-00 GMT-0500,491.2699890136719,491.3999938964844,490.9700012207031,490.9700012207031,490.9700012207031,3707
2023-02-14-11-57-00 GMT-0500,490.9700012207031,491.1199951171875,490.8299865722656,490.9100036621094,490.9100036621094,3741
2023-02-14-11-58-00 GMT-0500,491.1694030761719,491.2408142089844,491.010009765625,491.2408142089844,491.2408142089844,858
2023-02-14-11-59-00 GMT-0500,491.1581115722656,491.3599853515625,491.1199951171875,491.3599853515625,491.3599853515625,1716
2023-02-14-12-00-00 GMT-0500,491.4200134277344,491.6499938964844,491.3599853515625,491.6400146484375,491.6400146484375,2114
2023-02-14-12-01-00 GMT-0500,491.54998779296875,491.7300109863281,491.4200134277344,491.7300109863281,491.7300109863281,3845
2023-02-14-12-02-00 GMT-0500,491.7300109863281,491.79998779296875,491.30999755859375,491.30999755859375,491.30999755859375,2826
2023-02-14-12-03-00 GMT-0500,491.4921875,491.5,491.42999267578125,491.5,491.5,1072
2023-02-14-12-04-00 GMT-0500,491.4200134277344,491.4549865722656,491.3599853515625,491.4549865722656,491.4549865722656,1147
2023-02-14-12-05-00 GMT-0500,491.5400085449219,491.595703125,491.3299865722656,491.5299987792969,491.5299987792969,2249
2023-02-14-12-06-00 GMT-0500,491.6400146484375,491.6700134277344,491.5899963378906,491.6099853515625,491.6099853515625,1697
2023-02-14-12-07-00 GMT-0500,491.5506896972656,491.639892578125,491.2099914550781,491.239990234375,491.239990234375,5113
2023-02-14-12-08-00 GMT-0500,491.239990234375,491.3949890136719,491.2300109863281,491.3949890136719,491.3949890136719,2118
2023-02-14-12-09-00 GMT-0500,491.5199890136719,491.7349853515625,491.4383850097656,491.5,491.5,2654
2023-02-14-12-10-00 GMT-0500,492.0,492.239990234375,491.9700012207031,492.1300048828125,492.1300048828125,2091
2023-02-14-12-11-00 GMT-0500,492.2699890136719,492.2900085449219,492.010009765625,492.010009765625,492.010009765625,5313
2023-02-14-12-12-00 GMT-0500,492.0249938964844,492.1600036621094,492.0249938964844,492.1600036621094,492.1600036621094,708
2023-02-14-12-13-00 GMT-0500,492.2200012207031,492.2449951171875,492.19000244140625,492.239990234375,492.239990234375,1152
2023-02-14-12-14-00 GMT-0500,492.2200012207031,492.32501220703125,492.2200012207031,492.32501220703125,492.32501220703125,1300
2023-02-14-12-15-00 GMT-0500,492.4700012207031,492.4700012207031,492.3399963378906,492.3399963378906,492.3399963378906,1068
2023-02-14-12-16-00 GMT-0500,492.30499267578125,492.3800048828125,492.1199951171875,492.2200012207031,492.2200012207031,2647
2023-02-14-12-17-00 GMT-0500,492.2200012207031,492.2200012207031,492.1099853515625,492.1400146484375,492.1400146484375,2495
2023-02-14-12-18-00 GMT-0500,492.1625061035156,492.3699951171875,492.1625061035156,492.239990234375,492.239990234375,2309
2023-02-14-12-19-00 GMT-0500,492.3999938964844,492.3999938964844,492.2250061035156,492.3349914550781,492.3349914550781,1480
2023-02-14-12-20-00 GMT-0500,492.3399963378906,492.5899963378906,492.3399963378906,492.5899963378906,492.5899963378906,3689
2023-02-14-12-21-00 GMT-0500,492.760009765625,492.760009765625,492.3349914550781,492.3349914550781,492.3349914550781,2595
2023-02-14-12-22-00 GMT-0500,492.2699890136719,492.3999938964844,492.2550048828125,492.2550048828125,492.2550048828125,1286
2023-02-14-12-23-00 GMT-0500,492.40728759765625,492.40728759765625,492.372314453125,492.372314453125,492.372314453125,673
2023-02-14-12-24-00 GMT-0500,492.27398681640625,492.27398681640625,491.94000244140625,492.06500244140625,492.06500244140625,3583
2023-02-14-12-25-00 GMT-0500,491.9599914550781,492.3999938964844,491.9599914550781,492.3999938964844,492.3999938964844,3370
2023-02-14-12-26-00 GMT-0500,492.54998779296875,492.54998779296875,492.54998779296875,492.54998779296875,492.54998779296875,274
2023-02-14-12-27-00 GMT-0500,492.6499938964844,492.8030090332031,492.6499938964844,492.8030090332031,492.8030090332031,1059
2023-02-14-12-28-00 GMT-0500,492.5400085449219,492.5799865722656,492.32000732421875,492.32000732421875,492.32000732421875,1960
2023-02-14-12-29-00 GMT-0500,492.54998779296875,492.54998779296875,492.2900085449219,492.3818054199219,492.3818054199219,1687
2023-02-14-12-30-00 GMT-0500,492.2300109863281,492.44000244140625,492.2300109863281,492.44000244140625,492.44000244140625,2038
2023-02-14-12-31-00 GMT-0500,492.5150146484375,492.625,492.5150146484375,492.6199951171875,492.6199951171875,2296
2023-02-14-12-32-00 GMT-0500,492.6199951171875,492.8299865722656,492.6199951171875,492.6600036621094,492.6600036621094,1629
2023-02-14-12-33-00 GMT-0500,492.6600036621094,493.0,492.6600036621094,493.0,493.0,2627
2023-02-14-12-34-00 GMT-0500,492.95001220703125,492.98388671875,492.69500732421875,492.69500732421875,492.69500732421875,2002
2023-02-14-12-37-00 GMT-0500,492.82000732421875,492.8500061035156,492.7099914550781,492.7099914550781,492.7099914550781,1388
2023-02-14-12-38-00 GMT-0500,492.7099914550781,492.7250061035156,492.4599914550781,492.4599914550781,492.4599914550781,2094
2023-02-14-12-39-00 GMT-0500,492.3500061035156,492.3500061035156,492.3500061035156,492.3500061035156,492.3500061035156,881
2023-02-14-12-40-00 GMT-0500,492.4800109863281,492.6050109863281,492.4599914550781,492.6050109863281,492.6050109863281,1561
2023-02-14-12-41-00 GMT-0500,492.5799865722656,492.6050109863281,492.4700012207031,492.4700012207031,492.4700012207031,1116
2023-02-14-12-42-00 GMT-0500,492.5199890136719,492.7799987792969,492.4599914550781,492.7799987792969,492.7799987792969,3867
2023-02-14-12-43-00 GMT-0500,492.75,492.75,492.5849914550781,492.5849914550781,492.5849914550781,1241
2023-02-14-12-44-00 GMT-0500,492.57000732421875,492.57000732421875,492.44500732421875,492.44500732421875,492.44500732421875,2032
2023-02-14-12-45-00 GMT-0500,492.44000244140625,492.5050048828125,492.44000244140625,492.5050048828125,492.5050048828125,376
2023-02-14-12-46-00 GMT-0500,492.510009765625,492.70001220703125,492.510009765625,492.70001220703125,492.70001220703125,3206
2023-02-14-12-47-00 GMT-0500,492.7699890136719,492.94000244140625,492.7200012207031,492.80999755859375,492.80999755859375,2153
2023-02-14-12-48-00 GMT-0500,492.82000732421875,493.07000732421875,492.41729736328125,492.8999938964844,492.8999938964844,4998
2023-02-14-12-49-00 GMT-0500,492.80999755859375,492.8559875488281,492.6700134277344,492.79620361328125,492.79620361328125,1745
2023-02-14-12-50-00 GMT-0500,492.55999755859375,492.55999755859375,492.3299865722656,492.5098876953125,492.5098876953125,1521
2023-02-14-12-51-00 GMT-0500,492.2950134277344,492.2950134277344,492.20001220703125,492.20001220703125,492.20001220703125,522
2023-02-14-12-52-00 GMT-0500,492.3399963378906,492.5199890136719,492.3399963378906,492.5199890136719,492.5199890136719,1658
2023-02-14-12-53-00 GMT-0500,492.32000732421875,492.32000732421875,492.1099853515625,492.1099853515625,492.1099853515625,1112
2023-02-14-12-54-00 GMT-0500,492.2650146484375,492.2650146484375,492.135009765625,492.1499938964844,492.1499938964844,1087
2023-02-14-12-55-00 GMT-0500,492.2604064941406,492.2699890136719,492.1549987792969,492.1549987792969,492.1549987792969,1492
2023-02-14-12-56-00 GMT-0500,492.1499938964844,492.44000244140625,491.8399963378906,492.4100036621094,492.4100036621094,4247
2023-02-14-12-58-00 GMT-0500,492.4800109863281,492.4800109863281,492.1499938964844,492.1499938964844,492.1499938964844,2038
2023-02-14-12-59-00 GMT-0500,492.2550048828125,492.2550048828125,492.05999755859375,492.1099853515625,492.1099853515625,1631
2023-02-14-13-00-00 GMT-0500,492.1099853515625,492.67999267578125,492.1099853515625,492.67999267578125,492.67999267578125,3117
2023-02-14-13-01-00 GMT-0500,492.70001220703125,493.1400146484375,492.4100036621094,493.1400146484375,493.1400146484375,4555
2023-02-14-13-02-00 GMT-0500,493.25,493.70001220703125,493.04998779296875,493.5299987792969,493.5299987792969,7638
2023-02-14-13-03-00 GMT-0500,493.4800109863281,493.4849853515625,493.17999267578125,493.3500061035156,493.3500061035156,2257
2023-02-14-13-04-00 GMT-0500,493.239990234375,493.510009765625,493.239990234375,493.364990234375,493.364990234375,2151
2023-02-14-13-05-00 GMT-0500,493.3949890136719,493.3949890136719,493.0,493.0299987792969,493.0299987792969,2192
2023-02-14-13-06-00 GMT-0500,493.05999755859375,493.114990234375,492.9800109863281,493.0,493.0,2111
2023-02-14-13-07-00 GMT-0500,493.1000061035156,493.2300109863281,492.8299865722656,492.8299865722656,492.8299865722656,5076
2023-02-14-13-08-00 GMT-0500,492.8999938964844,492.989990234375,492.7550048828125,492.7900085449219,492.7900085449219,1233
2023-02-14-13-09-00 GMT-0500,492.8599853515625,492.8800048828125,492.7550048828125,492.7799987792969,492.7799987792969,1790
2023-02-14-13-10-00 GMT-0500,492.75,492.8599853515625,492.6400146484375,492.7900085449219,492.7900085449219,1422
2023-02-14-13-11-00 GMT-0500,492.7900085449219,492.94000244140625,492.6814880371094,492.94000244140625,492.94000244140625,2820
2023-02-14-13-12-00 GMT-0500,492.9649963378906,492.9649963378906,492.7799987792969,492.7799987792969,492.7799987792969,1400
2023-02-14-13-13-00 GMT-0500,492.8800048828125,493.1650085449219,492.7726135253906,493.1650085449219,493.1650085449219,3662
2023-02-14-13-14-00 GMT-0500,493.1600036621094,493.5,493.07501220703125,493.4599914550781,493.4599914550781,4401
2023-02-14-13-15-00 GMT-0500,493.489990234375,493.489990234375,493.3999938964844,493.3999938964844,493.3999938964844,618
2023-02-14-13-16-00 GMT-0500,493.260009765625,493.32000732421875,493.04998779296875,493.1700134277344,493.1700134277344,8598
2023-02-14-13-17-00 GMT-0500,493.1700134277344,493.8399963378906,493.1000061035156,493.5799865722656,493.5799865722656,9974
2023-02-14-13-18-00 GMT-0500,493.8599853515625,494.02239990234375,493.8599853515625,494.02239990234375,494.02239990234375,1860
2023-02-14-13-19-00 GMT-0500,493.55999755859375,493.55999755859375,493.55999755859375,493.55999755859375,493.55999755859375,647
2023-02-14-13-20-00 GMT-0500,493.65899658203125,493.9200134277344,493.65899658203125,493.68499755859375,493.68499755859375,1186
2023-02-14-13-21-00 GMT-0500,493.68499755859375,493.7699890136719,493.3800048828125,493.3800048828125,493.3800048828125,2526
2023-02-14-13-22-00 GMT-0500,493.3399963378906,493.4150085449219,493.3299865722656,493.4150085449219,493.4150085449219,649
2023-02-14-13-23-00 GMT-0500,493.4100036621094,493.4100036621094,493.3399963378906,493.3699951171875,493.3699951171875,634
2023-02-14-13-24-00 GMT-0500,493.3699951171875,493.3699951171875,493.07000732421875,493.1499938964844,493.1499938964844,2804
2023-02-14-13-25-00 GMT-0500,493.1000061035156,493.1099853515625,492.9200134277344,493.1099853515625,493.1099853515625,3281
2023-02-14-13-26-00 GMT-0500,492.92999267578125,493.4100036621094,492.92999267578125,493.23199462890625,493.23199462890625,4250
2023-02-14-13-27-00 GMT-0500,493.1600036621094,493.3999938964844,493.0,493.3999938964844,493.3999938964844,4350
2023-02-14-13-28-00 GMT-0500,493.4599914550781,493.55999755859375,493.4200134277344,493.55999755859375,493.55999755859375,2086
2023-02-14-13-29-00 GMT-0500,493.42999267578125,493.4700012207031,493.3760070800781,493.4700012207031,493.4700012207031,3070
2023-02-14-13-30-00 GMT-0500,493.55999755859375,493.5799865722656,493.4750061035156,493.5799865722656,493.5799865722656,571
2023-02-14-13-31-00 GMT-0500,493.4800109863281,493.6199951171875,493.3800048828125,493.6199951171875,493.6199951171875,2168
2023-02-14-13-32-00 GMT-0500,493.6549987792969,493.760009765625,493.4700012207031,493.5150146484375,493.5150146484375,4154
2023-02-14-13-33-00 GMT-0500,493.364990234375,493.5849914550781,493.364990234375,493.5849914550781,493.5849914550781,1433
2023-02-14-13-34-00 GMT-0500,493.5799865722656,493.6449890136719,493.5199890136719,493.5249938964844,493.5249938964844,2150
2023-02-14-13-35-00 GMT-0500,493.70770263671875,493.70770263671875,493.489990234375,493.5799865722656,493.5799865722656,1905
2023-02-14-13-36-00 GMT-0500,493.3800048828125,493.3949890136719,493.3800048828125,493.3949890136719,493.3949890136719,804
2023-02-14-13-37-00 GMT-0500,493.25,493.25,492.8291931152344,492.8291931152344,492.8291931152344,1864
2023-02-14-13-38-00 GMT-0500,492.989990234375,493.1199951171875,492.864990234375,492.864990234375,492.864990234375,2021
2023-02-14-13-39-00 GMT-0500,492.92999267578125,493.1321105957031,492.8500061035156,492.8500061035156,492.8500061035156,2465
2023-02-14-13-41-00 GMT-0500,492.9200134277344,492.9200134277344,492.6000061035156,492.70001220703125,492.70001220703125,3407
2023-02-14-13-42-00 GMT-0500,492.9100036621094,493.010009765625,492.9100036621094,492.9800109863281,492.9800109863281,476
2023-02-14-13-43-00 GMT-0500,492.8399963378906,492.8599853515625,492.8399963378906,492.8399963378906,492.8399963378906,887
2023-02-14-13-44-00 GMT-0500,492.75,492.75,492.4200134277344,492.4200134277344,492.4200134277344,2840
2023-02-14-13-45-00 GMT-0500,492.489990234375,492.7300109863281,492.489990234375,492.7300109863281,492.7300109863281,2170
2023-02-14-13-46-00 GMT-0500,492.9599914550781,493.0199890136719,492.8800048828125,492.92498779296875,492.92498779296875,1870
2023-02-14-13-47-00 GMT-0500,492.8349914550781,493.0299987792969,492.8299865722656,492.94500732421875,492.94500732421875,1479
2023-02-14-13-48-00 GMT-0500,493.1099853515625,493.1099853515625,492.8399963378906,492.8399963378906,492.8399963378906,1491
2023-02-14-13-49-00 GMT-0500,492.9325866699219,492.9325866699219,492.7200012207031,492.7200012207031,492.7200012207031,2032
2023-02-14-13-50-00 GMT-0500,492.79998779296875,492.9700012207031,492.79998779296875,492.9649963378906,492.9649963378906,3016
2023-02-14-13-51-00 GMT-0500,493.0400085449219,493.44000244140625,492.9200134277344,493.3999938964844,493.3999938964844,20180
2023-02-14-13-52-00 GMT-0500,493.3699951171875,493.57000732421875,493.3399963378906,493.4200134277344,493.4200134277344,3740
2023-02-14-13-54-00 GMT-0500,493.42999267578125,493.4800109863281,493.32000732421875,493.4353942871094,493.4353942871094,4895
2023-02-14-13-55-00 GMT-0500,493.4700012207031,493.6239929199219,493.4283142089844,493.6239929199219,493.6239929199219,1199
2023-02-14-13-56-00 GMT-0500,493.5799865722656,493.5799865722656,493.29998779296875,493.32501220703125,493.32501220703125,3559
2023-02-14-13-57-00 GMT-0500,493.42950439453125,493.4599914550781,493.19000244140625,493.19000244140625,493.19000244140625,5718
2023-02-14-13-58-00 GMT-0500,493.17999267578125,493.17999267578125,492.7900085449219,492.7900085449219,492.7900085449219,955
2023-02-14-13-59-00 GMT-0500,492.75,492.8699951171875,492.75,492.8450012207031,492.8450012207031,4362
2023-02-14-14-00-00 GMT-0500,492.94000244140625,492.94000244140625,492.6400146484375,492.6400146484375,492.6400146484375,2144
2023-02-14-14-01-00 GMT-0500,492.510009765625,493.05999755859375,492.510009765625,492.8432922363281,492.8432922363281,2106
2023-02-14-14-02-00 GMT-0500,492.98980712890625,493.2300109863281,492.9700012207031,493.2300109863281,493.2300109863281,1259
2023-02-14-14-03-00 GMT-0500,493.3699951171875,493.6686096191406,493.3599853515625,493.55999755859375,493.55999755859375,2860
2023-02-14-14-04-00 GMT-0500,493.5050048828125,493.5799865722656,493.1600036621094,493.260009765625,493.260009765625,3193
2023-02-14-14-05-00 GMT-0500,493.0299987792969,493.0950012207031,492.50250244140625,492.7699890136719,492.7699890136719,5202
2023-02-14-14-06-00 GMT-0500,492.57000732421875,492.614990234375,492.44000244140625,492.5050048828125,492.5050048828125,1665
2023-02-14-14-07-00 GMT-0500,492.4750061035156,492.75,492.2200012207031,492.510009765625,492.510009765625,17511
2023-02-14-14-08-00 GMT-0500,492.5899963378906,492.8197937011719,492.45001220703125,492.45001220703125,492.45001220703125,2682
2023-02-14-14-09-00 GMT-0500,492.60589599609375,492.6400146484375,492.57830810546875,492.6400146484375,492.6400146484375,1757
2023-02-14-14-10-00 GMT-0500,492.88299560546875,493.04998779296875,492.79998779296875,492.8999938964844,492.8999938964844,3674
2023-02-14-14-11-00 GMT-0500,492.8599853515625,492.9150085449219,492.8599853515625,492.885009765625,492.885009765625,588
2023-02-14-14-12-00 GMT-0500,493.0369873046875,493.2008056640625,493.0369873046875,493.2008056640625,493.2008056640625,2673
2023-02-14-14-13-00 GMT-0500,493.2008972167969,493.2008972167969,492.760009765625,492.760009765625,492.760009765625,2478
2023-02-14-14-14-00 GMT-0500,492.7912902832031,492.864990234375,492.7799987792969,492.7799987792969,492.7799987792969,1429
2023-02-14-14-15-00 GMT-0500,492.7850036621094,493.04998779296875,492.7850036621094,492.9497985839844,492.9497985839844,3372
2023-02-14-14-16-00 GMT-0500,493.05999755859375,493.05999755859375,493.0400085449219,493.05999755859375,493.05999755859375,756
2023-02-14-14-17-00 GMT-0500,493.010009765625,493.260009765625,493.010009765625,493.25,493.25,1368
2023-02-14-14-18-00 GMT-0500,493.18499755859375,493.2950134277344,493.17999267578125,493.17999267578125,493.17999267578125,5787
2023-02-14-14-19-00 GMT-0500,493.2449951171875,493.2449951171875,492.95001220703125,492.95001220703125,492.95001220703125,2375
2023-02-14-14-20-00 GMT-0500,492.9739990234375,493.07000732421875,492.9739990234375,493.0299987792969,493.0299987792969,1476
2023-02-14-14-21-00 GMT-0500,493.2149963378906,493.2149963378906,492.9800109863281,492.9849853515625,492.9849853515625,2644
2023-02-14-14-22-00 GMT-0500,492.94000244140625,492.94000244140625,492.9200134277344,492.9200134277344,492.9200134277344,1266
2023-02-14-14-23-00 GMT-0500,492.7300109863281,492.94000244140625,492.7300109863281,492.94000244140625,492.94000244140625,1048
2023-02-14-14-24-00 GMT-0500,492.92999267578125,492.95001220703125,492.8999938964844,492.8999938964844,492.8999938964844,1183
2023-02-14-14-25-00 GMT-0500,492.8900146484375,492.9150085449219,492.75,492.7699890136719,492.7699890136719,1540
2023-02-14-14-26-00 GMT-0500,492.8399963378906,492.8399963378906,492.510009765625,492.5799865722656,492.5799865722656,3400
2023-02-14-14-27-00 GMT-0500,492.6400146484375,492.70001220703125,492.3800048828125,492.4800109863281,492.4800109863281,3225
2023-02-14-14-28-00 GMT-0500,492.4049987792969,492.4549865722656,492.4049987792969,492.4549865722656,492.4549865722656,921
2023-02-14-14-29-00 GMT-0500,492.55999755859375,492.55999755859375,492.3500061035156,492.3500061035156,492.3500061035156,1686
2023-02-14-14-30-00 GMT-0500,492.54168701171875,492.54168701171875,492.3500061035156,492.4700012207031,492.4700012207031,2268
2023-02-14-14-31-00 GMT-0500,492.489990234375,492.8699951171875,492.489990234375,492.8699951171875,492.8699951171875,3053
2023-02-14-14-32-00 GMT-0500,493.0199890136719,493.0199890136719,492.9750061035156,492.9750061035156,492.9750061035156,2919
2023-02-14-14-33-00 GMT-0500,493.0799865722656,493.2254943847656,493.0400085449219,493.2254943847656,493.2254943847656,4204
2023-02-14-14-34-00 GMT-0500,493.17999267578125,493.3900146484375,493.17999267578125,493.3900146484375,493.3900146484375,2198
2023-02-14-14-35-00 GMT-0500,493.45001220703125,493.6400146484375,493.4049987792969,493.4302978515625,493.4302978515625,4890
2023-02-14-14-36-00 GMT-0500,493.57000732421875,493.75,493.5299987792969,493.7300109863281,493.7300109863281,3206
2023-02-14-14-37-00 GMT-0500,493.6499938964844,493.7099914550781,493.5799865722656,493.5799865722656,493.5799865722656,2823
2023-02-14-14-38-00 GMT-0500,493.6000061035156,493.6000061035156,493.4949951171875,493.4949951171875,493.4949951171875,966
2023-02-14-14-39-00 GMT-0500,493.3999938964844,493.4200134277344,493.3786926269531,493.3900146484375,493.3900146484375,4881
2023-02-14-14-40-00 GMT-0500,493.3800048828125,493.6000061035156,493.3800048828125,493.6000061035156,493.6000061035156,2958
2023-02-14-14-41-00 GMT-0500,493.7699890136719,493.7699890136719,493.54998779296875,493.6523132324219,493.6523132324219,3261
2023-02-14-14-42-00 GMT-0500,493.68499755859375,493.760009765625,493.6600036621094,493.6600036621094,493.6600036621094,3909
2023-02-14-14-43-00 GMT-0500,493.7550048828125,494.1000061035156,493.69000244140625,494.1000061035156,494.1000061035156,13321
2023-02-14-14-44-00 GMT-0500,493.9862060546875,494.1499938964844,493.9862060546875,494.1499938964844,494.1499938964844,2151
2023-02-14-14-45-00 GMT-0500,494.1700134277344,494.19000244140625,493.8046875,493.91241455078125,493.91241455078125,5383
2023-02-14-14-46-00 GMT-0500,493.92999267578125,493.92999267578125,493.8599853515625,493.8599853515625,493.8599853515625,1299
2023-02-14-14-47-00 GMT-0500,493.94000244140625,494.1000061035156,493.80999755859375,494.0899963378906,494.0899963378906,2117
2023-02-14-14-48-00 GMT-0500,494.07000732421875,494.07000732421875,493.9200134277344,493.94000244140625,493.94000244140625,2523
2023-02-14-14-49-00 GMT-0500,493.94000244140625,494.05999755859375,493.94000244140625,494.0199890136719,494.0199890136719,1278
2023-02-14-14-50-00 GMT-0500,493.95001220703125,494.0400085449219,493.92999267578125,494.0299987792969,494.0299987792969,2883
2023-02-14-14-51-00 GMT-0500,493.9800109863281,494.00421142578125,493.8800048828125,493.9200134277344,493.9200134277344,2541
2023-02-14-14-52-00 GMT-0500,493.79998779296875,493.92999267578125,493.7099914550781,493.92999267578125,493.92999267578125,3183
2023-02-14-14-53-00 GMT-0500,493.8999938964844,494.0299987792969,493.847412109375,493.847412109375,493.847412109375,2888
2023-02-14-14-54-00 GMT-0500,493.9549865722656,494.010009765625,493.9549865722656,493.9934997558594,493.9934997558594,462
2023-02-14-14-55-00 GMT-0500,494.0,494.0799865722656,493.92999267578125,493.92999267578125,493.92999267578125,3784
2023-02-14-14-56-00 GMT-0500,493.8599853515625,494.1499938964844,493.79998779296875,494.1099853515625,494.1099853515625,6291
2023-02-14-14-57-00 GMT-0500,494.1099853515625,494.1700134277344,494.0400085449219,494.0799865722656,494.0799865722656,2893
2023-02-14-14-58-00 GMT-0500,493.98919677734375,493.98919677734375,493.8399963378906,493.9100036621094,493.9100036621094,9717
2023-02-14-14-59-00 GMT-0500,493.8900146484375,493.8900146484375,493.7900085449219,493.8299865722656,493.8299865722656,2149
2023-02-14-15-00-00 GMT-0500,493.9100036621094,493.9100036621094,493.8599853515625,493.8699951171875,493.8699951171875,1862
2023-02-14-15-01-00 GMT-0500,493.9700012207031,494.0299987792969,493.79998779296875,493.79998779296875,493.79998779296875,3394
2023-02-14-15-02-00 GMT-0500,493.9179992675781,493.9179992675781,493.7099914550781,493.739990234375,493.739990234375,1778
2023-02-14-15-03-00 GMT-0500,493.67999267578125,493.75,493.44000244140625,493.44000244140625,493.44000244140625,2897
2023-02-14-15-04-00 GMT-0500,493.3699951171875,493.4800109863281,493.3699951171875,493.3999938964844,493.3999938964844,1712
2023-02-14-15-05-00 GMT-0500,493.3699951171875,493.3699951171875,493.19000244140625,493.19000244140625,493.19000244140625,2158
2023-02-14-15-06-00 GMT-0500,493.2200012207031,493.3500061035156,493.2200012207031,493.30999755859375,493.30999755859375,2313
2023-02-14-15-07-00 GMT-0500,493.32000732421875,493.42840576171875,493.32000732421875,493.42840576171875,493.42840576171875,3684
2023-02-14-15-08-00 GMT-0500,493.4200134277344,493.6400146484375,493.4200134277344,493.5899963378906,493.5899963378906,3999
2023-02-14-15-09-00 GMT-0500,493.5799865722656,493.6199951171875,493.45001220703125,493.510009765625,493.510009765625,2522
2023-02-14-15-10-00 GMT-0500,493.5050048828125,493.5050048828125,493.1400146484375,493.3299865722656,493.3299865722656,3641
2023-02-14-15-11-00 GMT-0500,493.44500732421875,493.4800109863281,493.4100036621094,493.41729736328125,493.41729736328125,2096
2023-02-14-15-12-00 GMT-0500,493.45001220703125,493.6199951171875,493.45001220703125,493.6199951171875,493.6199951171875,2584
2023-02-14-15-13-00 GMT-0500,493.70001220703125,493.8599853515625,493.70001220703125,493.80999755859375,493.80999755859375,3471
2023-02-14-15-14-00 GMT-0500,493.8500061035156,493.8800048828125,493.80999755859375,493.8550109863281,493.8550109863281,4711
2023-02-14-15-15-00 GMT-0500,493.95001220703125,494.0299987792969,493.79998779296875,493.8399963378906,493.8399963378906,4736
2023-02-14-15-16-00 GMT-0500,493.8699951171875,494.0,493.8699951171875,493.8999938964844,493.8999938964844,2056
2023-02-14-15-17-00 GMT-0500,493.75,493.82501220703125,493.5199890136719,493.5799865722656,493.5799865722656,4682
2023-02-14-15-18-00 GMT-0500,493.56500244140625,493.739990234375,493.56500244140625,493.739990234375,493.739990234375,2224
2023-02-14-15-19-00 GMT-0500,493.5799865722656,493.5799865722656,493.5400085449219,493.55718994140625,493.55718994140625,1934
2023-02-14-15-20-00 GMT-0500,493.57501220703125,493.82000732421875,493.4800109863281,493.510009765625,493.510009765625,3400
2023-02-14-15-21-00 GMT-0500,493.5899963378906,493.7300109863281,493.5899963378906,493.6400146484375,493.6400146484375,1372
2023-02-14-15-22-00 GMT-0500,493.69000244140625,493.9100036621094,493.69000244140625,493.9100036621094,493.9100036621094,3272
2023-02-14-15-23-00 GMT-0500,493.9100036621094,493.9100036621094,493.8999938964844,493.9100036621094,493.9100036621094,1108
2023-02-14-15-24-00 GMT-0500,493.8599853515625,494.0899963378906,493.79998779296875,494.0899963378906,494.0899963378906,5850
2023-02-14-15-25-00 GMT-0500,494.07000732421875,494.1300048828125,494.06500244140625,494.0899963378906,494.0899963378906,2581
2023-02-14-15-26-00 GMT-0500,494.0924987792969,494.29998779296875,494.0299987792969,494.29998779296875,494.29998779296875,8630
2023-02-14-15-27-00 GMT-0500,494.3599853515625,494.4440002441406,494.32000732421875,494.4283142089844,494.4283142089844,1971
2023-02-14-15-28-00 GMT-0500,494.42999267578125,494.42999267578125,494.2099914550781,494.2099914550781,494.2099914550781,3600
2023-02-14-15-29-00 GMT-0500,494.1099853515625,494.1099853515625,493.8299865722656,493.8299865722656,493.8299865722656,4588
2023-02-14-15-30-00 GMT-0500,493.7699890136719,493.82000732421875,493.44500732421875,493.44500732421875,493.44500732421875,7199
2023-02-14-15-31-00 GMT-0500,493.4150085449219,493.8800048828125,493.4150085449219,493.8800048828125,493.8800048828125,2612
2023-02-14-15-32-00 GMT-0500,493.7799987792969,493.8399963378906,493.3399963378906,493.3399963378906,493.3399963378906,2417
2023-02-14-15-33-00 GMT-0500,493.2200012207031,493.3999938964844,493.18499755859375,493.3999938964844,493.3999938964844,4300
2023-02-14-15-34-00 GMT-0500,493.3999938964844,494.0299987792969,493.3999938964844,493.989990234375,493.989990234375,18225
2023-02-14-15-35-00 GMT-0500,494.010009765625,494.29998779296875,493.92999267578125,494.07000732421875,494.07000732421875,10410
2023-02-14-15-36-00 GMT-0500,494.0,494.0,493.67999267578125,493.7300109863281,493.7300109863281,5418
2023-02-14-15-37-00 GMT-0500,493.55499267578125,494.03900146484375,493.55499267578125,493.9200134277344,493.9200134277344,10599
2023-02-14-15-38-00 GMT-0500,493.9200134277344,493.9200134277344,493.760009765625,493.885009765625,493.885009765625,2419
2023-02-14-15-39-00 GMT-0500,493.75,493.75,493.5899963378906,493.69000244140625,493.69000244140625,2872
2023-02-14-15-40-00 GMT-0500,493.5899963378906,493.7099914550781,493.5199890136719,493.5950012207031,493.5950012207031,3312
2023-02-14-15-41-00 GMT-0500,493.6025085449219,493.6499938964844,493.6000061035156,493.6300048828125,493.6300048828125,2486
2023-02-14-15-42-00 GMT-0500,493.5299987792969,493.6199951171875,493.3900146484375,493.5140075683594,493.5140075683594,5227
2023-02-14-15-43-00 GMT-0500,493.62548828125,493.7850036621094,493.510009765625,493.739990234375,493.739990234375,8078
2023-02-14-15-44-00 GMT-0500,493.793701171875,493.8500061035156,493.6600036621094,493.6600036621094,493.6600036621094,2778
2023-02-14-15-45-00 GMT-0500,493.75,493.79998779296875,493.5400085449219,493.635009765625,493.635009765625,3434
2023-02-14-15-46-00 GMT-0500,493.5899963378906,493.5899963378906,493.3999938964844,493.3999938964844,493.3999938964844,5368
2023-02-14-15-47-00 GMT-0500,493.489990234375,493.7250061035156,493.3599853515625,493.7149963378906,493.7149963378906,3682
2023-02-14-15-48-00 GMT-0500,493.6600036621094,493.8599853515625,493.6400146484375,493.80999755859375,493.80999755859375,3770
2023-02-14-15-49-00 GMT-0500,493.9100036621094,494.0780029296875,493.8949890136719,493.9200134277344,493.9200134277344,4263
2023-02-14-15-50-00 GMT-0500,493.82000732421875,493.8399963378906,493.2900085449219,493.4849853515625,493.4849853515625,9264
2023-02-14-15-51-00 GMT-0500,493.55999755859375,493.69989013671875,493.2799987792969,493.2799987792969,493.2799987792969,6779
2023-02-14-15-52-00 GMT-0500,493.32000732421875,493.57000732421875,493.20001220703125,493.4649963378906,493.4649963378906,8486
2023-02-14-15-53-00 GMT-0500,493.6000061035156,493.7900085449219,493.5799865722656,493.7900085449219,493.7900085449219,4382
2023-02-14-15-54-00 GMT-0500,493.739990234375,493.7767028808594,493.42999267578125,493.6700134277344,493.6700134277344,10116
2023-02-14-15-55-00 GMT-0500,493.9150085449219,493.9150085449219,493.3500061035156,493.4100036621094,493.4100036621094,18484
2023-02-14-15-56-00 GMT-0500,493.4150085449219,493.7900085449219,493.3299865722656,493.3299865722656,493.3299865722656,12946
2023-02-14-15-57-00 GMT-0500,493.3699951171875,493.4200134277344,492.8800048828125,492.8800048828125,492.8800048828125,12030
2023-02-14-15-58-00 GMT-0500,492.8900146484375,492.9200134277344,492.489990234375,492.5249938964844,492.5249938964844,14755
2023-02-14-15-59-00 GMT-0500,492.5249938964844,492.8900146484375,492.29998779296875,492.8800048828125,492.8800048828125,47429
2023-02-14-16-00-00 GMT-0500,492.82,492.88,492.82,492.83,492.83,394285
2023-02-14-16-01-00 GMT-0500,492.83,493.0,492.83,492.83,492.83,0
2023-02-14-16-02-00 GMT-0500,492.83,492.83,492.83,492.83,492.83,0
2023-02-14-16-05-00 GMT-0500,491.1638,491.1638,491.1638,491.1638,491.1638,0
2023-02-14-16-10-00 GMT-0500,492.83,492.83,491.2,491.2,491.2,0
2023-02-14-16-11-00 GMT-0500,492.83,492.88,492.83,492.88,492.88,0
2023-02-14-16-13-00 GMT-0500,492.75,492.88,492.75,492.88,492.88,0
2023-02-14-16-16-00 GMT-0500,492.75,492.75,492.75,492.75,492.75,0
2023-02-14-16-21-00 GMT-0500,492.735,492.735,492.0,492.0,492.0,0
2023-02-14-16-24-00 GMT-0500,491.99,492.0,490.0,490.0,490.0,0
2023-02-14-16-42-00 GMT-0500,490.45,492.0,490.45,492.0,492.0,0
2023-02-14-16-50-00 GMT-0500,492.72,492.72,492.72,492.72,492.72,0
2023-02-14-16-52-00 GMT-0500,491.99,492.67,491.99,492.67,492.67,0
2023-02-14-16-58-00 GMT-0500,492.7,492.7,492.7,492.7,492.7,0
2023-02-14-17-12-00 GMT-0500,492.02,492.02,492.02,492.02,492.02,0
2023-02-14-17-17-00 GMT-0500,492.67,492.67,492.67,492.67,492.67,0
2023-02-14-17-38-00 GMT-0500,492.7,492.7,492.01,492.01,492.01,0
2023-02-14-17-51-00 GMT-0500,492.68,492.68,492.68,492.68,492.68,0
2023-02-14-18-59-00 GMT-0500,492.6,492.6,492.6,492.6,492.6,0
2023-02-14-19-09-00 GMT-0500,492.64,492.64,492.64,492.64,492.64,0
2023-02-14-19-25-00 GMT-0500,492.65,492.65,492.65,492.65,492.65,0
2023-02-14-19-26-00 GMT-0500,492.4,492.4,492.4,492.4,492.4,0
2023-02-14-19-49-00 GMT-0500,492.44,492.44,492.44,492.44,492.44,0
2023-02-14-19-52-00 GMT-0500,492.69,492.69,492.69,492.69,492.69,0
2023-02-14-19-54-00 GMT-0500,492.61,492.61,492.44,492.44,492.44,0
2023-02-14-19-56-00 GMT-0500,492.4,492.43,492.35,492.43,492.43,0
2023-02-14-19-57-00 GMT-0500,492.3,492.3,492.3,492.3,492.3,0
