Date,Open,High,Low,Close,Volume,Dividends,Stock Splits
2021-03-11,0.3,0.3,0.3,0.3,7,0,0
2021-03-12,0.28,0.28,0.28,0.28,2,0,0
2021-03-16,0.54,0.54,0.54,0.54,6,0,0
2021-03-23,0.04,0.04,0.04,0.04,9,0,0
2021-03-26,0.05,0.05,0.05,0.05,34,0,0
2021-03-29,0.01,0.01,0.01,0.01,576,0,0
